1 4 
0.992548 3.98067 
0.985635 3.96112 
0.979107 3.94138 
0.972959 3.92148 
0.967673 3.90122 
0.961812 3.8813 
0.956909 3.86091 
0.952204 3.84061 
0.947848 3.82018 
0.943832 3.79972 
0.940147 3.77923 
0.936791 3.75873 
0.933756 3.73823 
0.931037 3.71774 
0.92863 3.69729 
0.926529 3.67689 
0.924729 3.65654 
0.923226 3.63627 
0.922014 3.61609 
0.921089 3.596 
0.920448 3.57603 
0.920086 3.55617 
0.919999 3.53645 
0.920183 3.51687 
0.920634 3.49745 
0.921349 3.47818 
0.922325 3.45909 
0.923557 3.44018 
0.925043 3.42145 
0.926779 3.40292 
0.928762 3.3846 
0.93099 3.36648 
0.933459 3.34859 
0.936166 3.33092 
0.939109 3.31348 
0.942284 3.29628 
0.945689 3.27933 
0.949321 3.26262 
0.953178 3.24617 
0.957256 3.22998 
0.961553 3.21406 
0.966067 3.1984 
0.970794 3.18303 
0.975732 3.16793 
0.980879 3.15311 
0.986231 3.13859 
0.991786 3.12435 
0.99754 3.11041 
1.00349 3.09677 
1.00964 3.08343 
1.01598 3.0704 
1.0225 3.05768 
1.02921 3.04527 
1.0361 3.03317 
1.04317 3.02139 
1.05042 3.00994 
1.05783 2.9988 
1.06542 2.98799 
1.07317 2.97751 
1.08108 2.96736 
1.08914 2.95754 
1.09736 2.94805 
1.10573 2.9389 
1.11424 2.93008 
1.12288 2.9216 
1.13167 2.91347 
1.14058 2.90568 
1.14961 2.89822 
1.15877 2.89112 
1.16804 2.88436 
1.17741 2.87794 
1.18689 2.87188 
1.19647 2.86616 
1.20613 2.86079 
1.21589 2.85577 
1.22571 2.8511 
1.23561 2.84679 
1.24558 2.84282 
1.2556 2.8392 
1.26567 2.83594 
1.27579 2.83303 
1.28594 2.83046 
1.29612 2.82825 
1.30632 2.82639 
1.31653 2.82488 
1.32675 2.82372 
1.33697 2.8229 
1.34717 2.82244 
1.35735 2.82231 
1.36751 2.82254 
1.37763 2.8231 
1.3877 2.82401 
1.39771 2.82526 
1.40767 2.82685 
1.41755 2.82877 
1.42735 2.83102 
1.43706 2.83361 
1.44668 2.83652 
1.45618 2.83976 
1.46557 2.84332 
1.47483 2.8472 
1.48396 2.8514 
1.49295 2.8559 
1.50179 2.86072 
1.51047 2.86583 
1.51897 2.87125 
1.52731 2.87696 
1.53545 2.88296 
1.54341 2.88924 
1.55117 2.8958 
1.55872 2.90264 
1.56605 2.90974 
1.57316 2.9171 
1.58005 2.92472 
1.5867 2.93258 
1.5931 2.94069 
1.59926 2.94903 
1.60517 2.95759 
1.61082 2.96638 
1.61621 2.97538 
1.62133 2.98458 
1.62618 2.99397 
1.63075 3.00356 
1.63504 3.01332 
1.63906 3.02325 
1.64278 3.03334 
1.64622 3.04358 
1.64937 3.05396 
1.65223 3.06447 
1.6548 3.07511 
1.65708 3.08586 
1.65906 3.09671 
1.66075 3.10765 
1.66215 3.11867 
1.66326 3.12976 
1.66408 3.14091 
1.66461 3.15211 
1.66486 3.16336 
1.66482 3.17462 
1.66451 3.18591 
1.66392 3.1972 
1.66305 3.20849 
1.66192 3.21976 
1.66052 3.23101 
1.65887 3.24222 
1.65696 3.25338 
1.6548 3.26449 
1.65239 3.27552 
1.64975 3.28648 
1.64688 3.29735 
1.64378 3.30812 
1.64046 3.31879 
1.63693 3.32933 
1.6332 3.33974 
1.62927 3.35002 
1.62514 3.36016 
1.62084 3.37013 
1.61636 3.37994 
1.61171 3.38959 
1.6069 3.39905 
1.60194 3.40832 
1.59684 3.4174 
1.5916 3.42627 
1.58623 3.43494 
1.58073 3.44338 
1.57513 3.45161 
1.56942 3.45961 
1.56362 3.46737 
1.55773 3.4749 
1.55175 3.48218 
1.5457 3.48922 
1.53959 3.496 
1.53342 3.50253 
1.52719 3.5088 
1.52093 3.5148 
1.51462 3.52054 
1.50829 3.52602 
1.50194 3.53122 
1.49557 3.53616 
1.48919 3.54082 
1.4828 3.54521 
1.47643 3.54932 
1.47006 3.55317 
1.46371 3.55673 
1.45737 3.56003 
1.45107 3.56305 
1.4448 3.5658 
1.43857 3.56829 
1.43238 3.5705 
1.42624 3.57244 
1.42015 3.57413 
1.41412 3.57555 
1.40815 3.57671 
1.40225 3.57761 
1.39641 3.57826 
1.39066 3.57867 
1.38497 3.57882 
1.37937 3.57873 
1.37386 3.57841 
1.36843 3.57785 
1.36309 3.57705 
1.35784 3.57604 
1.35269 3.5748 
1.34764 3.57335 
1.34269 3.57168 
1.33784 3.56981 
1.3331 3.56774 
1.32846 3.56547 
1.32394 3.56301 
1.31952 3.56036 
1.31522 3.55753 
1.31102 3.55453 
1.30695 3.55136 
1.30298 3.54803 
1.29914 3.54454 
1.29541 3.5409 
1.2918 3.53711 
1.28831 3.53318 
1.28494 3.52912 
1.28169 3.52493 
1.27856 3.52061 
1.27555 3.51618 
1.27266 3.51163 
1.2699 3.50698 
1.26725 3.50223 
1.26473 3.49738 
1.26232 3.49245 
1.26004 3.48743 
1.25788 3.48234 
1.25584 3.47717 
1.25392 3.47193 
1.25211 3.46664 
1.25043 3.46128 
1.24887 3.45588 
1.24742 3.45043 
1.24609 3.44494 
1.24487 3.43942 
1.24378 3.43386 
1.24279 3.42828 
1.24192 3.42268 
1.24116 3.41707 
1.24052 3.41144 
1.23998 3.40581 
1.23956 3.40017 
1.23924 3.39454 
1.23903 3.38892 
1.23893 3.3833 
1.23893 3.3777 
1.23903 3.37213 
1.23924 3.36657 
1.23954 3.36105 
1.23995 3.35555 
1.24045 3.35009 
1.24106 3.34467 
1.24175 3.3393 
1.24254 3.33397 
1.24342 3.32869 
1.24439 3.32346 
1.24545 3.31829 
1.2466 3.31318 
1.24783 3.30813 
1.24914 3.30315 
1.25054 3.29823 
1.25201 3.29339 
1.25357 3.28862 
1.2552 3.28393 
1.2569 3.27932 
1.25868 3.27479 
1.26053 3.27034 
1.26244 3.26598 
1.26442 3.26171 
1.26647 3.25753 
1.26858 3.25344 
1.27074 3.24944 
1.27297 3.24555 
1.27525 3.24175 
1.27759 3.23805 
1.27998 3.23445 
1.28242 3.23095 
1.2849 3.22756 
1.28743 3.22427 
1.29 3.22109 
1.29262 3.21802 
1.29527 3.21506 
1.29796 3.21221 
1.30068 3.20946 
1.30343 3.20683 
1.30622 3.20432 
1.30902 3.20191 
1.31186 3.19962 
1.31471 3.19744 
1.31759 3.19538 
1.32048 3.19343 
1.32339 3.1916 
1.32631 3.18988 
1.32924 3.18828 
1.33218 3.1868 
1.33513 3.18542 
1.33808 3.18417 
1.34103 3.18303 
1.34397 3.182 
1.34692 3.18109 
1.34986 3.18029 
1.35279 3.17961 
1.35571 3.17904 
1.35861 3.17858 
1.3615 3.17823 
1.36438 3.17799 
1.36723 3.17786 
1.37006 3.17784 
1.37287 3.17793 
1.37566 3.17812 
1.37841 3.17842 
1.38113 3.17883 
1.38383 3.17933 
1.38648 3.17994 
1.38911 3.18065 
1.39169 3.18146 
1.39423 3.18236 
1.39674 3.18336 
1.39919 3.18445 
1.40161 3.18564 
1.40397 3.18691 
1.40629 3.18827 
1.40856 3.18972 
1.41077 3.19126 
1.41294 3.19287 
1.41504 3.19457 
1.4171 3.19635 
1.41909 3.1982 
1.42103 3.20012 
1.4229 3.20212 
1.42472 3.20418 
1.42647 3.20632 
1.42817 3.20852 
1.42979 3.21078 
1.43136 3.2131 
1.43285 3.21547 
1.43429 3.21791 
1.43565 3.22039 
1.43695 3.22293 
1.43818 3.22551 
1.43934 3.22813 
1.44044 3.2308 
1.44146 3.23351 
1.44242 3.23625 
1.4433 3.23903 
1.44412 3.24184 
1.44487 3.24468 
1.44555 3.24755 
1.44616 3.25044 
1.4467 3.25335 
1.44717 3.25627 
1.44757 3.25922 
1.44791 3.26217 
1.44818 3.26514 
1.44838 3.26811 
1.44851 3.27109 
1.44858 3.27407 
1.44858 3.27705 
1.44852 3.28003 
1.4484 3.283 
1.44821 3.28597 
1.44796 3.28892 
1.44765 3.29186 
1.44728 3.29479 
1.44685 3.2977 
1.44636 3.30059 
1.44582 3.30345 
1.44522 3.3063 
1.44456 3.30911 
1.44385 3.3119 
1.4431 3.31465 
1.44229 3.31737 
1.44143 3.32006 
1.44052 3.32271 
1.43957 3.32532 
1.43857 3.32789 
1.43753 3.33042 
1.43645 3.33291 
1.43533 3.33534 
1.43417 3.33773 
1.43297 3.34007 
1.43173 3.34236 
1.43046 3.3446 
1.42916 3.34679 
1.42783 3.34891 
1.42647 3.35099 
1.42508 3.353 
1.42366 3.35496 
1.42222 3.35686 
1.42076 3.3587 
1.41928 3.36048 
1.41777 3.36219 
1.41625 3.36384 
1.41471 3.36543 
1.41316 3.36696 
1.41159 3.36842 
1.41001 3.36981 
1.40843 3.37114 
1.40683 3.3724 
1.40522 3.3736 
1.40361 3.37473 
1.402 3.37579 
1.40038 3.37679 
1.39876 3.37772 
1.39714 3.37858 
1.39552 3.37938 
1.39391 3.38011 
1.3923 3.38077 
1.39069 3.38137 
1.3891 3.3819 
1.3875 3.38237 
1.38592 3.38277 
1.38435 3.38311 
1.38279 3.38338 
1.38125 3.38359 
1.37972 3.38373 
1.3782 3.38382 
1.3767 3.38384 
1.37522 3.3838 
1.37375 3.3837 
1.3723 3.38355 
1.37088 3.38333 
1.36947 3.38306 
1.36809 3.38273 
1.36673 3.38235 
1.36539 3.38191 
1.36408 3.38142 
1.36279 3.38088 
1.36153 3.38028 
1.3603 3.37964 
1.35909 3.37895 
1.35791 3.37821 
1.35676 3.37743 
1.35564 3.3766 
1.35454 3.37572 
1.35348 3.37481 
1.35245 3.37385 
1.35145 3.37286 
1.35048 3.37183 
1.34954 3.37076 
1.34863 3.36965 
1.34776 3.36851 
1.34692 3.36734 
1.34611 3.36614 
1.34533 3.36491 
1.34459 3.36364 
1.34388 3.36236 
1.34321 3.36104 
1.34257 3.35971 
1.34196 3.35835 
1.34138 3.35697 
1.34084 3.35556 
1.34034 3.35414 
1.33986 3.35271 
1.33943 3.35126 
1.33902 3.34979 
1.33865 3.34831 
1.33831 3.34682 
1.33801 3.34532 
1.33774 3.34381 
1.3375 3.3423 
1.33729 3.34078 
1.33712 3.33925 
1.33698 3.33772 
1.33687 3.33619 
1.33679 3.33466 
1.33675 3.33312 
1.33673 3.33159 
1.33675 3.33007 
1.3368 3.32854 
1.33687 3.32703 
1.33698 3.32552 
1.33711 3.32401 
1.33728 3.32252 
1.33747 3.32103 
1.33769 3.31956 
1.33793 3.3181 
1.33821 3.31665 
1.33851 3.31522 
1.33883 3.3138 
1.33918 3.3124 
1.33955 3.31101 
1.33995 3.30964 
1.34037 3.3083 
1.34082 3.30697 
1.34129 3.30566 
1.34177 3.30437 
1.34228 3.30311 
1.34281 3.30187 
1.34336 3.30065 
1.34393 3.29946 
1.34451 3.29829 
1.34512 3.29714 
1.34574 3.29603 
1.34637 3.29494 
1.34702 3.29388 
1.34769 3.29284 
1.34837 3.29184 
1.34907 3.29086 
1.34977 3.28991 
1.35049 3.28899 
1.35122 3.28811 
1.35197 3.28725 
1.35272 3.28642 
1.35348 3.28563 
1.35425 3.28487 
1.35502 3.28413 
1.35581 3.28344 
1.3566 3.28277 
1.35739 3.28213 
1.35819 3.28153 
1.359 3.28096 
1.35981 3.28043 
1.36062 3.27992 
1.36143 3.27945 
1.36225 3.27901 
1.36306 3.27861 
1.36388 3.27823 
1.36469 3.27789 
1.36551 3.27758 
1.36632 3.27731 
1.36713 3.27707 
1.36794 3.27686 
1.36874 3.27668 
1.36954 3.27653 
1.37033 3.27641 
1.37112 3.27633 
1.3719 3.27628 
1.37267 3.27625 
1.37344 3.27626 
1.3742 3.2763 
1.37495 3.27637 
1.37569 3.27646 
1.37642 3.27659 
1.37715 3.27674 
1.37786 3.27693 
1.37856 3.27714 
1.37925 3.27737 
1.37993 3.27763 
1.38059 3.27792 
1.38124 3.27824 
1.38188 3.27858 
1.38251 3.27894 
1.38312 3.27933 
1.38372 3.27974 
1.3843 3.28018 
1.38487 3.28063 
1.38542 3.28111 
1.38596 3.28161 
1.38648 3.28213 
1.38698 3.28266 
1.38747 3.28322 
1.38794 3.28379 
1.3884 3.28439 
1.38884 3.285 
1.38926 3.28562 
1.38966 3.28626 
1.39005 3.28692 
1.39041 3.28759 
1.39076 3.28827 
1.3911 3.28897 
1.39141 3.28967 
1.39171 3.29039 
1.39199 3.29112 
1.39225 3.29186 
1.39249 3.29261 
1.39271 3.29336 
1.39292 3.29413 
1.39311 3.2949 
1.39328 3.29568 
1.39343 3.29646 
1.39356 3.29724 
1.39368 3.29803 
1.39378 3.29883 
1.39386 3.29962 
1.39392 3.30042 
1.39397 3.30122 
1.394 3.30202 
1.39401 3.30282 
1.394 3.30362 
1.39398 3.30442 
1.39394 3.30521 
1.39389 3.30601 
1.39382 3.3068 
1.39373 3.30758 
1.39363 3.30836 
1.39352 3.30914 
1.39339 3.3099 
1.39324 3.31067 
1.39308 3.31142 
1.39291 3.31217 
1.39272 3.31291 
1.39252 3.31364 
1.39231 3.31436 
1.39208 3.31508 
1.39184 3.31578 
1.39159 3.31647 
1.39133 3.31715 
1.39106 3.31782 
1.39077 3.31848 
1.39048 3.31912 
1.39017 3.31975 
1.38986 3.32037 
1.38954 3.32098 
1.3892 3.32157 
1.38886 3.32215 
1.38851 3.32271 
1.38815 3.32326 
1.38779 3.32379 
1.38742 3.32431 
1.38704 3.32481 
1.38665 3.32529 
1.38626 3.32576 
1.38587 3.32622 
1.38547 3.32665 
1.38506 3.32707 
1.38465 3.32748 
1.38424 3.32786 
1.38382 3.32823 
1.3834 3.32858 
1.38298 3.32892 
1.38255 3.32923 
1.38213 3.32953 
1.3817 3.32981 
1.38127 3.33008 
1.38084 3.33033 
1.38041 3.33056 
1.37998 3.33077 
1.37955 3.33096 
1.37912 3.33114 
1.37869 3.3313 
1.37827 3.33144 
1.37784 3.33156 
1.37742 3.33167 
1.377 3.33176 
1.37658 3.33184 
1.37617 3.33189 
1.37575 3.33193 
1.37535 3.33196 
1.37494 3.33197 
1.37454 3.33196 
1.37415 3.33193 
1.37376 3.3319 
1.37338 3.33184 
1.373 3.33177 
1.37262 3.33168 
1.37225 3.33158 
1.37189 3.33147 
1.37154 3.33134 
1.37119 3.3312 
1.37085 3.33104 
1.37051 3.33087 
1.37018 3.33069 
1.36986 3.3305 
1.36955 3.33029 
1.36924 3.33007 
1.36894 3.32984 
1.36865 3.3296 
1.36837 3.32934 
1.3681 3.32908 
1.36783 3.3288 
1.36758 3.32852 
1.36733 3.32822 
1.36709 3.32792 
1.36686 3.32761 
1.36663 3.32729 
1.36642 3.32696 
1.36622 3.32662 
1.36602 3.32627 
1.36584 3.32592 
1.36566 3.32556 
1.36549 3.3252 
1.36533 3.32483 
1.36518 3.32445 
1.36504 3.32407 
1.36491 3.32369 
1.36479 3.3233 
1.36468 3.3229 
1.36458 3.3225 
1.36448 3.3221 
1.3644 3.3217 
1.36432 3.32129 
1.36426 3.32088 
1.3642 3.32047 
1.36415 3.32006 
1.36411 3.31965 
1.36408 3.31923 
1.36406 3.31882 
1.36405 3.3184 
1.36404 3.31799 
1.36405 3.31758 
1.36406 3.31716 
1.36408 3.31675 
1.36411 3.31634 
1.36415 3.31594 
1.36419 3.31553 
1.36424 3.31513 
1.3643 3.31473 
1.36437 3.31433 
1.36445 3.31394 
1.36453 3.31355 
1.36462 3.31317 
1.36471 3.31278 
1.36482 3.31241 
1.36493 3.31204 
1.36504 3.31167 
1.36516 3.31131 
1.36529 3.31095 
1.36543 3.3106 
1.36557 3.31026 
1.36571 3.30992 
1.36586 3.30959 
1.36602 3.30927 
1.36618 3.30895 
1.36635 3.30864 
1.36652 3.30833 
1.36669 3.30804 
1.36687 3.30775 
1.36705 3.30747 
1.36724 3.3072 
1.36743 3.30693 
1.36762 3.30667 
1.36782 3.30642 
1.36802 3.30618 
1.36822 3.30595 
1.36843 3.30573 
1.36864 3.30551 
1.36885 3.3053 
1.36906 3.30511 
1.36927 3.30492 
1.36949 3.30473 
1.3697 3.30456 
1.36992 3.3044 
1.37014 3.30425 
1.37036 3.3041 
1.37058 3.30397 
1.3708 3.30384 
1.37103 3.30372 
1.37125 3.30361 
1.37147 3.30351 
1.37169 3.30342 
1.37191 3.30334 
1.37213 3.30326 
1.37235 3.3032 
1.37257 3.30314 
1.37279 3.3031 
1.373 3.30306 
1.37322 3.30303 
1.37343 3.30301 
1.37364 3.30299 
1.37385 3.30299 
1.37406 3.30299 
1.37426 3.303 
1.37446 3.30302 
1.37466 3.30305 
1.37486 3.30309 
1.37506 3.30313 
1.37525 3.30318 
1.37544 3.30324 
1.37562 3.30331 
1.3758 3.30338 
1.37598 3.30346 
1.37616 3.30355 
1.37633 3.30364 
1.37649 3.30374 
1.37666 3.30385 
1.37682 3.30396 
1.37697 3.30408 
1.37713 3.3042 
1.37727 3.30433 
1.37742 3.30447 
1.37756 3.30461 
1.37769 3.30476 
1.37782 3.30491 
1.37795 3.30507 
1.37807 3.30523 
1.37818 3.30539 
1.37829 3.30556 
1.3784 3.30574 
1.3785 3.30591 
1.3786 3.3061 
1.37869 3.30628 
1.37878 3.30647 
1.37887 3.30666 
1.37894 3.30686 
1.37902 3.30705 
1.37909 3.30725 
1.37915 3.30746 
1.37921 3.30766 
1.37926 3.30787 
1.37931 3.30808 
1.37936 3.30829 
1.3794 3.3085 
1.37943 3.30871 
1.37946 3.30892 
1.37949 3.30914 
1.37951 3.30935 
1.37953 3.30957 
1.37954 3.30978 
1.37954 3.31 
1.37955 3.31021 
1.37954 3.31043 
1.37954 3.31064 
1.37953 3.31086 
1.37951 3.31107 
1.37949 3.31128 
1.37947 3.31149 
1.37944 3.3117 
1.37941 3.31191 
1.37938 3.31212 
1.37934 3.31232 
1.37929 3.31253 
1.37925 3.31273 
1.3792 3.31292 
1.37914 3.31312 
1.37908 3.31331 
1.37902 3.31351 
1.37896 3.31369 
1.37889 3.31388 
1.37882 3.31406 
1.37875 3.31424 
1.37867 3.31442 
1.37859 3.31459 
1.37851 3.31476 
1.37843 3.31493 
1.37834 3.31509 
1.37825 3.31525 
1.37816 3.3154 
1.37807 3.31555 
1.37797 3.3157 
1.37787 3.31584 
1.37777 3.31598 
1.37767 3.31611 
1.37757 3.31624 
1.37746 3.31637 
1.37736 3.31649 
1.37725 3.31661 
1.37714 3.31672 
1.37703 3.31683 
1.37692 3.31693 
1.37681 3.31703 
1.37669 3.31712 
1.37658 3.31721 
1.37647 3.3173 
1.37635 3.31738 
1.37624 3.31745 
1.37612 3.31752 
1.37601 3.31759 
1.37589 3.31765 
1.37578 3.31771 
1.37566 3.31776 
1.37554 3.31781 
1.37543 3.31785 
1.37532 3.31789 
1.3752 3.31792 
1.37509 3.31795 
1.37497 3.31797 
1.37486 3.31799 
1.37475 3.31801 
1.37464 3.31802 
1.37453 3.31802 
1.37442 3.31803 
1.37431 3.31802 
1.37421 3.31802 
1.3741 3.31801 
1.374 3.31799 
1.3739 3.31797 
1.3738 3.31795 
1.3737 3.31792 
1.3736 3.31789 
1.3735 3.31786 
1.37341 3.31782 
1.37332 3.31778 
1.37323 3.31773 
1.37314 3.31768 
1.37305 3.31763 
1.37297 3.31757 
1.37288 3.31751 
1.3728 3.31745 
1.37272 3.31739 
1.37265 3.31732 
1.37257 3.31725 
1.3725 3.31717 
1.37243 3.3171 
1.37237 3.31702 
1.3723 3.31694 
1.37224 3.31685 
1.37218 3.31677 
1.37212 3.31668 
1.37207 3.31659 
1.37201 3.31649 
1.37196 3.3164 
1.37192 3.3163 
1.37187 3.3162 
1.37183 3.3161 
1.37179 3.316 
1.37175 3.3159 
1.37171 3.3158 
1.37168 3.31569 
1.37165 3.31558 
1.37162 3.31548 
1.3716 3.31537 
1.37157 3.31526 
1.37155 3.31515 
1.37154 3.31504 
1.37152 3.31493 
1.37151 3.31482 
1.3715 3.31471 
1.37149 3.31459 
1.37148 3.31448 
1.37148 3.31437 
1.37148 3.31426 
1.37148 3.31415 
1.37148 3.31404 
1.37149 3.31392 
1.3715 3.31381 
1.37151 3.3137 
1.37152 3.31359 
1.37153 3.31349 
1.37155 3.31338 
1.37157 3.31327 
1.37159 3.31316 
1.37161 3.31306 
1.37164 3.31296 
1.37166 3.31285 
1.37169 3.31275 
1.37172 3.31265 
1.37175 3.31255 
1.37179 3.31245 
1.37182 3.31236 
1.37186 3.31226 
1.37189 3.31217 
1.37193 3.31208 
1.37197 3.31199 
1.37202 3.3119 
1.37206 3.31182 
1.37211 3.31173 
1.37215 3.31165 
1.3722 3.31157 
1.37225 3.31149 
1.3723 3.31142 
1.37235 3.31134 
1.3724 3.31127 
1.37245 3.3112 
1.37251 3.31114 
1.37256 3.31107 
1.37262 3.31101 
1.37267 3.31095 
1.37273 3.31089 
1.37278 3.31083 
1.37284 3.31078 
1.3729 3.31073 
1.37296 3.31068 
1.37302 3.31063 
1.37308 3.31059 
1.37313 3.31055 
1.37319 3.31051 
1.37325 3.31047 
1.37331 3.31044 
1.37337 3.31041 
1.37343 3.31038 
1.37349 3.31035 
1.37355 3.31033 
1.37361 3.31031 
1.37367 3.31029 
1.37373 3.31027 
1.37379 3.31025 
1.37385 3.31024 
1.37391 3.31023 
1.37397 3.31022 
1.37402 3.31022 
1.37408 3.31021 
1.37414 3.31021 
1.37419 3.31021 
1.37425 3.31022 
1.3743 3.31022 
1.37436 3.31023 
1.37441 3.31024 
1.37446 3.31025 
1.37451 3.31027 
1.37456 3.31028 
1.37461 3.3103 
1.37466 3.31032 
1.37471 3.31034 
1.37476 3.31037 
1.3748 3.31039 
1.37485 3.31042 
1.37489 3.31045 
1.37493 3.31048 
1.37498 3.31051 
1.37502 3.31055 
1.37506 3.31058 
1.3751 3.31062 
1.37513 3.31066 
1.37517 3.3107 
1.37517 3.3107
