400 11 
-1 -1 
-0.9625 0.375 
-0.809375 1.53125 
-0.574219 2.35156 
-0.29668 2.77539 
-0.016748 2.79932 
0.230286 2.47034 
0.417654 1.87369 
0.529395 1.11741 
0.560994 0.315989 
0.518519 -0.424753 
0.416538 -1.01981 
-1 -0.9 
-0.95375 0.4625 
-0.794063 1.59688 
-0.555078 2.38984 
-0.276582 2.78496 
0.0016748 2.78257 
0.24494 2.43265 
0.42718 1.8224 
0.533242 1.06062 
0.559391 0.261492 
0.512348 -0.470434 
0.407142 -1.05206 
-1 -0.8 
-0.945 0.55 
-0.77875 1.6625 
-0.535937 2.42812 
-0.256484 2.79453 
0.0200977 2.76582 
0.259595 2.39497 
0.436705 1.77111 
0.537089 1.00384 
0.557788 0.206995 
0.506177 -0.516115 
0.397745 -1.08432 
-1 -0.7 
-0.93625 0.6375 
-0.763437 1.72813 
-0.516797 2.46641 
-0.236387 2.8041 
0.0385205 2.74907 
0.274249 2.35729 
0.446231 1.71982 
0.540936 0.94705 
0.556186 0.152499 
0.500006 -0.561796 
0.388348 -1.11658 
-1 -0.6 
-0.9275 0.725 
-0.748125 1.79375 
-0.497656 2.50469 
-0.216289 2.81367 
0.0569434 2.73232 
0.288904 2.3196 
0.455756 1.66852 
0.544783 0.890263 
0.554583 0.0980022 
0.493835 -0.607477 
0.378952 -1.14884 
-1 -0.5 
-0.91875 0.8125 
-0.732812 1.85938 
-0.478516 2.54297 
-0.196191 2.82324 
0.0753662 2.71558 
0.303558 2.28192 
0.465282 1.61723 
0.548629 0.833477 
0.55298 0.0435057 
0.487664 -0.653157 
0.369555 -1.18109 
-1 -0.4 
-0.91 0.9 
-0.7175 1.925 
-0.459375 2.58125 
-0.176094 2.83281 
0.0937891 2.69883 
0.318213 2.24424 
0.474807 1.56594 
0.552476 0.776691 
0.551377 -0.0109909 
0.481493 -0.698838 
0.360158 -1.21335 
-1 -0.3 
-0.90125 0.9875 
-0.702187 1.99062 
-0.440234 2.61953 
-0.155996 2.84238 
0.112212 2.68208 
0.332867 2.20656 
0.484333 1.51465 
0.556323 0.719904 
0.549774 -0.0654875 
0.475322 -0.744519 
0.350762 -1.24561 
-1 -0.2 
-0.8925 1.075 
-0.686875 2.05625 
-0.421094 2.65781 
-0.135898 2.85195 
0.130635 2.66533 
0.347522 2.16887 
0.493858 1.46336 
0.56017 0.663118 
0.548171 -0.119984 
0.469151 -0.7902 
0.341365 -1.27786 
-1 -0.1 
-0.88375 1.1625 
-0.671563 2.12188 
-0.401953 2.69609 
-0.115801 2.86152 
0.149058 2.64858 
0.362177 2.13119 
0.503383 1.41207 
0.564017 0.606332 
0.546569 -0.174481 
0.46298 -0.835881 
0.331968 -1.31012 
-1 -1.38778e-16 
-0.875 1.25 
-0.65625 2.1875 
-0.382812 2.73438 
-0.0957031 2.87109 
0.16748 2.63184 
0.376831 2.09351 
0.512909 1.36078 
0.567863 0.549545 
0.544966 -0.228977 
0.45681 -0.881562 
0.322572 -1.34238 
-1 0.1 
-0.86625 1.3375 
-0.640937 2.25312 
-0.363672 2.77266 
-0.0756055 2.88066 
0.185903 2.61509 
0.391486 2.05582 
0.522434 1.30949 
0.57171 0.492759 
0.543363 -0.283474 
0.450639 -0.927243 
0.313175 -1.37464 
-1 0.2 
-0.8575 1.425 
-0.625625 2.31875 
-0.344531 2.81094 
-0.0555078 2.89023 
0.204326 2.59834 
0.40614 2.01814 
0.53196 1.2582 
0.575557 0.435973 
0.54176 -0.33797 
0.444468 -0.972924 
0.303778 -1.40689 
-1 0.3 
-0.84875 1.5125 
-0.610313 2.38437 
-0.325391 2.84922 
-0.0354102 2.8998 
0.222749 2.58159 
0.420795 1.98046 
0.541485 1.20691 
0.579404 0.379186 
0.540157 -0.392467 
0.438297 -1.01861 
0.294382 -1.43915 
-1 0.4 
-0.84 1.6 
-0.595 2.45 
-0.30625 2.8875 
-0.0153125 2.90937 
0.241172 2.56484 
0.435449 1.94277 
0.551011 1.15562 
0.583251 0.3224 
0.538554 -0.446964 
0.432126 -1.06429 
0.284985 -1.47141 
-1 0.5 
-0.83125 1.6875 
-0.579687 2.51562 
-0.287109 2.92578 
0.00478516 2.91895 
0.259595 2.5481 
0.450104 1.90509 
0.560536 1.10432 
0.587098 0.265614 
0.536952 -0.50146 
0.425955 -1.10997 
0.275588 -1.50366 
-1 0.6 
-0.8225 1.775 
-0.564375 2.58125 
-0.267969 2.96406 
0.0248828 2.92852 
0.278018 2.53135 
0.464758 1.86741 
0.570062 1.05303 
0.590944 0.208827 
0.535349 -0.555957 
0.419784 -1.15565 
0.266192 -1.53592 
-1 0.7 
-0.81375 1.8625 
-0.549063 2.64687 
-0.248828 3.00234 
0.0449805 2.93809 
0.29644 2.5146 
0.479413 1.82972 
0.579587 1.00174 
0.594791 0.152041 
0.533746 -0.610453 
0.413613 -1.20133 
0.256795 -1.56818 
-1 0.8 
-0.805 1.95 
-0.53375 2.7125 
-0.229688 3.04062 
0.0650781 2.94766 
0.314863 2.49785 
0.494067 1.79204 
0.589113 0.950452 
0.598638 0.0952545 
0.532143 -0.66495 
0.407442 -1.24701 
0.247398 -1.60044 
-1 0.9 
-0.79625 2.0375 
-0.518438 2.77812 
-0.210547 3.07891 
0.0851758 2.95723 
0.333286 2.4811 
0.508722 1.75436 
0.598638 0.899161 
0.602485 0.0384682 
0.53054 -0.719446 
0.401271 -1.29269 
0.238002 -1.63269 
-1 1 
-0.7875 2.125 
-0.503125 2.84375 
-0.191406 3.11719 
0.105273 2.9668 
0.351709 2.46436 
0.523376 1.71667 
0.608163 0.84787 
0.606332 -0.0183182 
0.528937 -0.773943 
0.3951 -1.33837 
0.228605 -1.66495 
-0.9 -1 
-0.875 0.25 
-0.74375 1.3125 
-0.535938 2.07812 
-0.287109 2.48828 
-0.0334961 2.53613 
0.192603 2.26099 
0.366364 1.73761 
0.472609 1.06245 
0.506498 0.338886 
0.472838 -0.336596 
0.384281 -0.885569 
-0.9 -0.9 
-0.86625 0.3375 
-0.728437 1.37813 
-0.516797 2.11641 
-0.267012 2.49785 
-0.0150732 2.51938 
0.207257 2.2233 
0.375889 1.68632 
0.476456 1.00567 
0.504895 0.28439 
0.466667 -0.382277 
0.374884 -0.917826 
-0.9 -0.8 
-0.8575 0.425 
-0.713125 1.44375 
-0.497656 2.15469 
-0.246914 2.50742 
0.00334961 2.50264 
0.221912 2.18562 
0.385414 1.63503 
0.480303 0.948882 
0.503292 0.229893 
0.460496 -0.427958 
0.365488 -0.950084 
-0.9 -0.7 
-0.84875 0.5125 
-0.697812 1.50938 
-0.478516 2.19297 
-0.226816 2.51699 
0.0217725 2.48589 
0.236566 2.14794 
0.39494 1.58374 
0.484149 0.892095 
0.501689 0.175397 
0.454325 -0.473639 
0.356091 -0.982341 
-0.9 -0.6 
-0.84 0.6 
-0.6825 1.575 
-0.459375 2.23125 
-0.206719 2.52656 
0.0401953 2.46914 
0.251221 2.11025 
0.404465 1.53245 
0.487996 0.835309 
0.500086 0.1209 
0.448154 -0.51932 
0.346694 -1.0146 
-0.9 -0.5 
-0.83125 0.6875 
-0.667188 1.64062 
-0.440234 2.26953 
-0.186621 2.53613 
0.0586182 2.45239 
0.265875 2.07257 
0.413991 1.48116 
0.491843 0.778522 
0.498483 0.0664034 
0.441983 -0.565001 
0.337298 -1.04686 
-0.9 -0.4 
-0.8225 0.775 
-0.651875 1.70625 
-0.421094 2.30781 
-0.166523 2.5457 
0.077041 2.43564 
0.28053 2.03489 
0.423516 1.42986 
0.49569 0.721736 
0.496881 0.0119068 
0.435812 -0.610682 
0.327901 -1.07911 
-0.9 -0.3 
-0.81375 0.8625 
-0.636563 1.77187 
-0.401953 2.34609 
-0.146426 2.55527 
0.0954639 2.4189 
0.295184 1.9972 
0.433042 1.37857 
0.499537 0.66495 
0.495278 -0.0425898 
0.429641 -0.656363 
0.318504 -1.11137 
-0.9 -0.2 
-0.805 0.95 
-0.62125 1.8375 
-0.382812 2.38437 
-0.126328 2.56484 
0.113887 2.40215 
0.309839 1.95952 
0.442567 1.32728 
0.503383 0.608163 
0.493675 -0.0970863 
0.42347 -0.702044 
0.309108 -1.14363 
-0.9 -0.1 
-0.79625 1.0375 
-0.605938 1.90313 
-0.363672 2.42266 
-0.10623 2.57441 
0.13231 2.3854 
0.324493 1.92184 
0.452093 1.27599 
0.50723 0.551377 
0.492072 -0.151583 
0.4173 -0.747725 
0.299711 -1.17588 
-0.9 -1.38778e-16 
-0.7875 1.125 
-0.590625 1.96875 
-0.344531 2.46094 
-0.0861328 2.58398 
0.150732 2.36865 
0.339148 1.88416 
0.461618 1.2247 
0.511077 0.494591 
0.490469 -0.206079 
0.411129 -0.793406 
0.290314 -1.20814 
-0.9 0.1 
-0.77875 1.2125 
-0.575313 2.03437 
-0.325391 2.49922 
-0.0660352 2.59355 
0.169155 2.3519 
0.353802 1.84647 
0.471143 1.17341 
0.514924 0.437804 
0.488866 -0.260576 
0.404958 -0.839087 
0.280918 -1.2404 
-0.9 0.2 
-0.77 1.3 
-0.56 2.1 
-0.30625 2.5375 
-0.0459375 2.60312 
0.187578 2.33516 
0.368457 1.80879 
0.480669 1.12212 
0.518771 0.381018 
0.487263 -0.315073 
0.398787 -0.884768 
0.271521 -1.27266 
-0.9 0.3 
-0.76125 1.3875 
-0.544687 2.16562 
-0.287109 2.57578 
-0.0258398 2.6127 
0.206001 2.31841 
0.383112 1.77111 
0.490194 1.07083 
0.522618 0.324232 
0.485661 -0.369569 
0.392616 -0.930449 
0.262125 -1.30491 
-0.9 0.4 
-0.7525 1.475 
-0.529375 2.23125 
-0.267969 2.61406 
-0.00574219 2.62227 
0.224424 2.30166 
0.397766 1.73342 
0.49972 1.01954 
0.526464 0.267445 
0.484058 -0.424066 
0.386445 -0.97613 
0.252728 -1.33717 
-0.9 0.5 
-0.74375 1.5625 
-0.514062 2.29688 
-0.248828 2.65234 
0.0143555 2.63184 
0.242847 2.28491 
0.412421 1.69574 
0.509245 0.968246 
0.530311 0.210659 
0.482455 -0.478562 
0.380274 -1.02181 
0.243331 -1.36943 
-0.9 0.6 
-0.735 1.65 
-0.49875 2.3625 
-0.229688 2.69062 
0.0344531 2.64141 
0.26127 2.26816 
0.427075 1.65806 
0.518771 0.916956 
0.534158 0.153873 
0.480852 -0.533059 
0.374103 -1.06749 
0.233935 -1.40168 
-0.9 0.7 
-0.72625 1.7375 
-0.483438 2.42813 
-0.210547 2.72891 
0.0545508 2.65098 
0.279692 2.25142 
0.44173 1.62037 
0.528296 0.865665 
0.538005 0.0970863 
0.479249 -0.587556 
0.367932 -1.11317 
0.224538 -1.43394 
-0.9 0.8 
-0.7175 1.825 
-0.468125 2.49375 
-0.191406 2.76719 
0.0746484 2.66055 
0.298115 2.23467 
0.456384 1.58269 
0.537822 0.814374 
0.541852 0.0403 
0.477646 -0.642052 
0.361761 -1.15885 
0.215141 -1.4662 
-0.9 0.9 
-0.70875 1.9125 
-0.452813 2.55938 
-0.172266 2.80547 
0.0947461 2.67012 
0.316538 2.21792 
0.471039 1.54501 
0.547347 0.763083 
0.545698 -0.0164864 
0.476044 -0.696549 
0.35559 -1.20453 
0.205745 -1.49846 
-0.9 1 
-0.7 2 
-0.4375 2.625 
-0.153125 2.84375 
0.114844 2.67969 
0.334961 2.20117 
0.485693 1.50732 
0.556873 0.711792 
0.549545 -0.0732727 
0.474441 -0.751045 
0.349419 -1.25022 
0.196348 -1.53071 
-0.8 -1 
-0.7875 0.125 
-0.678125 1.09375 
-0.497656 1.80469 
-0.277539 2.20117 
-0.0502441 2.27295 
0.154919 2.05164 
0.315073 1.60153 
0.415823 1.0075 
0.452001 0.361784 
0.427157 -0.24844 
0.352024 -0.751331 
-0.8 -0.9 
-0.77875 0.2125 
-0.662813 1.15938 
-0.478516 1.84297 
-0.257441 2.21074 
-0.0318213 2.2562 
0.169574 2.01395 
0.324598 1.55024 
0.419669 0.950713 
0.450398 0.307287 
0.420986 -0.294121 
0.342627 -0.783589 
-0.8 -0.8 
-0.77 0.3 
-0.6475 1.225 
-0.459375 1.88125 
-0.237344 2.22031 
-0.0133984 2.23945 
0.184229 1.97627 
0.334124 1.49895 
0.423516 0.893927 
0.448795 0.252791 
0.414815 -0.339802 
0.333231 -0.815846 
-0.8 -0.7 
-0.76125 0.3875 
-0.632188 1.29063 
-0.440234 1.91953 
-0.217246 2.22988 
0.00502441 2.22271 
0.198883 1.93859 
0.343649 1.44766 
0.427363 0.837141 
0.447192 0.198294 
0.408644 -0.385483 
0.323834 -0.848103 
-0.8 -0.6 
-0.7525 0.475 
-0.616875 1.35625 
-0.421094 1.95781 
-0.197148 2.23945 
0.0234473 2.20596 
0.213538 1.9009 
0.353174 1.39637 
0.43121 0.780354 
0.44559 0.143798 
0.402473 -0.431164 
0.314437 -0.88036 
-0.8 -0.5 
-0.74375 0.5625 
-0.601562 1.42188 
-0.401953 1.99609 
-0.177051 2.24902 
0.0418701 2.18921 
0.228192 1.86322 
0.3627 1.34508 
0.435057 0.723568 
0.443987 0.0893011 
0.396302 -0.476845 
0.305041 -0.912617 
-0.8 -0.4 
-0.735 0.65 
-0.58625 1.4875 
-0.382812 2.03438 
-0.156953 2.25859 
0.060293 2.17246 
0.242847 1.82554 
0.372225 1.29379 
0.438904 0.666782 
0.442384 0.0348045 
0.390131 -0.522526 
0.295644 -0.944874 
-0.8 -0.3 
-0.72625 0.7375 
-0.570938 1.55313 
-0.363672 2.07266 
-0.136855 2.26816 
0.0787158 2.15571 
0.257501 1.78785 
0.381751 1.2425 
0.44275 0.609995 
0.440781 -0.019692 
0.38396 -0.568207 
0.286247 -0.977132 
-0.8 -0.2 
-0.7175 0.825 
-0.555625 1.61875 
-0.344531 2.11094 
-0.116758 2.27773 
0.0971387 2.13896 
0.272156 1.75017 
0.391276 1.1912 
0.446597 0.553209 
0.439178 -0.0741886 
0.377789 -0.613888 
0.276851 -1.00939 
-0.8 -0.1 
-0.70875 0.9125 
-0.540312 1.68437 
-0.325391 2.14922 
-0.0966602 2.2873 
0.115562 2.12222 
0.28681 1.71249 
0.400802 1.13991 
0.450444 0.496423 
0.437575 -0.128685 
0.371619 -0.659569 
0.267454 -1.04165 
-0.8 -1.38778e-16 
-0.7 1 
-0.525 1.75 
-0.30625 2.1875 
-0.0765625 2.29688 
0.133984 2.10547 
0.301465 1.6748 
0.410327 1.08862 
0.454291 0.439636 
0.435973 -0.183182 
0.365448 -0.70525 
0.258057 -1.0739 
-0.8 0.1 
-0.69125 1.0875 
-0.509688 1.81563 
-0.287109 2.22578 
-0.0564648 2.30645 
0.152407 2.08872 
0.316119 1.63712 
0.419853 1.03733 
0.458138 0.38285 
0.43437 -0.237678 
0.359277 -0.750931 
0.248661 -1.10616 
-0.8 0.2 
-0.6825 1.175 
-0.494375 1.88125 
-0.267969 2.26406 
-0.0363672 2.31602 
0.17083 2.07197 
0.330774 1.59944 
0.429378 0.986041 
0.461984 0.326064 
0.432767 -0.292175 
0.353106 -0.796612 
0.239264 -1.13842 
-0.8 0.3 
-0.67375 1.2625 
-0.479063 1.94688 
-0.248828 2.30234 
-0.0162695 2.32559 
0.189253 2.05522 
0.345428 1.56176 
0.438904 0.93475 
0.465831 0.269277 
0.431164 -0.346671 
0.346935 -0.842293 
0.229867 -1.17067 
-0.8 0.4 
-0.665 1.35 
-0.46375 2.0125 
-0.229687 2.34063 
0.00382813 2.33516 
0.207676 2.03848 
0.360083 1.52407 
0.448429 0.883459 
0.469678 0.212491 
0.429561 -0.401168 
0.340764 -0.887974 
0.220471 -1.20293 
-0.8 0.5 
-0.65625 1.4375 
-0.448437 2.07812 
-0.210547 2.37891 
0.0239258 2.34473 
0.226099 2.02173 
0.374738 1.48639 
0.457954 0.832169 
0.473525 0.155704 
0.427958 -0.455665 
0.334593 -0.933655 
0.211074 -1.23519 
-0.8 0.6 
-0.6475 1.525 
-0.433125 2.14375 
-0.191406 2.41719 
0.0440234 2.3543 
0.244521 2.00498 
0.389392 1.44871 
0.46748 0.780878 
0.477372 0.0989182 
0.426356 -0.510161 
0.328422 -0.979335 
0.201677 -1.26745 
-0.8 0.7 
-0.63875 1.6125 
-0.417813 2.20938 
-0.172266 2.45547 
0.0641211 2.36387 
0.262944 1.98823 
0.404047 1.41102 
0.477005 0.729587 
0.481218 0.0421318 
0.424753 -0.564658 
0.322251 -1.02502 
0.192281 -1.2997 
-0.8 0.8 
-0.63 1.7 
-0.4025 2.275 
-0.153125 2.49375 
0.0842188 2.37344 
0.281367 1.97148 
0.418701 1.37334 
0.486531 0.678296 
0.485065 -0.0146545 
0.42315 -0.619154 
0.31608 -1.0707 
0.182884 -1.33196 
-0.8 0.9 
-0.62125 1.7875 
-0.387188 2.34063 
-0.133984 2.53203 
0.104316 2.38301 
0.29979 1.95474 
0.433356 1.33566 
0.496056 0.627005 
0.488912 -0.0714409 
0.421547 -0.673651 
0.309909 -1.11638 
0.173487 -1.36422 
-0.8 1 
-0.6125 1.875 
-0.371875 2.40625 
-0.114844 2.57031 
0.124414 2.39258 
0.318213 1.93799 
0.44801 1.29797 
0.505582 0.575714 
0.492759 -0.128227 
0.419944 -0.728148 
0.303738 -1.16206 
0.164091 -1.39647 
-0.7 -1 
-0.7 2.08167e-16 
-0.6125 0.875 
-0.459375 1.53125 
-0.267969 1.91406 
-0.0669922 2.00977 
0.117236 1.84229 
0.263782 1.46545 
0.359036 0.952545 
0.397504 0.384682 
0.381476 -0.160284 
0.319767 -0.617094 
-0.7 -0.9 
-0.69125 0.0875 
-0.597187 0.940625 
-0.440234 1.56953 
-0.247871 1.92363 
-0.0485693 1.99302 
0.131891 1.8046 
0.273307 1.41416 
0.362883 0.895759 
0.395902 0.330185 
0.375305 -0.205965 
0.31037 -0.649351 
-0.7 -0.8 
-0.6825 0.175 
-0.581875 1.00625 
-0.421094 1.60781 
-0.227773 1.9332 
-0.0301465 1.97627 
0.146545 1.76692 
0.282833 1.36287 
0.36673 0.838972 
0.394299 0.275689 
0.369134 -0.251646 
0.300973 -0.681608 
-0.7 -0.7 
-0.67375 0.2625 
-0.566563 1.07188 
-0.401953 1.64609 
-0.207676 1.94277 
-0.0117236 1.95952 
0.1612 1.72924 
0.292358 1.31158 
0.370577 0.782186 
0.392696 0.221192 
0.362963 -0.297327 
0.291577 -0.713865 
-0.7 -0.6 
-0.665 0.35 
-0.55125 1.1375 
-0.382812 1.68438 
-0.187578 1.95234 
0.00669922 1.94277 
0.175854 1.69155 
0.301884 1.26029 
0.374424 0.7254 
0.391093 0.166695 
0.356792 -0.343008 
0.28218 -0.746122 
-0.7 -0.5 
-0.65625 0.4375 
-0.535937 1.20313 
-0.363672 1.72266 
-0.16748 1.96191 
0.0251221 1.92603 
0.190509 1.65387 
0.311409 1.209 
0.37827 0.668613 
0.38949 0.112199 
0.350621 -0.388689 
0.272783 -0.778379 
-0.7 -0.4 
-0.6475 0.525 
-0.520625 1.26875 
-0.344531 1.76094 
-0.147383 1.97148 
0.0435449 1.90928 
0.205164 1.61619 
0.320934 1.15771 
0.382117 0.611827 
0.387887 0.0577023 
0.34445 -0.43437 
0.263387 -0.810637 
-0.7 -0.3 
-0.63875 0.6125 
-0.505313 1.33438 
-0.325391 1.79922 
-0.127285 1.98105 
0.0619678 1.89253 
0.219818 1.5785 
0.33046 1.10642 
0.385964 0.555041 
0.386285 0.00320568 
0.338279 -0.480051 
0.25399 -0.842894 
-0.7 -0.2 
-0.63 0.7 
-0.49 1.4 
-0.30625 1.8375 
-0.107188 1.99063 
0.0803906 1.87578 
0.234473 1.54082 
0.339985 1.05513 
0.389811 0.498254 
0.384682 -0.0512909 
0.332109 -0.525732 
0.244593 -0.875151 
-0.7 -0.1 
-0.62125 0.7875 
-0.474688 1.46563 
-0.287109 1.87578 
-0.0870898 2.0002 
0.0988135 1.85903 
0.249127 1.50314 
0.349511 1.00384 
0.393658 0.441468 
0.383079 -0.105787 
0.325938 -0.571413 
0.235197 -0.907408 
-0.7 -1.38778e-16 
-0.6125 0.875 
-0.459375 1.53125 
-0.267969 1.91406 
-0.0669922 2.00977 
0.117236 1.84229 
0.263782 1.46545 
0.359036 0.952545 
0.397504 0.384682 
0.381476 -0.160284 
0.319767 -0.617094 
0.2258 -0.939665 
-0.7 0.1 
-0.60375 0.9625 
-0.444062 1.59688 
-0.248828 1.95234 
-0.0468945 2.01934 
0.135659 1.82554 
0.278436 1.42777 
0.368562 0.901254 
0.401351 0.327895 
0.379873 -0.214781 
0.313596 -0.662775 
0.216403 -0.971922 
-0.7 0.2 
-0.595 1.05 
-0.42875 1.6625 
-0.229688 1.99063 
-0.0267969 2.02891 
0.154082 1.80879 
0.293091 1.39009 
0.378087 0.849963 
0.405198 0.271109 
0.37827 -0.269277 
0.307425 -0.708455 
0.207007 -1.00418 
-0.7 0.3 
-0.58625 1.1375 
-0.413438 1.72813 
-0.210547 2.02891 
-0.00669922 2.03848 
0.172505 1.79204 
0.307745 1.3524 
0.387613 0.798672 
0.409045 0.214323 
0.376667 -0.323774 
0.301254 -0.754136 
0.19761 -1.03644 
-0.7 0.4 
-0.5775 1.225 
-0.398125 1.79375 
-0.191406 2.06719 
0.0133984 2.04805 
0.190928 1.77529 
0.3224 1.31472 
0.397138 0.747382 
0.412892 0.157536 
0.375065 -0.37827 
0.295083 -0.799817 
0.188214 -1.06869 
-0.7 0.5 
-0.56875 1.3125 
-0.382813 1.85938 
-0.172266 2.10547 
0.0334961 2.05762 
0.209351 1.75854 
0.337054 1.27704 
0.406664 0.696091 
0.416739 0.10075 
0.373462 -0.432767 
0.288912 -0.845498 
0.178817 -1.10095 
-0.7 0.6 
-0.56 1.4 
-0.3675 1.925 
-0.153125 2.14375 
0.0535938 2.06719 
0.227773 1.7418 
0.351709 1.23936 
0.416189 0.6448 
0.420585 0.0439636 
0.371859 -0.487263 
0.282741 -0.891179 
0.16942 -1.13321 
-0.7 0.7 
-0.55125 1.4875 
-0.352187 1.99063 
-0.133984 2.18203 
0.0736914 2.07676 
0.246196 1.72505 
0.366364 1.20167 
0.425714 0.593509 
0.424432 -0.0128227 
0.370256 -0.54176 
0.27657 -0.93686 
0.160024 -1.16547 
-0.7 0.8 
-0.5425 1.575 
-0.336875 2.05625 
-0.114844 2.22031 
0.0937891 2.08633 
0.264619 1.7083 
0.381018 1.16399 
0.43524 0.542218 
0.428279 -0.0696091 
0.368653 -0.596257 
0.270399 -0.982541 
0.150627 -1.19772 
-0.7 0.9 
-0.53375 1.6625 
-0.321563 2.12188 
-0.0957031 2.25859 
0.113887 2.0959 
0.283042 1.69155 
0.395673 1.12631 
0.444765 0.490927 
0.432126 -0.126395 
0.36705 -0.650753 
0.264228 -1.02822 
0.14123 -1.22998 
-0.7 1 
-0.525 1.75 
-0.30625 2.1875 
-0.0765625 2.29688 
0.133984 2.10547 
0.301465 1.6748 
0.410327 1.08862 
0.454291 0.439636 
0.435973 -0.183182 
0.365448 -0.70525 
0.258057 -1.0739 
0.131834 -1.26224 
-0.6 -1 
-0.6125 -0.125 
-0.546875 0.65625 
-0.421094 1.25781 
-0.258398 1.62695 
-0.0837402 1.74658 
0.0795532 1.63293 
0.212491 1.32938 
0.30225 0.897591 
0.343008 0.407579 
0.335795 -0.0721278 
0.28751 -0.482856 
-0.6 -0.9 
-0.60375 -0.0375 
-0.531563 0.721875 
-0.401953 1.29609 
-0.238301 1.63652 
-0.0653174 1.72983 
0.0942078 1.59525 
0.222016 1.27809 
0.306097 0.840804 
0.341405 0.353083 
0.329624 -0.117809 
0.278113 -0.515113 
-0.6 -0.8 
-0.595 0.05 
-0.51625 0.7875 
-0.382813 1.33438 
-0.218203 1.64609 
-0.0468945 1.71309 
0.108862 1.55757 
0.231542 1.22679 
0.309944 0.784018 
0.339802 0.298586 
0.323453 -0.16349 
0.268716 -0.54737 
-0.6 -0.7 
-0.58625 0.1375 
-0.500938 0.853125 
-0.363672 1.37266 
-0.198105 1.65566 
-0.0284717 1.69634 
0.123517 1.51989 
0.241067 1.1755 
0.31379 0.727232 
0.338199 0.24409 
0.317282 -0.209171 
0.25932 -0.579627 
-0.6 -0.6 
-0.5775 0.225 
-0.485625 0.91875 
-0.344531 1.41094 
-0.178008 1.66523 
-0.0100488 1.67959 
0.138171 1.4822 
0.250593 1.12421 
0.317637 0.670445 
0.336596 0.189593 
0.311111 -0.254852 
0.249923 -0.611884 
-0.6 -0.5 
-0.56875 0.3125 
-0.470313 0.984375 
-0.325391 1.44922 
-0.15791 1.6748 
0.00837402 1.66284 
0.152826 1.44452 
0.260118 1.07292 
0.321484 0.613659 
0.334994 0.135097 
0.30494 -0.300533 
0.240526 -0.644141 
-0.6 -0.4 
-0.56 0.4 
-0.455 1.05 
-0.30625 1.4875 
-0.137813 1.68438 
0.0267969 1.64609 
0.16748 1.40684 
0.269644 1.02163 
0.325331 0.556873 
0.333391 0.0806 
0.298769 -0.346214 
0.23113 -0.676399 
-0.6 -0.3 
-0.55125 0.4875 
-0.439688 1.11563 
-0.287109 1.52578 
-0.117715 1.69395 
0.0452197 1.62935 
0.182135 1.36915 
0.279169 0.97034 
0.329178 0.500086 
0.331788 0.0261034 
0.292599 -0.391894 
0.221733 -0.708656 
-0.6 -0.2 
-0.5425 0.575 
-0.424375 1.18125 
-0.267969 1.56406 
-0.0976172 1.70352 
0.0636426 1.6126 
0.19679 1.33147 
0.288694 0.919049 
0.333024 0.4433 
0.330185 -0.0283932 
0.286428 -0.437575 
0.212336 -0.740913 
-0.6 -0.1 
-0.53375 0.6625 
-0.409063 1.24688 
-0.248828 1.60234 
-0.0775195 1.71309 
0.0820654 1.59585 
0.211444 1.29379 
0.29822 0.867758 
0.336871 0.386514 
0.328582 -0.0828897 
0.280257 -0.483256 
0.20294 -0.77317 
-0.6 -1.38778e-16 
-0.525 0.75 
-0.39375 1.3125 
-0.229687 1.64063 
-0.0574219 1.72266 
0.100488 1.5791 
0.226099 1.2561 
0.307745 0.816467 
0.340718 0.329727 
0.326979 -0.137386 
0.274086 -0.528937 
0.193543 -0.805427 
-0.6 0.1 
-0.51625 0.8375 
-0.378438 1.37813 
-0.210547 1.67891 
-0.0373242 1.73223 
0.118911 1.56235 
0.240753 1.21842 
0.317271 0.765176 
0.344565 0.272941 
0.325377 -0.191883 
0.267915 -0.574618 
0.184146 -0.837684 
-0.6 0.2 
-0.5075 0.925 
-0.363125 1.44375 
-0.191406 1.71719 
-0.0172266 1.7418 
0.137334 1.54561 
0.255408 1.18074 
0.326796 0.713885 
0.348412 0.216154 
0.323774 -0.246379 
0.261744 -0.620299 
0.17475 -0.869942 
-0.6 0.3 
-0.49875 1.0125 
-0.347813 1.50938 
-0.172266 1.75547 
0.00287109 1.75137 
0.155757 1.52886 
0.270062 1.14305 
0.336322 0.662595 
0.352259 0.159368 
0.322171 -0.300876 
0.255573 -0.66598 
0.165353 -0.902199 
-0.6 0.4 
-0.49 1.1 
-0.3325 1.575 
-0.153125 1.79375 
0.0229687 1.76094 
0.17418 1.51211 
0.284717 1.10537 
0.345847 0.611304 
0.356105 0.102582 
0.320568 -0.355373 
0.249402 -0.711661 
0.155956 -0.934456 
-0.6 0.5 
-0.48125 1.1875 
-0.317188 1.64063 
-0.133984 1.83203 
0.0430664 1.77051 
0.192603 1.49536 
0.299371 1.06769 
0.355373 0.560013 
0.359952 0.0457954 
0.318965 -0.409869 
0.243231 -0.757342 
0.14656 -0.966713 
-0.6 0.6 
-0.4725 1.275 
-0.301875 1.70625 
-0.114844 1.87031 
0.0631641 1.78008 
0.211025 1.47861 
0.314026 1.03 
0.364898 0.508722 
0.363799 -0.0109909 
0.317362 -0.464366 
0.23706 -0.803023 
0.137163 -0.99897 
-0.6 0.7 
-0.46375 1.3625 
-0.286563 1.77188 
-0.0957031 1.90859 
0.0832617 1.78965 
0.229448 1.46187 
0.32868 0.992322 
0.374424 0.457431 
0.367646 -0.0677773 
0.31576 -0.518862 
0.230889 -0.848704 
0.127766 -1.03123 
-0.6 0.8 
-0.455 1.45 
-0.27125 1.8375 
-0.0765625 1.94688 
0.103359 1.79922 
0.247871 1.44512 
0.343335 0.954639 
0.383949 0.40614 
0.371493 -0.124564 
0.314157 -0.573359 
0.224718 -0.894385 
0.11837 -1.06348 
-0.6 0.9 
-0.44625 1.5375 
-0.255938 1.90313 
-0.0574219 1.98516 
0.123457 1.80879 
0.266294 1.42837 
0.35799 0.916956 
0.393474 0.354849 
0.375339 -0.18135 
0.312554 -0.627855 
0.218547 -0.940066 
0.108973 -1.09574 
-0.6 1 
-0.4375 1.625 
-0.240625 1.96875 
-0.0382813 2.02344 
0.143555 1.81836 
0.284717 1.41162 
0.372644 0.879272 
0.403 0.303558 
0.379186 -0.238136 
0.310951 -0.682352 
0.212376 -0.985747 
0.0995765 -1.128 
-0.5 -1 
-0.525 -0.25 
-0.48125 0.4375 
-0.382813 0.984375 
-0.248828 1.33984 
-0.100488 1.4834 
0.0418701 1.42358 
0.1612 1.1933 
0.245464 0.842636 
0.288511 0.430477 
0.290114 0.0160284 
0.255252 -0.348618 
-0.5 -0.9 
-0.51625 -0.1625 
-0.465938 0.503125 
-0.363672 1.02266 
-0.22873 1.34941 
-0.0820654 1.46665 
0.0565247 1.3859 
0.170725 1.14201 
0.24931 0.78585 
0.286908 0.375981 
0.283943 -0.0296525 
0.245856 -0.380875 
-0.5 -0.8 
-0.5075 -0.075 
-0.450625 0.56875 
-0.344531 1.06094 
-0.208633 1.35898 
-0.0636426 1.4499 
0.0711792 1.34822 
0.180251 1.09072 
0.253157 0.729063 
0.285306 0.321484 
0.277772 -0.0753335 
0.236459 -0.413132 
-0.5 -0.7 
-0.49875 0.0125 
-0.435313 0.634375 
-0.325391 1.09922 
-0.188535 1.36855 
-0.0452197 1.43315 
0.0858337 1.31053 
0.189776 1.03943 
0.257004 0.672277 
0.283703 0.266987 
0.271601 -0.121014 
0.227062 -0.445389 
-0.5 -0.6 
-0.49 0.1 
-0.42 0.7 
-0.30625 1.1375 
-0.168437 1.37813 
-0.0267969 1.41641 
0.100488 1.27285 
0.199302 0.988135 
0.260851 0.615491 
0.2821 0.212491 
0.26543 -0.166695 
0.217666 -0.477646 
-0.5 -0.5 
-0.48125 0.1875 
-0.404688 0.765625 
-0.287109 1.17578 
-0.14834 1.3877 
-0.00837402 1.39966 
0.115143 1.23517 
0.208827 0.936844 
0.264698 0.558704 
0.280497 0.157994 
0.259259 -0.212376 
0.208269 -0.509904 
-0.5 -0.4 
-0.4725 0.275 
-0.389375 0.83125 
-0.267969 1.21406 
-0.128242 1.39727 
0.0100488 1.38291 
0.129797 1.19749 
0.218353 0.885553 
0.268544 0.501918 
0.278894 0.103498 
0.253089 -0.258057 
0.198872 -0.542161 
-0.5 -0.3 
-0.46375 0.3625 
-0.374063 0.896875 
-0.248828 1.25234 
-0.108145 1.40684 
0.0284717 1.36616 
0.144452 1.1598 
0.227878 0.834262 
0.272391 0.445132 
0.277291 0.0490011 
0.246918 -0.303738 
0.189476 -0.574418 
-0.5 -0.2 
-0.455 0.45 
-0.35875 0.9625 
-0.229688 1.29063 
-0.0880469 1.41641 
0.0468945 1.34941 
0.159106 1.12212 
0.237404 0.782971 
0.276238 0.388345 
0.275689 -0.00549545 
0.240747 -0.349419 
0.180079 -0.606675 
-0.5 -0.1 
-0.44625 0.5375 
-0.343438 1.02813 
-0.210547 1.32891 
-0.0679492 1.42598 
0.0653174 1.33267 
0.173761 1.08444 
0.246929 0.73168 
0.280085 0.331559 
0.274086 -0.059992 
0.234576 -0.3951 
0.170682 -0.638932 
-0.5 -1.38778e-16 
-0.4375 0.625 
-0.328125 1.09375 
-0.191406 1.36719 
-0.0478516 1.43555 
0.0837402 1.31592 
0.188416 1.04675 
0.256454 0.680389 
0.283932 0.274773 
0.272483 -0.114489 
0.228405 -0.440781 
0.161286 -0.671189 
-0.5 0.1 
-0.42875 0.7125 
-0.312813 1.15938 
-0.172266 1.40547 
-0.0277539 1.44512 
0.102163 1.29917 
0.20307 1.00907 
0.26598 0.629099 
0.287779 0.217986 
0.27088 -0.168985 
0.222234 -0.486462 
0.151889 -0.703447 
-0.5 0.2 
-0.42 0.8 
-0.2975 1.225 
-0.153125 1.44375 
-0.00765625 1.45469 
0.120586 1.28242 
0.217725 0.971387 
0.275505 0.577808 
0.291625 0.1612 
0.269277 -0.223482 
0.216063 -0.532143 
0.142493 -0.735704 
-0.5 0.3 
-0.41125 0.8875 
-0.282188 1.29063 
-0.133984 1.48203 
0.0124414 1.46426 
0.139009 1.26567 
0.232379 0.933704 
0.285031 0.526517 
0.295472 0.104414 
0.267674 -0.277978 
0.209892 -0.577824 
0.133096 -0.767961 
-0.5 0.4 
-0.4025 0.975 
-0.266875 1.35625 
-0.114844 1.52031 
0.0325391 1.47383 
0.157432 1.24893 
0.247034 0.896021 
0.294556 0.475226 
0.299319 0.0476273 
0.266072 -0.332475 
0.203721 -0.623505 
0.123699 -0.800218 
-0.5 0.5 
-0.39375 1.0625 
-0.251563 1.42188 
-0.0957031 1.55859 
0.0526367 1.4834 
0.175854 1.23218 
0.261688 0.858337 
0.304082 0.423935 
0.303166 -0.00915909 
0.264469 -0.386971 
0.19755 -0.669186 
0.114303 -0.832475 
-0.5 0.6 
-0.385 1.15 
-0.23625 1.4875 
-0.0765625 1.59688 
0.0727344 1.49297 
0.194277 1.21543 
0.276343 0.820654 
0.313607 0.372644 
0.307013 -0.0659454 
0.262866 -0.441468 
0.191379 -0.714867 
0.104906 -0.864732 
-0.5 0.7 
-0.37625 1.2375 
-0.220938 1.55313 
-0.0574219 1.63516 
0.092832 1.50254 
0.2127 1.19868 
0.290997 0.782971 
0.323133 0.321353 
0.310859 -0.122732 
0.261263 -0.495965 
0.185208 -0.760548 
0.0955093 -0.89699 
-0.5 0.8 
-0.3675 1.325 
-0.205625 1.61875 
-0.0382813 1.67344 
0.11293 1.51211 
0.231123 1.18193 
0.305652 0.745288 
0.332658 0.270062 
0.314706 -0.179518 
0.25966 -0.550461 
0.179037 -0.806229 
0.0861126 -0.929247 
-0.5 0.9 
-0.35875 1.4125 
-0.190313 1.68438 
-0.0191406 1.71172 
0.133027 1.52168 
0.249546 1.16519 
0.320306 0.707605 
0.342184 0.218771 
0.318553 -0.236304 
0.258057 -0.604958 
0.172866 -0.85191 
0.0767159 -0.961504 
-0.5 1 
-0.35 1.5 
-0.175 1.75 
-6.31439e-17 1.75 
0.153125 1.53125 
0.267969 1.14844 
0.334961 0.669922 
0.351709 0.16748 
0.3224 -0.293091 
0.256454 -0.659454 
0.166695 -0.897591 
0.0673193 -0.993761 
-0.4 -1 
-0.4375 -0.375 
-0.415625 0.21875 
-0.344531 0.710938 
-0.239258 1.05273 
-0.117236 1.22021 
0.00418701 1.21423 
0.109909 1.05722 
0.188677 0.787682 
0.234015 0.453375 
0.244433 0.104185 
0.222995 -0.21438 
-0.4 -0.9 
-0.42875 -0.2875 
-0.400313 0.284375 
-0.325391 0.749219 
-0.21916 1.0623 
-0.0988135 1.20347 
0.0188416 1.17655 
0.119435 1.00593 
0.192524 0.730895 
0.232412 0.398878 
0.238262 0.0585037 
0.213599 -0.246637 
-0.4 -0.8 
-0.42 -0.2 
-0.385 0.35 
-0.30625 0.7875 
-0.199062 1.07188 
-0.0803906 1.18672 
0.0334961 1.13887 
0.12896 0.954639 
0.196371 0.674109 
0.230809 0.344382 
0.232091 0.0128227 
0.204202 -0.278894 
-0.4 -0.7 
-0.41125 -0.1125 
-0.369688 0.415625 
-0.287109 0.825781 
-0.178965 1.08145 
-0.0619678 1.16997 
0.0481506 1.10118 
0.138485 0.903348 
0.200218 0.617323 
0.229206 0.289885 
0.22592 -0.0328582 
0.194805 -0.311151 
-0.4 -0.6 
-0.4025 -0.025 
-0.354375 0.48125 
-0.267969 0.864063 
-0.158867 1.09102 
-0.0435449 1.15322 
0.0628052 1.0635 
0.148011 0.852057 
0.204064 0.560536 
0.227603 0.235389 
0.219749 -0.0785392 
0.185409 -0.343409 
-0.4 -0.5 
-0.39375 0.0625 
-0.339063 0.546875 
-0.248828 0.902344 
-0.13877 1.10059 
-0.0251221 1.13647 
0.0774597 1.02582 
0.157536 0.800766 
0.207911 0.50375 
0.226 0.180892 
0.213578 -0.12422 
0.176012 -0.375666 
-0.4 -0.4 
-0.385 0.15 
-0.32375 0.6125 
-0.229688 0.940625 
-0.118672 1.11016 
-0.00669922 1.11973 
0.0921143 0.988135 
0.167062 0.749475 
0.211758 0.446964 
0.224398 0.126395 
0.207408 -0.169901 
0.166615 -0.407923 
-0.4 -0.3 
-0.37625 0.2375 
-0.308438 0.678125 
-0.210547 0.978906 
-0.0985742 1.11973 
0.0117236 1.10298 
0.106769 0.950452 
0.176587 0.698184 
0.215605 0.390177 
0.222795 0.0718988 
0.201237 -0.215582 
0.157219 -0.44018 
-0.4 -0.2 
-0.3675 0.325 
-0.293125 0.74375 
-0.191406 1.01719 
-0.0784766 1.1293 
0.0301465 1.08623 
0.121423 0.912769 
0.186113 0.646893 
0.219452 0.333391 
0.221192 0.0174023 
0.195066 -0.261263 
0.147822 -0.472437 
-0.4 -0.1 
-0.35875 0.4125 
-0.277813 0.809375 
-0.172266 1.05547 
-0.0583789 1.13887 
0.0485693 1.06948 
0.136078 0.875085 
0.195638 0.595602 
0.223299 0.276604 
0.219589 -0.0370943 
0.188895 -0.306944 
0.138425 -0.504694 
-0.4 -1.38778e-16 
-0.35 0.5 
-0.2625 0.875 
-0.153125 1.09375 
-0.0382813 1.14844 
0.0669922 1.05273 
0.150732 0.837402 
0.205164 0.544312 
0.227145 0.219818 
0.217986 -0.0915909 
0.182724 -0.352625 
0.129029 -0.536952 
-0.4 0.1 
-0.34125 0.5875 
-0.247188 0.940625 
-0.133984 1.13203 
-0.0181836 1.15801 
0.085415 1.03599 
0.165387 0.799719 
0.214689 0.493021 
0.230992 0.163032 
0.216383 -0.146087 
0.176553 -0.398306 
0.119632 -0.569209 
-0.4 0.2 
-0.3325 0.675 
-0.231875 1.00625 
-0.114844 1.17031 
0.00191406 1.16758 
0.103838 1.01924 
0.180042 0.762036 
0.224214 0.44173 
0.234839 0.106245 
0.214781 -0.200584 
0.170382 -0.443987 
0.110235 -0.601466 
-0.4 0.3 
-0.32375 0.7625 
-0.216563 1.07188 
-0.0957031 1.20859 
0.0220117 1.17715 
0.122261 1.00249 
0.194696 0.724353 
0.23374 0.390439 
0.238686 0.0494591 
0.213178 -0.255081 
0.164211 -0.489668 
0.100839 -0.633723 
-0.4 0.4 
-0.315 0.85 
-0.20125 1.1375 
-0.0765625 1.24688 
0.0421094 1.18672 
0.140684 0.985742 
0.209351 0.68667 
0.243265 0.339148 
0.242533 -0.00732727 
0.211575 -0.309577 
0.15804 -0.535349 
0.091442 -0.66598 
-0.4 0.5 
-0.30625 0.9375 
-0.185938 1.20313 
-0.0574219 1.28516 
0.062207 1.19629 
0.159106 0.968994 
0.224005 0.648987 
0.252791 0.287857 
0.246379 -0.0641136 
0.209972 -0.364074 
0.151869 -0.58103 
0.0820454 -0.698237 
-0.4 0.6 
-0.2975 1.025 
-0.170625 1.26875 
-0.0382813 1.32344 
0.0823047 1.20586 
0.177529 0.952246 
0.23866 0.611304 
0.262316 0.236566 
0.250226 -0.1209 
0.208369 -0.41857 
0.145698 -0.626711 
0.0726487 -0.730495 
-0.4 0.7 
-0.28875 1.1125 
-0.155313 1.33438 
-0.0191406 1.36172 
0.102402 1.21543 
0.195952 0.935498 
0.253314 0.573621 
0.271842 0.185275 
0.254073 -0.177686 
0.206766 -0.473067 
0.139527 -0.672392 
0.0632521 -0.762752 
-0.4 0.8 
-0.28 1.2 
-0.14 1.4 
-9.71445e-17 1.4 
0.1225 1.225 
0.214375 0.91875 
0.267969 0.535938 
0.281367 0.133984 
0.25792 -0.234473 
0.205164 -0.527563 
0.133356 -0.718073 
0.0538554 -0.795009 
-0.4 0.9 
-0.27125 1.2875 
-0.124688 1.46563 
0.0191406 1.43828 
0.142598 1.23457 
0.232798 0.902002 
0.282623 0.498254 
0.290893 0.0826935 
0.261767 -0.291259 
0.203561 -0.58206 
0.127185 -0.763753 
0.0444588 -0.827266 
-0.4 1 
-0.2625 1.375 
-0.109375 1.53125 
0.0382812 1.47656 
0.162695 1.24414 
0.251221 0.885254 
0.297278 0.460571 
0.300418 0.0314026 
0.265614 -0.348045 
0.201958 -0.636557 
0.121014 -0.809434 
0.0350621 -0.859523 
-0.3 -1 
-0.35 -0.5 
-0.35 3.88578e-16 
-0.30625 0.4375 
-0.229687 0.765625 
-0.133984 0.957031 
-0.0334961 1.00488 
0.0586182 0.921143 
0.131891 0.732727 
0.179518 0.476273 
0.198752 0.192341 
0.190738 -0.080142 
-0.3 -0.9 
-0.34125 -0.4125 
-0.334688 0.065625 
-0.287109 0.475781 
-0.20959 0.775195 
-0.115562 0.940283 
-0.0188416 0.9672 
0.0681436 0.869852 
0.135738 0.675941 
0.177915 0.421776 
0.192581 0.14666 
0.181341 -0.112399 
-0.3 -0.8 
-0.3325 -0.325 
-0.319375 0.13125 
-0.267969 0.514063 
-0.189492 0.784766 
-0.0971387 0.923535 
-0.00418701 0.929517 
0.0776691 0.818561 
0.139585 0.619154 
0.176312 0.367279 
0.18641 0.100979 
0.171945 -0.144656 
-0.3 -0.7 
-0.32375 -0.2375 
-0.304063 0.196875 
-0.248828 0.552344 
-0.169395 0.794336 
-0.0787158 0.906787 
0.0104675 0.891833 
0.0871945 0.76727 
0.143431 0.562368 
0.17471 0.312783 
0.180239 0.055298 
0.162548 -0.176914 
-0.3 -0.6 
-0.315 -0.15 
-0.28875 0.2625 
-0.229688 0.590625 
-0.149297 0.803906 
-0.060293 0.890039 
0.0251221 0.85415 
0.09672 0.715979 
0.147278 0.505582 
0.173107 0.258286 
0.174068 0.00961704 
0.153151 -0.209171 
-0.3 -0.5 
-0.30625 -0.0625 
-0.273438 0.328125 
-0.210547 0.628906 
-0.129199 0.813477 
-0.0418701 0.873291 
0.0397766 0.816467 
0.106245 0.664688 
0.151125 0.448795 
0.171504 0.20379 
0.167898 -0.0360639 
0.143755 -0.241428 
-0.3 -0.4 
-0.2975 0.025 
-0.258125 0.39375 
-0.191406 0.667188 
-0.109102 0.823047 
-0.0234473 0.856543 
0.0544312 0.778784 
0.115771 0.613397 
0.154972 0.392009 
0.169901 0.149293 
0.161727 -0.0817449 
0.134358 -0.273685 
-0.3 -0.3 
-0.28875 0.1125 
-0.242813 0.459375 
-0.172266 0.705469 
-0.0890039 0.832617 
-0.00502441 0.839795 
0.0690857 0.741101 
0.125296 0.562106 
0.158819 0.335223 
0.168298 0.0947966 
0.155556 -0.127426 
0.124961 -0.305942 
-0.3 -0.2 
-0.28 0.2 
-0.2275 0.525 
-0.153125 0.74375 
-0.0689063 0.842188 
0.0133984 0.823047 
0.0837402 0.703418 
0.134822 0.510815 
0.162665 0.278436 
0.166695 0.0403 
0.149385 -0.173107 
0.115565 -0.338199 
-0.3 -0.1 
-0.27125 0.2875 
-0.212188 0.590625 
-0.133984 0.782031 
-0.0488086 0.851758 
0.0318213 0.806299 
0.0983948 0.665735 
0.144347 0.459525 
0.166512 0.22165 
0.165093 -0.0141966 
0.143214 -0.218788 
0.106168 -0.370456 
-0.3 -1.38778e-16 
-0.2625 0.375 
-0.196875 0.65625 
-0.114844 0.820313 
-0.0287109 0.861328 
0.0502441 0.789551 
0.113049 0.628052 
0.153873 0.408234 
0.170359 0.164864 
0.16349 -0.0686932 
0.137043 -0.264469 
0.0967715 -0.402714 
-0.3 0.1 
-0.25375 0.4625 
-0.181563 0.721875 
-0.0957031 0.858594 
-0.00861328 0.870898 
0.068667 0.772803 
0.127704 0.590369 
0.163398 0.356943 
0.174206 0.108077 
0.161887 -0.12319 
0.130872 -0.31015 
0.0873748 -0.434971 
-0.3 0.2 
-0.245 0.55 
-0.16625 0.7875 
-0.0765625 0.896875 
0.0114844 0.880469 
0.0870898 0.756055 
0.142358 0.552686 
0.172924 0.305652 
0.178053 0.0512909 
0.160284 -0.177686 
0.124701 -0.355831 
0.0779782 -0.467228 
-0.3 0.3 
-0.23625 0.6375 
-0.150938 0.853125 
-0.0574219 0.935156 
0.031582 0.890039 
0.105513 0.739307 
0.157013 0.515002 
0.182449 0.254361 
0.181899 -0.00549545 
0.158681 -0.232183 
0.11853 -0.401512 
0.0685815 -0.499485 
-0.3 0.4 
-0.2275 0.725 
-0.135625 0.91875 
-0.0382813 0.973438 
0.0516797 0.899609 
0.123936 0.722559 
0.171667 0.477319 
0.191974 0.20307 
0.185746 -0.0622818 
0.157078 -0.286679 
0.112359 -0.447192 
0.0591849 -0.531742 
-0.3 0.5 
-0.21875 0.8125 
-0.120313 0.984375 
-0.0191406 1.01172 
0.0717773 0.90918 
0.142358 0.705811 
0.186322 0.439636 
0.2015 0.151779 
0.189593 -0.119068 
0.155476 -0.341176 
0.106188 -0.492873 
0.0497882 -0.563999 
-0.3 0.6 
-0.21 0.9 
-0.105 1.05 
-5.10009e-17 1.05 
0.091875 0.91875 
0.160781 0.689063 
0.200977 0.401953 
0.211025 0.100488 
0.19344 -0.175854 
0.153873 -0.395673 
0.100017 -0.538554 
0.0403916 -0.596257 
-0.3 0.7 
-0.20125 0.9875 
-0.0896875 1.11563 
0.0191406 1.08828 
0.111973 0.92832 
0.179204 0.672314 
0.215631 0.36427 
0.220551 0.0491974 
0.197287 -0.232641 
0.15227 -0.450169 
0.0938463 -0.584235 
0.0309949 -0.628514 
-0.3 0.8 
-0.1925 1.075 
-0.074375 1.18125 
0.0382812 1.12656 
0.13207 0.937891 
0.197627 0.655566 
0.230286 0.326587 
0.230076 -0.00209351 
0.201134 -0.289427 
0.150667 -0.504666 
0.0876754 -0.629916 
0.0215983 -0.660771 
-0.3 0.9 
-0.18375 1.1625 
-0.0590625 1.24688 
0.0574219 1.16484 
0.152168 0.947461 
0.21605 0.638818 
0.24494 0.288904 
0.239602 -0.0533844 
0.20498 -0.346214 
0.149064 -0.559162 
0.0815044 -0.675597 
0.0122016 -0.693028 
-0.3 1 
-0.175 1.25 
-0.04375 1.3125 
0.0765625 1.20313 
0.172266 0.957031 
0.234473 0.62207 
0.259595 0.251221 
0.249127 -0.104675 
0.208827 -0.403 
0.147461 -0.613659 
0.0753335 -0.721278 
0.00280497 -0.725285 
-0.2 -1 
-0.2625 -0.625 
-0.284375 -0.21875 
-0.267969 0.164063 
-0.220117 0.478516 
-0.150732 0.693848 
-0.0711792 0.795532 
0.00732727 0.785065 
0.0751045 0.677773 
0.125022 0.49917 
0.153071 0.280497 
0.158481 0.0540959 
-0.2 -0.9 
-0.25375 -0.5375 
-0.269063 -0.153125 
-0.248828 0.202344 
-0.20002 0.488086 
-0.13231 0.6771 
-0.0565247 0.757849 
0.0168527 0.733774 
0.0789513 0.620986 
0.123419 0.444674 
0.1469 0.234816 
0.149084 0.0218387 
-0.2 -0.8 
-0.245 -0.45 
-0.25375 -0.0875 
-0.229688 0.240625 
-0.179922 0.497656 
-0.113887 0.660352 
-0.0418701 0.720166 
0.0263782 0.682483 
0.0827982 0.5642 
0.121816 0.390177 
0.140729 0.189135 
0.139688 -0.0104185 
-0.2 -0.7 
-0.23625 -0.3625 
-0.238438 -0.021875 
-0.210547 0.278906 
-0.159824 0.507227 
-0.0954639 0.643604 
-0.0272156 0.682483 
0.0359036 0.631192 
0.086645 0.507413 
0.120213 0.335681 
0.134558 0.143454 
0.130291 -0.0426756 
-0.2 -0.6 
-0.2275 -0.275 
-0.223125 0.04375 
-0.191406 0.317188 
-0.139727 0.516797 
-0.077041 0.626855 
-0.012561 0.6448 
0.0454291 0.579901 
0.0904918 0.450627 
0.11861 0.281184 
0.128388 0.0977733 
0.120894 -0.0749328 
-0.2 -0.5 
-0.21875 -0.1875 
-0.207813 0.109375 
-0.172266 0.355469 
-0.119629 0.526367 
-0.0586182 0.610107 
0.00209351 0.607117 
0.0549545 0.52861 
0.0943386 0.393841 
0.117007 0.226687 
0.122217 0.0520923 
0.111498 -0.10719 
-0.2 -0.4 
-0.21 -0.1 
-0.1925 0.175 
-0.153125 0.39375 
-0.0995313 0.535938 
-0.0401953 0.593359 
0.016748 0.569434 
0.06448 0.477319 
0.0981854 0.337054 
0.115405 0.172191 
0.116046 0.00641136 
0.102101 -0.139447 
-0.2 -0.3 
-0.20125 -0.0125 
-0.177188 0.240625 
-0.133984 0.432031 
-0.0794336 0.545508 
-0.0217725 0.576611 
0.0314026 0.53175 
0.0740054 0.426028 
0.102032 0.280268 
0.113802 0.117694 
0.109875 -0.0392696 
0.0927043 -0.171704 
-0.2 -0.2 
-0.1925 0.075 
-0.161875 0.30625 
-0.114844 0.470313 
-0.0593359 0.555078 
-0.00334961 0.559863 
0.0460571 0.494067 
0.0835309 0.374738 
0.105879 0.223482 
0.112199 0.0631977 
0.103704 -0.0849505 
0.0833076 -0.203961 
-0.2 -0.1 
-0.18375 0.1625 
-0.146563 0.371875 
-0.0957031 0.508594 
-0.0392383 0.564648 
0.0150732 0.543115 
0.0607117 0.456384 
0.0930563 0.323447 
0.109726 0.166695 
0.110596 0.00870113 
0.0975328 -0.130631 
0.073911 -0.236219 
-0.2 -1.38778e-16 
-0.175 0.25 
-0.13125 0.4375 
-0.0765625 0.546875 
-0.0191406 0.574219 
0.0334961 0.526367 
0.0753662 0.418701 
0.102582 0.272156 
0.113573 0.109909 
0.108993 -0.0457954 
0.0913619 -0.176312 
0.0645143 -0.268476 
-0.2 0.1 
-0.16625 0.3375 
-0.115938 0.503125 
-0.0574219 0.585156 
0.000957031 0.583789 
0.0519189 0.509619 
0.0900208 0.381018 
0.112107 0.220865 
0.11742 0.0531227 
0.10739 -0.100292 
0.085191 -0.221993 
0.0551177 -0.300733 
-0.2 0.2 
-0.1575 0.425 
-0.100625 0.56875 
-0.0382813 0.623438 
0.0210547 0.593359 
0.0703418 0.492871 
0.104675 0.343335 
0.121633 0.169574 
0.121266 -0.00366364 
0.105787 -0.154789 
0.07902 -0.267674 
0.045721 -0.33299 
-0.2 0.3 
-0.14875 0.5125 
-0.0853125 0.634375 
-0.0191406 0.661719 
0.0411523 0.60293 
0.0887646 0.476123 
0.11933 0.305652 
0.131158 0.118283 
0.125113 -0.06045 
0.104185 -0.209285 
0.0728491 -0.313355 
0.0363244 -0.365247 
-0.2 0.4 
-0.14 0.6 
-0.07 0.7 
-4.00721e-17 0.7 
0.06125 0.6125 
0.107188 0.459375 
0.133984 0.267969 
0.140684 0.0669922 
0.12896 -0.117236 
0.102582 -0.263782 
0.0666782 -0.359036 
0.0269277 -0.397504 
-0.2 0.5 
-0.13125 0.6875 
-0.0546875 0.765625 
0.0191406 0.738281 
0.0813477 0.62207 
0.12561 0.442627 
0.148639 0.230286 
0.150209 0.0157013 
0.132807 -0.174023 
0.100979 -0.318278 
0.0605072 -0.404717 
0.0175311 -0.429762 
-0.2 0.6 
-0.1225 0.775 
-0.039375 0.83125 
0.0382812 0.776563 
0.101445 0.631641 
0.144033 0.425879 
0.163293 0.192603 
0.159734 -0.0355896 
0.136654 -0.230809 
0.0993761 -0.372775 
0.0543363 -0.450398 
0.00813442 -0.462019 
-0.2 0.7 
-0.11375 0.8625 
-0.0240625 0.896875 
0.0574219 0.814844 
0.121543 0.641211 
0.162456 0.409131 
0.177948 0.154919 
0.16926 -0.0868805 
0.1405 -0.287595 
0.0977733 -0.427271 
0.0481654 -0.496079 
-0.00126224 -0.494276 
-0.2 0.8 
-0.105 0.95 
-0.00875 0.9625 
0.0765625 0.853125 
0.141641 0.650781 
0.180879 0.392383 
0.192603 0.117236 
0.178785 -0.138171 
0.144347 -0.344382 
0.0961704 -0.481768 
0.0419944 -0.54176 
-0.0106589 -0.526533 
-0.2 0.9 
-0.09625 1.0375 
0.0065625 1.02813 
0.0957031 0.891406 
0.161738 0.660352 
0.199302 0.375635 
0.207257 0.0795532 
0.188311 -0.189462 
0.148194 -0.401168 
0.0945676 -0.536265 
0.0358235 -0.587441 
-0.0200555 -0.55879 
-0.2 1 
-0.0875 1.125 
0.021875 1.09375 
0.114844 0.929688 
0.181836 0.669922 
0.217725 0.358887 
0.221912 0.0418701 
0.197836 -0.240753 
0.152041 -0.457954 
0.0929647 -0.590761 
0.0296525 -0.633122 
-0.0294522 -0.591047 
-0.1 -1 
-0.175 -0.75 
-0.21875 -0.4375 
-0.229688 -0.109375 
-0.210547 0.191406 
-0.16748 0.430664 
-0.108862 0.586182 
-0.0439636 0.648987 
0.0183182 0.622818 
0.070525 0.522068 
0.10739 0.368653 
0.126224 0.188334 
-0.1 -0.9 
-0.16625 -0.6625 
-0.203438 -0.371875 
-0.210547 -0.0710937 
-0.190449 0.200977 
-0.149058 0.413916 
-0.0942078 0.548499 
-0.0344382 0.597696 
0.022165 0.566032 
0.0689221 0.467571 
0.101219 0.322972 
0.116827 0.156077 
-0.1 -0.8 
-0.1575 -0.575 
-0.188125 -0.30625 
-0.191406 -0.0328125 
-0.170352 0.210547 
-0.130635 0.397168 
-0.0795532 0.510815 
-0.0249127 0.546405 
0.0260118 0.509245 
0.0673193 0.413075 
0.0950484 0.277291 
0.10743 0.123819 
-0.1 -0.7 
-0.14875 -0.4875 
-0.172813 -0.240625 
-0.172266 0.00546875 
-0.150254 0.220117 
-0.112212 0.38042 
-0.0648987 0.473132 
-0.0153873 0.495114 
0.0298586 0.452459 
0.0657165 0.358578 
0.0888775 0.23161 
0.0980337 0.0915623 
-0.1 -0.6 
-0.14 -0.4 
-0.1575 -0.175 
-0.153125 0.04375 
-0.130156 0.229688 
-0.0937891 0.363672 
-0.0502441 0.435449 
-0.00586182 0.443823 
0.0337054 0.395673 
0.0641136 0.304082 
0.0827066 0.185929 
0.0886371 0.0593051 
-0.1 -0.5 
-0.13125 -0.3125 
-0.142188 -0.109375 
-0.133984 0.0820313 
-0.110059 0.239258 
-0.0753662 0.346924 
-0.0355896 0.397766 
0.00366364 0.392532 
0.0375523 0.338886 
0.0625108 0.249585 
0.0765356 0.140249 
0.0792404 0.0270479 
-0.1 -0.4 
-0.1225 -0.225 
-0.126875 -0.04375 
-0.114844 0.120313 
-0.0899609 0.248828 
-0.0569434 0.330176 
-0.0209351 0.360083 
0.0131891 0.341241 
0.0413991 0.2821 
0.0609079 0.195089 
0.0703647 0.0945676 
0.0698438 -0.00520923 
-0.1 -0.3 
-0.11375 -0.1375 
-0.111563 0.021875 
-0.0957031 0.158594 
-0.0698633 0.258398 
-0.0385205 0.313428 
-0.00628052 0.3224 
0.0227145 0.289951 
0.0452459 0.225314 
0.0593051 0.140592 
0.0641938 0.0488866 
0.0604471 -0.0374664 
-0.1 -0.2 
-0.105 -0.05 
-0.09625 0.0875 
-0.0765625 0.196875 
-0.0497656 0.267969 
-0.0200977 0.29668 
0.00837402 0.284717 
0.03224 0.23866 
0.0490927 0.168527 
0.0577023 0.0860954 
0.0580228 0.00320568 
0.0510505 -0.0697236 
-0.1 -0.1 
-0.09625 0.0375 
-0.0809375 0.153125 
-0.0574219 0.235156 
-0.029668 0.277539 
-0.0016748 0.279932 
0.0230286 0.247034 
0.0417654 0.187369 
0.0529395 0.111741 
0.0560994 0.0315989 
0.0518519 -0.0424753 
0.0416538 -0.101981 
-0.1 -1.38778e-16 
-0.0875 0.125 
-0.065625 0.21875 
-0.0382813 0.273438 
-0.00957031 0.287109 
0.016748 0.263184 
0.0376831 0.209351 
0.0512909 0.136078 
0.0567863 0.0549545 
0.0544966 -0.0228977 
0.045681 -0.0881562 
0.0322572 -0.134238 
-0.1 0.1 
-0.07875 0.2125 
-0.0503125 0.284375 
-0.0191406 0.311719 
0.0105273 0.29668 
0.0351709 0.246436 
0.0523376 0.171667 
0.0608163 0.084787 
0.0606332 -0.00183182 
0.0528937 -0.0773943 
0.03951 -0.133837 
0.0228605 -0.166495 
-0.1 0.2 
-0.07 0.3 
-0.035 0.35 
-7.34655e-17 0.35 
0.030625 0.30625 
0.0535938 0.229688 
0.0669922 0.133984 
0.0703418 0.0334961 
0.06448 -0.0586182 
0.0512909 -0.131891 
0.0333391 -0.179518 
0.0134639 -0.198752 
-0.1 0.3 
-0.06125 0.3875 
-0.0196875 0.415625 
0.0191406 0.388281 
0.0507227 0.31582 
0.0720166 0.212939 
0.0816467 0.0963013 
0.0798672 -0.0177948 
0.0683268 -0.115405 
0.0496881 -0.186387 
0.0271681 -0.225199 
0.00406721 -0.231009 
-0.1 0.4 
-0.0525 0.475 
-0.004375 0.48125 
0.0382812 0.426563 
0.0708203 0.325391 
0.0904395 0.196191 
0.0963013 0.0586182 
0.0893927 -0.0690857 
0.0721736 -0.172191 
0.0480852 -0.240884 
0.0209972 -0.27088 
-0.00532944 -0.263267 
-0.1 0.5 
-0.04375 0.5625 
0.0109375 0.546875 
0.0574219 0.464844 
0.090918 0.334961 
0.108862 0.179443 
0.110956 0.0209351 
0.0989182 -0.120377 
0.0760204 -0.228977 
0.0464824 -0.295381 
0.0148263 -0.316561 
-0.0147261 -0.295524 
-0.1 0.6 
-0.035 0.65 
0.02625 0.6125 
0.0765625 0.503125 
0.111016 0.344531 
0.127285 0.162695 
0.12561 -0.016748 
0.108444 -0.171667 
0.0798672 -0.285764 
0.0448795 -0.349877 
0.00865534 -0.362242 
-0.0241227 -0.327781 
-0.1 0.7 
-0.02625 0.7375 
0.0415625 0.678125 
0.0957031 0.541406 
0.131113 0.354102 
0.145708 0.145947 
0.140265 -0.0544312 
0.117969 -0.222958 
0.0837141 -0.34255 
0.0432767 -0.404374 
0.0024844 -0.407923 
-0.0335194 -0.360038 
-0.1 0.8 
-0.0175 0.825 
0.056875 0.74375 
0.114844 0.579688 
0.151211 0.363672 
0.164131 0.129199 
0.154919 -0.0921143 
0.127495 -0.274249 
0.0875609 -0.399336 
0.0416739 -0.45887 
-0.00368653 -0.453604 
-0.0429161 -0.392295 
-0.1 0.9 
-0.00875 0.9125 
0.0721875 0.809375 
0.133984 0.617969 
0.171309 0.373242 
0.182554 0.112451 
0.169574 -0.129797 
0.13702 -0.32554 
0.0914077 -0.456123 
0.040071 -0.513367 
-0.00985747 -0.499285 
-0.0523127 -0.424552 
-0.1 1 
-1.43288e-16 1 
0.0875 0.875 
0.153125 0.65625 
0.191406 0.382813 
0.200977 0.0957031 
0.184229 -0.16748 
0.146545 -0.376831 
0.0952545 -0.512909 
0.0384682 -0.567863 
-0.0160284 -0.544966 
-0.0617094 -0.45681 
-1.38778e-16 -1 
-0.0875 -0.875 
-0.153125 -0.65625 
-0.191406 -0.382812 
-0.200977 -0.0957031 
-0.184229 0.16748 
-0.146545 0.376831 
-0.0952545 0.512909 
-0.0384682 0.567863 
0.0160284 0.544966 
0.0617094 0.45681 
0.0939665 0.322572 
-1.38778e-16 -0.9 
-0.07875 -0.7875 
-0.137813 -0.590625 
-0.172266 -0.344531 
-0.180879 -0.0861328 
-0.165806 0.150732 
-0.131891 0.339148 
-0.0857291 0.461618 
-0.0346214 0.511077 
0.0144256 0.490469 
0.0555384 0.411129 
0.0845699 0.290314 
-1.38778e-16 -0.8 
-0.07 -0.7 
-0.1225 -0.525 
-0.153125 -0.30625 
-0.160781 -0.0765625 
-0.147383 0.133984 
-0.117236 0.301465 
-0.0762036 0.410327 
-0.0307745 0.454291 
0.0128227 0.435973 
0.0493675 0.365448 
0.0751732 0.258057 
-1.38778e-16 -0.7 
-0.06125 -0.6125 
-0.107188 -0.459375 
-0.133984 -0.267969 
-0.140684 -0.0669922 
-0.12896 0.117236 
-0.102582 0.263782 
-0.0666782 0.359036 
-0.0269277 0.397504 
0.0112199 0.381476 
0.0431965 0.319767 
0.0657766 0.2258 
-1.38778e-16 -0.6 
-0.0525 -0.525 
-0.091875 -0.39375 
-0.114844 -0.229687 
-0.120586 -0.0574219 
-0.110537 0.100488 
-0.0879272 0.226099 
-0.0571527 0.307745 
-0.0230809 0.340718 
0.00961704 0.326979 
0.0370256 0.274086 
0.0563799 0.193543 
-1.38778e-16 -0.5 
-0.04375 -0.4375 
-0.0765625 -0.328125 
-0.0957031 -0.191406 
-0.100488 -0.0478516 
-0.0921143 0.0837402 
-0.0732727 0.188416 
-0.0476273 0.256454 
-0.0192341 0.283932 
0.0080142 0.272483 
0.0308547 0.228405 
0.0469833 0.161286 
-1.38778e-16 -0.4 
-0.035 -0.35 
-0.06125 -0.2625 
-0.0765625 -0.153125 
-0.0803906 -0.0382812 
-0.0736914 0.0669922 
-0.0586182 0.150732 
-0.0381018 0.205164 
-0.0153873 0.227145 
0.00641136 0.217986 
0.0246837 0.182724 
0.0375866 0.129029 
-1.38778e-16 -0.3 
-0.02625 -0.2625 
-0.0459375 -0.196875 
-0.0574219 -0.114844 
-0.060293 -0.0287109 
-0.0552686 0.0502441 
-0.0439636 0.113049 
-0.0285764 0.153873 
-0.0115405 0.170359 
0.00480852 0.16349 
0.0185128 0.137043 
0.02819 0.0967715 
-1.38778e-16 -0.2 
-0.0175 -0.175 
-0.030625 -0.13125 
-0.0382813 -0.0765625 
-0.0401953 -0.0191406 
-0.0368457 0.0334961 
-0.0293091 0.0753662 
-0.0190509 0.102582 
-0.00769363 0.113573 
0.00320568 0.108993 
0.0123419 0.0913619 
0.0187933 0.0645143 
-1.38778e-16 -0.1 
-0.00875 -0.0875 
-0.0153125 -0.065625 
-0.0191406 -0.0382812 
-0.0200977 -0.00957031 
-0.0184229 0.016748 
-0.0146545 0.0376831 
-0.00952545 0.0512909 
-0.00384682 0.0567863 
0.00160284 0.0544966 
0.00617094 0.045681 
0.00939665 0.0322572 
-1.38778e-16 -1.38778e-16 
-1.33574e-16 5.20417e-17 
-1.12323e-16 2.12504e-16 
-7.96889e-17 3.26345e-16 
-4.11726e-17 3.85163e-16 
-2.32426e-18 3.88483e-16 
3.19586e-17 3.42828e-16 
5.79612e-17 2.60026e-16 
7.34684e-17 1.55072e-16 
7.78536e-17 4.38522e-17 
7.19589e-17 -5.89463e-17 
5.78063e-17 -1.41527e-16 
-1.38778e-16 0.1 
0.00875 0.0875 
0.0153125 0.065625 
0.0191406 0.0382813 
0.0200977 0.00957031 
0.0184229 -0.016748 
0.0146545 -0.0376831 
0.00952545 -0.0512909 
0.00384682 -0.0567863 
-0.00160284 -0.0544966 
-0.00617094 -0.045681 
-0.00939665 -0.0322572 
-1.38778e-16 0.2 
0.0175 0.175 
0.030625 0.13125 
0.0382812 0.0765625 
0.0401953 0.0191406 
0.0368457 -0.0334961 
0.0293091 -0.0753662 
0.0190509 -0.102582 
0.00769363 -0.113573 
-0.00320568 -0.108993 
-0.0123419 -0.0913619 
-0.0187933 -0.0645143 
-1.38778e-16 0.3 
0.02625 0.2625 
0.0459375 0.196875 
0.0574219 0.114844 
0.060293 0.0287109 
0.0552686 -0.0502441 
0.0439636 -0.113049 
0.0285764 -0.153873 
0.0115405 -0.170359 
-0.00480852 -0.16349 
-0.0185128 -0.137043 
-0.02819 -0.0967715 
-1.38778e-16 0.4 
0.035 0.35 
0.06125 0.2625 
0.0765625 0.153125 
0.0803906 0.0382813 
0.0736914 -0.0669922 
0.0586182 -0.150732 
0.0381018 -0.205164 
0.0153873 -0.227145 
-0.00641136 -0.217986 
-0.0246837 -0.182724 
-0.0375866 -0.129029 
-1.38778e-16 0.5 
0.04375 0.4375 
0.0765625 0.328125 
0.0957031 0.191406 
0.100488 0.0478516 
0.0921143 -0.0837402 
0.0732727 -0.188416 
0.0476273 -0.256454 
0.0192341 -0.283932 
-0.0080142 -0.272483 
-0.0308547 -0.228405 
-0.0469833 -0.161286 
-1.38778e-16 0.6 
0.0525 0.525 
0.091875 0.39375 
0.114844 0.229688 
0.120586 0.0574219 
0.110537 -0.100488 
0.0879272 -0.226099 
0.0571527 -0.307745 
0.0230809 -0.340718 
-0.00961704 -0.326979 
-0.0370256 -0.274086 
-0.0563799 -0.193543 
-1.38778e-16 0.7 
0.06125 0.6125 
0.107187 0.459375 
0.133984 0.267969 
0.140684 0.0669922 
0.12896 -0.117236 
0.102582 -0.263782 
0.0666782 -0.359036 
0.0269277 -0.397504 
-0.0112199 -0.381476 
-0.0431965 -0.319767 
-0.0657766 -0.2258 
-1.38778e-16 0.8 
0.07 0.7 
0.1225 0.525 
0.153125 0.30625 
0.160781 0.0765625 
0.147383 -0.133984 
0.117236 -0.301465 
0.0762036 -0.410327 
0.0307745 -0.454291 
-0.0128227 -0.435973 
-0.0493675 -0.365448 
-0.0751732 -0.258057 
-1.38778e-16 0.9 
0.07875 0.7875 
0.137812 0.590625 
0.172266 0.344531 
0.180879 0.0861328 
0.165806 -0.150732 
0.131891 -0.339148 
0.0857291 -0.461618 
0.0346214 -0.511077 
-0.0144256 -0.490469 
-0.0555384 -0.411129 
-0.0845699 -0.290314 
-1.38778e-16 1 
0.0875 0.875 
0.153125 0.65625 
0.191406 0.382813 
0.200977 0.0957031 
0.184229 -0.16748 
0.146545 -0.376831 
0.0952545 -0.512909 
0.0384682 -0.567863 
-0.0160284 -0.544966 
-0.0617094 -0.45681 
-0.0939665 -0.322572 
0.1 -1 
-1.23859e-16 -1 
-0.0875 -0.875 
-0.153125 -0.65625 
-0.191406 -0.382812 
-0.200977 -0.0957031 
-0.184229 0.16748 
-0.146545 0.376831 
-0.0952545 0.512909 
-0.0384682 0.567863 
0.0160284 0.544966 
0.0617094 0.45681 
0.1 -0.9 
0.00875 -0.9125 
-0.0721875 -0.809375 
-0.133984 -0.617969 
-0.171309 -0.373242 
-0.182554 -0.112451 
-0.169574 0.129797 
-0.13702 0.32554 
-0.0914077 0.456123 
-0.040071 0.513367 
0.00985747 0.499285 
0.0523127 0.424552 
0.1 -0.8 
0.0175 -0.825 
-0.056875 -0.74375 
-0.114844 -0.579687 
-0.151211 -0.363672 
-0.164131 -0.129199 
-0.154919 0.0921143 
-0.127495 0.274249 
-0.0875609 0.399336 
-0.0416739 0.45887 
0.00368653 0.453604 
0.0429161 0.392295 
0.1 -0.7 
0.02625 -0.7375 
-0.0415625 -0.678125 
-0.0957031 -0.541406 
-0.131113 -0.354102 
-0.145708 -0.145947 
-0.140265 0.0544312 
-0.117969 0.222958 
-0.0837141 0.34255 
-0.0432767 0.404374 
-0.0024844 0.407923 
0.0335194 0.360038 
0.1 -0.6 
0.035 -0.65 
-0.02625 -0.6125 
-0.0765625 -0.503125 
-0.111016 -0.344531 
-0.127285 -0.162695 
-0.12561 0.016748 
-0.108444 0.171667 
-0.0798672 0.285764 
-0.0448795 0.349877 
-0.00865534 0.362242 
0.0241227 0.327781 
0.1 -0.5 
0.04375 -0.5625 
-0.0109375 -0.546875 
-0.0574219 -0.464844 
-0.090918 -0.334961 
-0.108862 -0.179443 
-0.110956 -0.0209351 
-0.0989182 0.120377 
-0.0760204 0.228977 
-0.0464824 0.295381 
-0.0148263 0.316561 
0.0147261 0.295524 
0.1 -0.4 
0.0525 -0.475 
0.004375 -0.48125 
-0.0382813 -0.426562 
-0.0708203 -0.325391 
-0.0904395 -0.196191 
-0.0963013 -0.0586182 
-0.0893927 0.0690857 
-0.0721736 0.172191 
-0.0480852 0.240884 
-0.0209972 0.27088 
0.00532944 0.263267 
0.1 -0.3 
0.06125 -0.3875 
0.0196875 -0.415625 
-0.0191406 -0.388281 
-0.0507227 -0.31582 
-0.0720166 -0.212939 
-0.0816467 -0.0963013 
-0.0798672 0.0177948 
-0.0683268 0.115405 
-0.0496881 0.186387 
-0.0271681 0.225199 
-0.00406721 0.231009 
0.1 -0.2 
0.07 -0.3 
0.035 -0.35 
-7.95371e-17 -0.35 
-0.030625 -0.30625 
-0.0535938 -0.229687 
-0.0669922 -0.133984 
-0.0703418 -0.0334961 
-0.06448 0.0586182 
-0.0512909 0.131891 
-0.0333391 0.179518 
-0.0134639 0.198752 
0.1 -0.1 
0.07875 -0.2125 
0.0503125 -0.284375 
0.0191406 -0.311719 
-0.0105273 -0.29668 
-0.0351709 -0.246436 
-0.0523376 -0.171667 
-0.0608163 -0.084787 
-0.0606332 0.00183182 
-0.0528937 0.0773943 
-0.03951 0.133837 
-0.0228605 0.166495 
0.1 -1.38778e-16 
0.0875 -0.125 
0.065625 -0.21875 
0.0382812 -0.273437 
0.00957031 -0.287109 
-0.016748 -0.263184 
-0.0376831 -0.209351 
-0.0512909 -0.136078 
-0.0567863 -0.0549545 
-0.0544966 0.0228977 
-0.045681 0.0881562 
-0.0322572 0.134238 
0.1 0.1 
0.09625 -0.0375 
0.0809375 -0.153125 
0.0574219 -0.235156 
0.029668 -0.277539 
0.0016748 -0.279932 
-0.0230286 -0.247034 
-0.0417654 -0.187369 
-0.0529395 -0.111741 
-0.0560994 -0.0315989 
-0.0518519 0.0424753 
-0.0416538 0.101981 
0.1 0.2 
0.105 0.05 
0.09625 -0.0875 
0.0765625 -0.196875 
0.0497656 -0.267969 
0.0200977 -0.29668 
-0.00837402 -0.284717 
-0.03224 -0.23866 
-0.0490927 -0.168527 
-0.0577023 -0.0860954 
-0.0580228 -0.00320568 
-0.0510505 0.0697236 
0.1 0.3 
0.11375 0.1375 
0.111562 -0.021875 
0.0957031 -0.158594 
0.0698633 -0.258398 
0.0385205 -0.313428 
0.00628052 -0.3224 
-0.0227145 -0.289951 
-0.0452459 -0.225314 
-0.0593051 -0.140592 
-0.0641938 -0.0488866 
-0.0604471 0.0374664 
0.1 0.4 
0.1225 0.225 
0.126875 0.04375 
0.114844 -0.120312 
0.0899609 -0.248828 
0.0569434 -0.330176 
0.0209351 -0.360083 
-0.0131891 -0.341241 
-0.0413991 -0.2821 
-0.0609079 -0.195089 
-0.0703647 -0.0945676 
-0.0698438 0.00520923 
0.1 0.5 
0.13125 0.3125 
0.142187 0.109375 
0.133984 -0.0820312 
0.110059 -0.239258 
0.0753662 -0.346924 
0.0355896 -0.397766 
-0.00366364 -0.392532 
-0.0375523 -0.338886 
-0.0625108 -0.249585 
-0.0765356 -0.140249 
-0.0792404 -0.0270479 
0.1 0.6 
0.14 0.4 
0.1575 0.175 
0.153125 -0.04375 
0.130156 -0.229687 
0.0937891 -0.363672 
0.0502441 -0.435449 
0.00586182 -0.443823 
-0.0337054 -0.395673 
-0.0641136 -0.304082 
-0.0827066 -0.185929 
-0.0886371 -0.0593051 
0.1 0.7 
0.14875 0.4875 
0.172812 0.240625 
0.172266 -0.00546875 
0.150254 -0.220117 
0.112212 -0.38042 
0.0648987 -0.473132 
0.0153873 -0.495114 
-0.0298586 -0.452459 
-0.0657165 -0.358578 
-0.0888775 -0.23161 
-0.0980337 -0.0915623 
0.1 0.8 
0.1575 0.575 
0.188125 0.30625 
0.191406 0.0328125 
0.170352 -0.210547 
0.130635 -0.397168 
0.0795532 -0.510815 
0.0249127 -0.546405 
-0.0260118 -0.509245 
-0.0673193 -0.413075 
-0.0950484 -0.277291 
-0.10743 -0.123819 
0.1 0.9 
0.16625 0.6625 
0.203437 0.371875 
0.210547 0.0710938 
0.190449 -0.200977 
0.149058 -0.413916 
0.0942078 -0.548499 
0.0344382 -0.597696 
-0.022165 -0.566032 
-0.0689221 -0.467571 
-0.101219 -0.322972 
-0.116827 -0.156077 
0.1 1 
0.175 0.75 
0.21875 0.4375 
0.229687 0.109375 
0.210547 -0.191406 
0.16748 -0.430664 
0.108862 -0.586182 
0.0439636 -0.648987 
-0.0183182 -0.622818 
-0.070525 -0.522068 
-0.10739 -0.368653 
-0.126224 -0.188334 
0.2 -1 
0.0875 -1.125 
-0.021875 -1.09375 
-0.114844 -0.929687 
-0.181836 -0.669922 
-0.217725 -0.358887 
-0.221912 -0.0418701 
-0.197836 0.240753 
-0.152041 0.457954 
-0.0929647 0.590761 
-0.0296525 0.633122 
0.0294522 0.591047 
0.2 -0.9 
0.09625 -1.0375 
-0.0065625 -1.02812 
-0.0957031 -0.891406 
-0.161738 -0.660352 
-0.199302 -0.375635 
-0.207257 -0.0795532 
-0.188311 0.189462 
-0.148194 0.401168 
-0.0945676 0.536265 
-0.0358235 0.587441 
0.0200555 0.55879 
0.2 -0.8 
0.105 -0.95 
0.00875 -0.9625 
-0.0765625 -0.853125 
-0.141641 -0.650781 
-0.180879 -0.392383 
-0.192603 -0.117236 
-0.178785 0.138171 
-0.144347 0.344382 
-0.0961704 0.481768 
-0.0419944 0.54176 
0.0106589 0.526533 
0.2 -0.7 
0.11375 -0.8625 
0.0240625 -0.896875 
-0.0574219 -0.814844 
-0.121543 -0.641211 
-0.162456 -0.409131 
-0.177948 -0.154919 
-0.16926 0.0868805 
-0.1405 0.287595 
-0.0977733 0.427271 
-0.0481654 0.496079 
0.00126224 0.494276 
0.2 -0.6 
0.1225 -0.775 
0.039375 -0.83125 
-0.0382813 -0.776562 
-0.101445 -0.631641 
-0.144033 -0.425879 
-0.163293 -0.192603 
-0.159734 0.0355896 
-0.136654 0.230809 
-0.0993761 0.372775 
-0.0543363 0.450398 
-0.00813442 0.462019 
0.2 -0.5 
0.13125 -0.6875 
0.0546875 -0.765625 
-0.0191406 -0.738281 
-0.0813477 -0.62207 
-0.12561 -0.442627 
-0.148639 -0.230286 
-0.150209 -0.0157013 
-0.132807 0.174023 
-0.100979 0.318278 
-0.0605072 0.404717 
-0.0175311 0.429762 
0.2 -0.4 
0.14 -0.6 
0.07 -0.7 
-9.47159e-17 -0.7 
-0.06125 -0.6125 
-0.107188 -0.459375 
-0.133984 -0.267969 
-0.140684 -0.0669922 
-0.12896 0.117236 
-0.102582 0.263782 
-0.0666782 0.359036 
-0.0269277 0.397504 
0.2 -0.3 
0.14875 -0.5125 
0.0853125 -0.634375 
0.0191406 -0.661719 
-0.0411523 -0.60293 
-0.0887646 -0.476123 
-0.11933 -0.305652 
-0.131158 -0.118283 
-0.125113 0.06045 
-0.104185 0.209285 
-0.0728491 0.313355 
-0.0363244 0.365247 
0.2 -0.2 
0.1575 -0.425 
0.100625 -0.56875 
0.0382812 -0.623437 
-0.0210547 -0.593359 
-0.0703418 -0.492871 
-0.104675 -0.343335 
-0.121633 -0.169574 
-0.121266 0.00366364 
-0.105787 0.154789 
-0.07902 0.267674 
-0.045721 0.33299 
0.2 -0.1 
0.16625 -0.3375 
0.115937 -0.503125 
0.0574219 -0.585156 
-0.000957031 -0.583789 
-0.0519189 -0.509619 
-0.0900208 -0.381018 
-0.112107 -0.220865 
-0.11742 -0.0531227 
-0.10739 0.100292 
-0.085191 0.221993 
-0.0551177 0.300733 
0.2 -1.38778e-16 
0.175 -0.25 
0.13125 -0.4375 
0.0765625 -0.546875 
0.0191406 -0.574219 
-0.0334961 -0.526367 
-0.0753662 -0.418701 
-0.102582 -0.272156 
-0.113573 -0.109909 
-0.108993 0.0457954 
-0.0913619 0.176312 
-0.0645143 0.268476 
0.2 0.1 
0.18375 -0.1625 
0.146562 -0.371875 
0.0957031 -0.508594 
0.0392383 -0.564648 
-0.0150732 -0.543115 
-0.0607117 -0.456384 
-0.0930563 -0.323447 
-0.109726 -0.166695 
-0.110596 -0.00870113 
-0.0975328 0.130631 
-0.073911 0.236219 
0.2 0.2 
0.1925 -0.075 
0.161875 -0.30625 
0.114844 -0.470312 
0.0593359 -0.555078 
0.00334961 -0.559863 
-0.0460571 -0.494067 
-0.0835309 -0.374738 
-0.105879 -0.223482 
-0.112199 -0.0631977 
-0.103704 0.0849505 
-0.0833076 0.203961 
0.2 0.3 
0.20125 0.0125 
0.177187 -0.240625 
0.133984 -0.432031 
0.0794336 -0.545508 
0.0217725 -0.576611 
-0.0314026 -0.53175 
-0.0740054 -0.426028 
-0.102032 -0.280268 
-0.113802 -0.117694 
-0.109875 0.0392696 
-0.0927043 0.171704 
0.2 0.4 
0.21 0.1 
0.1925 -0.175 
0.153125 -0.39375 
0.0995312 -0.535937 
0.0401953 -0.593359 
-0.016748 -0.569434 
-0.06448 -0.477319 
-0.0981854 -0.337054 
-0.115405 -0.172191 
-0.116046 -0.00641136 
-0.102101 0.139447 
0.2 0.5 
0.21875 0.1875 
0.207812 -0.109375 
0.172266 -0.355469 
0.119629 -0.526367 
0.0586182 -0.610107 
-0.00209351 -0.607117 
-0.0549545 -0.52861 
-0.0943386 -0.393841 
-0.117007 -0.226687 
-0.122217 -0.0520923 
-0.111498 0.10719 
0.2 0.6 
0.2275 0.275 
0.223125 -0.04375 
0.191406 -0.317187 
0.139727 -0.516797 
0.077041 -0.626855 
0.012561 -0.6448 
-0.0454291 -0.579901 
-0.0904918 -0.450627 
-0.11861 -0.281184 
-0.128388 -0.0977733 
-0.120894 0.0749328 
0.2 0.7 
0.23625 0.3625 
0.238437 0.021875 
0.210547 -0.278906 
0.159824 -0.507227 
0.0954639 -0.643604 
0.0272156 -0.682483 
-0.0359036 -0.631192 
-0.086645 -0.507413 
-0.120213 -0.335681 
-0.134558 -0.143454 
-0.130291 0.0426756 
0.2 0.8 
0.245 0.45 
0.25375 0.0875 
0.229687 -0.240625 
0.179922 -0.497656 
0.113887 -0.660352 
0.0418701 -0.720166 
-0.0263782 -0.682483 
-0.0827982 -0.5642 
-0.121816 -0.390177 
-0.140729 -0.189135 
-0.139688 0.0104185 
0.2 0.9 
0.25375 0.5375 
0.269062 0.153125 
0.248828 -0.202344 
0.20002 -0.488086 
0.13231 -0.6771 
0.0565247 -0.757849 
-0.0168527 -0.733774 
-0.0789513 -0.620986 
-0.123419 -0.444674 
-0.1469 -0.234816 
-0.149084 -0.0218387 
0.2 1 
0.2625 0.625 
0.284375 0.21875 
0.267969 -0.164062 
0.220117 -0.478516 
0.150732 -0.693848 
0.0711792 -0.795532 
-0.00732727 -0.785065 
-0.0751045 -0.677773 
-0.125022 -0.49917 
-0.153071 -0.280497 
-0.158481 -0.0540959 
0.3 -1 
0.175 -1.25 
0.04375 -1.3125 
-0.0765625 -1.20312 
-0.172266 -0.957031 
-0.234473 -0.62207 
-0.259595 -0.251221 
-0.249127 0.104675 
-0.208827 0.403 
-0.147461 0.613659 
-0.0753335 0.721278 
-0.00280497 0.725285 
0.3 -0.9 
0.18375 -1.1625 
0.0590625 -1.24687 
-0.0574219 -1.16484 
-0.152168 -0.947461 
-0.21605 -0.638818 
-0.24494 -0.288904 
-0.239602 0.0533844 
-0.20498 0.346214 
-0.149064 0.559162 
-0.0815044 0.675597 
-0.0122016 0.693028 
0.3 -0.8 
0.1925 -1.075 
0.074375 -1.18125 
-0.0382813 -1.12656 
-0.13207 -0.937891 
-0.197627 -0.655566 
-0.230286 -0.326587 
-0.230076 0.00209351 
-0.201134 0.289427 
-0.150667 0.504666 
-0.0876754 0.629916 
-0.0215983 0.660771 
0.3 -0.7 
0.20125 -0.9875 
0.0896875 -1.11562 
-0.0191406 -1.08828 
-0.111973 -0.92832 
-0.179204 -0.672314 
-0.215631 -0.36427 
-0.220551 -0.0491974 
-0.197287 0.232641 
-0.15227 0.450169 
-0.0938463 0.584235 
-0.0309949 0.628514 
0.3 -0.6 
0.21 -0.9 
0.105 -1.05 
-8.25728e-17 -1.05 
-0.091875 -0.91875 
-0.160781 -0.689062 
-0.200977 -0.401953 
-0.211025 -0.100488 
-0.19344 0.175854 
-0.153873 0.395673 
-0.100017 0.538554 
-0.0403916 0.596257 
0.3 -0.5 
0.21875 -0.8125 
0.120312 -0.984375 
0.0191406 -1.01172 
-0.0717773 -0.90918 
-0.142358 -0.705811 
-0.186322 -0.439636 
-0.2015 -0.151779 
-0.189593 0.119068 
-0.155476 0.341176 
-0.106188 0.492873 
-0.0497882 0.563999 
0.3 -0.4 
0.2275 -0.725 
0.135625 -0.91875 
0.0382812 -0.973437 
-0.0516797 -0.899609 
-0.123936 -0.722559 
-0.171667 -0.477319 
-0.191974 -0.20307 
-0.185746 0.0622818 
-0.157078 0.286679 
-0.112359 0.447192 
-0.0591849 0.531742 
0.3 -0.3 
0.23625 -0.6375 
0.150937 -0.853125 
0.0574219 -0.935156 
-0.031582 -0.890039 
-0.105513 -0.739307 
-0.157013 -0.515002 
-0.182449 -0.254361 
-0.181899 0.00549545 
-0.158681 0.232183 
-0.11853 0.401512 
-0.0685815 0.499485 
0.3 -0.2 
0.245 -0.55 
0.16625 -0.7875 
0.0765625 -0.896875 
-0.0114844 -0.880469 
-0.0870898 -0.756055 
-0.142358 -0.552686 
-0.172924 -0.305652 
-0.178053 -0.0512909 
-0.160284 0.177686 
-0.124701 0.355831 
-0.0779782 0.467228 
0.3 -0.1 
0.25375 -0.4625 
0.181562 -0.721875 
0.0957031 -0.858594 
0.00861328 -0.870898 
-0.068667 -0.772803 
-0.127704 -0.590369 
-0.163398 -0.356943 
-0.174206 -0.108077 
-0.161887 0.12319 
-0.130872 0.31015 
-0.0873748 0.434971 
0.3 -1.38778e-16 
0.2625 -0.375 
0.196875 -0.65625 
0.114844 -0.820312 
0.0287109 -0.861328 
-0.0502441 -0.789551 
-0.113049 -0.628052 
-0.153873 -0.408234 
-0.170359 -0.164864 
-0.16349 0.0686932 
-0.137043 0.264469 
-0.0967715 0.402714 
0.3 0.1 
0.27125 -0.2875 
0.212187 -0.590625 
0.133984 -0.782031 
0.0488086 -0.851758 
-0.0318213 -0.806299 
-0.0983948 -0.665735 
-0.144347 -0.459525 
-0.166512 -0.22165 
-0.165093 0.0141966 
-0.143214 0.218788 
-0.106168 0.370456 
0.3 0.2 
0.28 -0.2 
0.2275 -0.525 
0.153125 -0.74375 
0.0689062 -0.842187 
-0.0133984 -0.823047 
-0.0837402 -0.703418 
-0.134822 -0.510815 
-0.162665 -0.278436 
-0.166695 -0.0403 
-0.149385 0.173107 
-0.115565 0.338199 
0.3 0.3 
0.28875 -0.1125 
0.242812 -0.459375 
0.172266 -0.705469 
0.0890039 -0.832617 
0.00502441 -0.839795 
-0.0690857 -0.741101 
-0.125296 -0.562106 
-0.158819 -0.335223 
-0.168298 -0.0947966 
-0.155556 0.127426 
-0.124961 0.305942 
0.3 0.4 
0.2975 -0.025 
0.258125 -0.39375 
0.191406 -0.667187 
0.109102 -0.823047 
0.0234473 -0.856543 
-0.0544312 -0.778784 
-0.115771 -0.613397 
-0.154972 -0.392009 
-0.169901 -0.149293 
-0.161727 0.0817449 
-0.134358 0.273685 
0.3 0.5 
0.30625 0.0625 
0.273437 -0.328125 
0.210547 -0.628906 
0.129199 -0.813477 
0.0418701 -0.873291 
-0.0397766 -0.816467 
-0.106245 -0.664688 
-0.151125 -0.448795 
-0.171504 -0.20379 
-0.167898 0.0360639 
-0.143755 0.241428 
0.3 0.6 
0.315 0.15 
0.28875 -0.2625 
0.229687 -0.590625 
0.149297 -0.803906 
0.060293 -0.890039 
-0.0251221 -0.85415 
-0.09672 -0.715979 
-0.147278 -0.505582 
-0.173107 -0.258286 
-0.174068 -0.00961704 
-0.153151 0.209171 
0.3 0.7 
0.32375 0.2375 
0.304062 -0.196875 
0.248828 -0.552344 
0.169395 -0.794336 
0.0787158 -0.906787 
-0.0104675 -0.891833 
-0.0871945 -0.76727 
-0.143431 -0.562368 
-0.17471 -0.312783 
-0.180239 -0.055298 
-0.162548 0.176914 
0.3 0.8 
0.3325 0.325 
0.319375 -0.13125 
0.267969 -0.514062 
0.189492 -0.784766 
0.0971387 -0.923535 
0.00418701 -0.929517 
-0.0776691 -0.818561 
-0.139585 -0.619154 
-0.176312 -0.367279 
-0.18641 -0.100979 
-0.171945 0.144656 
0.3 0.9 
0.34125 0.4125 
0.334687 -0.065625 
0.287109 -0.475781 
0.20959 -0.775195 
0.115562 -0.940283 
0.0188416 -0.9672 
-0.0681436 -0.869852 
-0.135738 -0.675941 
-0.177915 -0.421776 
-0.192581 -0.14666 
-0.181341 0.112399 
0.3 1 
0.35 0.5 
0.35 6.93889e-18 
0.30625 -0.4375 
0.229687 -0.765625 
0.133984 -0.957031 
0.0334961 -1.00488 
-0.0586182 -0.921143 
-0.131891 -0.732727 
-0.179518 -0.476273 
-0.198752 -0.192341 
-0.190738 0.080142 
0.4 -1 
0.2625 -1.375 
0.109375 -1.53125 
-0.0382813 -1.47656 
-0.162695 -1.24414 
-0.251221 -0.885254 
-0.297278 -0.460571 
-0.300418 -0.0314026 
-0.265614 0.348045 
-0.201958 0.636557 
-0.121014 0.809434 
-0.0350621 0.859523 
0.4 -0.9 
0.27125 -1.2875 
0.124687 -1.46562 
-0.0191406 -1.43828 
-0.142598 -1.23457 
-0.232798 -0.902002 
-0.282623 -0.498254 
-0.290893 -0.0826935 
-0.261767 0.291259 
-0.203561 0.58206 
-0.127185 0.763753 
-0.0444588 0.827266 
0.4 -0.8 
0.28 -1.2 
0.14 -1.4 
-9.95731e-17 -1.4 
-0.1225 -1.225 
-0.214375 -0.91875 
-0.267969 -0.535937 
-0.281367 -0.133984 
-0.25792 0.234473 
-0.205164 0.527563 
-0.133356 0.718073 
-0.0538554 0.795009 
0.4 -0.7 
0.28875 -1.1125 
0.155312 -1.33437 
0.0191406 -1.36172 
-0.102402 -1.21543 
-0.195952 -0.935498 
-0.253314 -0.573621 
-0.271842 -0.185275 
-0.254073 0.177686 
-0.206766 0.473067 
-0.139527 0.672392 
-0.0632521 0.762752 
0.4 -0.6 
0.2975 -1.025 
0.170625 -1.26875 
0.0382812 -1.32344 
-0.0823047 -1.20586 
-0.177529 -0.952246 
-0.23866 -0.611304 
-0.262316 -0.236566 
-0.250226 0.1209 
-0.208369 0.41857 
-0.145698 0.626711 
-0.0726487 0.730495 
0.4 -0.5 
0.30625 -0.9375 
0.185937 -1.20312 
0.0574219 -1.28516 
-0.062207 -1.19629 
-0.159106 -0.968994 
-0.224005 -0.648987 
-0.252791 -0.287857 
-0.246379 0.0641136 
-0.209972 0.364074 
-0.151869 0.58103 
-0.0820454 0.698237 
0.4 -0.4 
0.315 -0.85 
0.20125 -1.1375 
0.0765625 -1.24687 
-0.0421094 -1.18672 
-0.140684 -0.985742 
-0.209351 -0.68667 
-0.243265 -0.339148 
-0.242533 0.00732727 
-0.211575 0.309577 
-0.15804 0.535349 
-0.091442 0.66598 
0.4 -0.3 
0.32375 -0.7625 
0.216562 -1.07187 
0.0957031 -1.20859 
-0.0220117 -1.17715 
-0.122261 -1.00249 
-0.194696 -0.724353 
-0.23374 -0.390439 
-0.238686 -0.0494591 
-0.213178 0.255081 
-0.164211 0.489668 
-0.100839 0.633723 
0.4 -0.2 
0.3325 -0.675 
0.231875 -1.00625 
0.114844 -1.17031 
-0.00191406 -1.16758 
-0.103838 -1.01924 
-0.180042 -0.762036 
-0.224214 -0.44173 
-0.234839 -0.106245 
-0.214781 0.200584 
-0.170382 0.443987 
-0.110235 0.601466 
0.4 -0.1 
0.34125 -0.5875 
0.247187 -0.940625 
0.133984 -1.13203 
0.0181836 -1.15801 
-0.085415 -1.03599 
-0.165387 -0.799719 
-0.214689 -0.493021 
-0.230992 -0.163032 
-0.216383 0.146087 
-0.176553 0.398306 
-0.119632 0.569209 
0.4 -1.38778e-16 
0.35 -0.5 
0.2625 -0.875 
0.153125 -1.09375 
0.0382812 -1.14844 
-0.0669922 -1.05273 
-0.150732 -0.837402 
-0.205164 -0.544312 
-0.227145 -0.219818 
-0.217986 0.0915909 
-0.182724 0.352625 
-0.129029 0.536952 
0.4 0.1 
0.35875 -0.4125 
0.277812 -0.809375 
0.172266 -1.05547 
0.0583789 -1.13887 
-0.0485693 -1.06948 
-0.136078 -0.875085 
-0.195638 -0.595602 
-0.223299 -0.276604 
-0.219589 0.0370943 
-0.188895 0.306944 
-0.138425 0.504694 
0.4 0.2 
0.3675 -0.325 
0.293125 -0.74375 
0.191406 -1.01719 
0.0784766 -1.1293 
-0.0301465 -1.08623 
-0.121423 -0.912769 
-0.186113 -0.646893 
-0.219452 -0.333391 
-0.221192 -0.0174023 
-0.195066 0.261263 
-0.147822 0.472437 
0.4 0.3 
0.37625 -0.2375 
0.308437 -0.678125 
0.210547 -0.978906 
0.0985742 -1.11973 
-0.0117236 -1.10298 
-0.106769 -0.950452 
-0.176587 -0.698184 
-0.215605 -0.390177 
-0.222795 -0.0718988 
-0.201237 0.215582 
-0.157219 0.44018 
0.4 0.4 
0.385 -0.15 
0.32375 -0.6125 
0.229687 -0.940625 
0.118672 -1.11016 
0.00669922 -1.11973 
-0.0921143 -0.988135 
-0.167062 -0.749475 
-0.211758 -0.446964 
-0.224398 -0.126395 
-0.207408 0.169901 
-0.166615 0.407923 
0.4 0.5 
0.39375 -0.0625 
0.339062 -0.546875 
0.248828 -0.902344 
0.13877 -1.10059 
0.0251221 -1.13647 
-0.0774597 -1.02582 
-0.157536 -0.800766 
-0.207911 -0.50375 
-0.226 -0.180892 
-0.213578 0.12422 
-0.176012 0.375666 
0.4 0.6 
0.4025 0.025 
0.354375 -0.48125 
0.267969 -0.864062 
0.158867 -1.09102 
0.0435449 -1.15322 
-0.0628052 -1.0635 
-0.148011 -0.852057 
-0.204064 -0.560536 
-0.227603 -0.235389 
-0.219749 0.0785392 
-0.185409 0.343409 
0.4 0.7 
0.41125 0.1125 
0.369687 -0.415625 
0.287109 -0.825781 
0.178965 -1.08145 
0.0619678 -1.16997 
-0.0481506 -1.10118 
-0.138485 -0.903348 
-0.200218 -0.617323 
-0.229206 -0.289885 
-0.22592 0.0328582 
-0.194805 0.311151 
0.4 0.8 
0.42 0.2 
0.385 -0.35 
0.30625 -0.7875 
0.199062 -1.07187 
0.0803906 -1.18672 
-0.0334961 -1.13887 
-0.12896 -0.954639 
-0.196371 -0.674109 
-0.230809 -0.344382 
-0.232091 -0.0128227 
-0.204202 0.278894 
0.4 0.9 
0.42875 0.2875 
0.400312 -0.284375 
0.325391 -0.749219 
0.21916 -1.0623 
0.0988135 -1.20347 
-0.0188416 -1.17655 
-0.119435 -1.00593 
-0.192524 -0.730895 
-0.232412 -0.398878 
-0.238262 -0.0585037 
-0.213599 0.246637 
0.4 1 
0.4375 0.375 
0.415625 -0.21875 
0.344531 -0.710937 
0.239258 -1.05273 
0.117236 -1.22021 
-0.00418701 -1.21423 
-0.109909 -1.05722 
-0.188677 -0.787682 
-0.234015 -0.453375 
-0.244433 -0.104185 
-0.222995 0.21438 
0.5 -1 
0.35 -1.5 
0.175 -1.75 
-2.91433e-17 -1.75 
-0.153125 -1.53125 
-0.267969 -1.14844 
-0.334961 -0.669922 
-0.351709 -0.16748 
-0.3224 0.293091 
-0.256454 0.659454 
-0.166695 0.897591 
-0.0673193 0.993761 
0.5 -0.9 
0.35875 -1.4125 
0.190312 -1.68437 
0.0191406 -1.71172 
-0.133027 -1.52168 
-0.249546 -1.16519 
-0.320306 -0.707605 
-0.342184 -0.218771 
-0.318553 0.236304 
-0.258057 0.604958 
-0.172866 0.85191 
-0.0767159 0.961504 
0.5 -0.8 
0.3675 -1.325 
0.205625 -1.61875 
0.0382812 -1.67344 
-0.11293 -1.51211 
-0.231123 -1.18193 
-0.305652 -0.745288 
-0.332658 -0.270062 
-0.314706 0.179518 
-0.25966 0.550461 
-0.179037 0.806229 
-0.0861126 0.929247 
0.5 -0.7 
0.37625 -1.2375 
0.220937 -1.55312 
0.0574219 -1.63516 
-0.092832 -1.50254 
-0.2127 -1.19868 
-0.290997 -0.782971 
-0.323133 -0.321353 
-0.310859 0.122732 
-0.261263 0.495965 
-0.185208 0.760548 
-0.0955093 0.89699 
0.5 -0.6 
0.385 -1.15 
0.23625 -1.4875 
0.0765625 -1.59687 
-0.0727344 -1.49297 
-0.194277 -1.21543 
-0.276343 -0.820654 
-0.313607 -0.372644 
-0.307013 0.0659454 
-0.262866 0.441468 
-0.191379 0.714867 
-0.104906 0.864732 
0.5 -0.5 
0.39375 -1.0625 
0.251562 -1.42187 
0.0957031 -1.55859 
-0.0526367 -1.4834 
-0.175854 -1.23218 
-0.261688 -0.858337 
-0.304082 -0.423935 
-0.303166 0.00915909 
-0.264469 0.386971 
-0.19755 0.669186 
-0.114303 0.832475 
0.5 -0.4 
0.4025 -0.975 
0.266875 -1.35625 
0.114844 -1.52031 
-0.0325391 -1.47383 
-0.157432 -1.24893 
-0.247034 -0.896021 
-0.294556 -0.475226 
-0.299319 -0.0476273 
-0.266072 0.332475 
-0.203721 0.623505 
-0.123699 0.800218 
0.5 -0.3 
0.41125 -0.8875 
0.282187 -1.29062 
0.133984 -1.48203 
-0.0124414 -1.46426 
-0.139009 -1.26567 
-0.232379 -0.933704 
-0.285031 -0.526517 
-0.295472 -0.104414 
-0.267674 0.277978 
-0.209892 0.577824 
-0.133096 0.767961 
0.5 -0.2 
0.42 -0.8 
0.2975 -1.225 
0.153125 -1.44375 
0.00765625 -1.45469 
-0.120586 -1.28242 
-0.217725 -0.971387 
-0.275505 -0.577808 
-0.291625 -0.1612 
-0.269277 0.223482 
-0.216063 0.532143 
-0.142493 0.735704 
0.5 -0.1 
0.42875 -0.7125 
0.312812 -1.15937 
0.172266 -1.40547 
0.0277539 -1.44512 
-0.102163 -1.29917 
-0.20307 -1.00907 
-0.26598 -0.629099 
-0.287779 -0.217986 
-0.27088 0.168985 
-0.222234 0.486462 
-0.151889 0.703447 
0.5 -1.38778e-16 
0.4375 -0.625 
0.328125 -1.09375 
0.191406 -1.36719 
0.0478516 -1.43555 
-0.0837402 -1.31592 
-0.188416 -1.04675 
-0.256454 -0.680389 
-0.283932 -0.274773 
-0.272483 0.114489 
-0.228405 0.440781 
-0.161286 0.671189 
0.5 0.1 
0.44625 -0.5375 
0.343437 -1.02812 
0.210547 -1.32891 
0.0679492 -1.42598 
-0.0653174 -1.33267 
-0.173761 -1.08444 
-0.246929 -0.73168 
-0.280085 -0.331559 
-0.274086 0.059992 
-0.234576 0.3951 
-0.170682 0.638932 
0.5 0.2 
0.455 -0.45 
0.35875 -0.9625 
0.229687 -1.29062 
0.0880469 -1.41641 
-0.0468945 -1.34941 
-0.159106 -1.12212 
-0.237404 -0.782971 
-0.276238 -0.388345 
-0.275689 0.00549545 
-0.240747 0.349419 
-0.180079 0.606675 
0.5 0.3 
0.46375 -0.3625 
0.374062 -0.896875 
0.248828 -1.25234 
0.108145 -1.40684 
-0.0284717 -1.36616 
-0.144452 -1.1598 
-0.227878 -0.834262 
-0.272391 -0.445132 
-0.277291 -0.0490011 
-0.246918 0.303738 
-0.189476 0.574418 
0.5 0.4 
0.4725 -0.275 
0.389375 -0.83125 
0.267969 -1.21406 
0.128242 -1.39727 
-0.0100488 -1.38291 
-0.129797 -1.19749 
-0.218353 -0.885553 
-0.268544 -0.501918 
-0.278894 -0.103498 
-0.253089 0.258057 
-0.198872 0.542161 
0.5 0.5 
0.48125 -0.1875 
0.404687 -0.765625 
0.287109 -1.17578 
0.14834 -1.3877 
0.00837402 -1.39966 
-0.115143 -1.23517 
-0.208827 -0.936844 
-0.264698 -0.558704 
-0.280497 -0.157994 
-0.259259 0.212376 
-0.208269 0.509904 
0.5 0.6 
0.49 -0.1 
0.42 -0.7 
0.30625 -1.1375 
0.168437 -1.37812 
0.0267969 -1.41641 
-0.100488 -1.27285 
-0.199302 -0.988135 
-0.260851 -0.615491 
-0.2821 -0.212491 
-0.26543 0.166695 
-0.217666 0.477646 
0.5 0.7 
0.49875 -0.0125 
0.435312 -0.634375 
0.325391 -1.09922 
0.188535 -1.36855 
0.0452197 -1.43315 
-0.0858337 -1.31053 
-0.189776 -1.03943 
-0.257004 -0.672277 
-0.283703 -0.266987 
-0.271601 0.121014 
-0.227062 0.445389 
0.5 0.8 
0.5075 0.075 
0.450625 -0.56875 
0.344531 -1.06094 
0.208633 -1.35898 
0.0636426 -1.4499 
-0.0711792 -1.34822 
-0.180251 -1.09072 
-0.253157 -0.729063 
-0.285306 -0.321484 
-0.277772 0.0753335 
-0.236459 0.413132 
0.5 0.9 
0.51625 0.1625 
0.465937 -0.503125 
0.363672 -1.02266 
0.22873 -1.34941 
0.0820654 -1.46665 
-0.0565247 -1.3859 
-0.170725 -1.14201 
-0.24931 -0.78585 
-0.286908 -0.375981 
-0.283943 0.0296525 
-0.245856 0.380875 
0.5 1 
0.525 0.25 
0.48125 -0.4375 
0.382812 -0.984375 
0.248828 -1.33984 
0.100488 -1.4834 
-0.0418701 -1.42358 
-0.1612 -1.1933 
-0.245464 -0.842636 
-0.288511 -0.430477 
-0.290114 -0.0160284 
-0.255252 0.348618 
0.6 -1 
0.4375 -1.625 
0.240625 -1.96875 
0.0382812 -2.02344 
-0.143555 -1.81836 
-0.284717 -1.41162 
-0.372644 -0.879272 
-0.403 -0.303558 
-0.379186 0.238136 
-0.310951 0.682352 
-0.212376 0.985747 
-0.0995765 1.128 
0.6 -0.9 
0.44625 -1.5375 
0.255937 -1.90312 
0.0574219 -1.98516 
-0.123457 -1.80879 
-0.266294 -1.42837 
-0.35799 -0.916956 
-0.393474 -0.354849 
-0.375339 0.18135 
-0.312554 0.627855 
-0.218547 0.940066 
-0.108973 1.09574 
0.6 -0.8 
0.455 -1.45 
0.27125 -1.8375 
0.0765625 -1.94687 
-0.103359 -1.79922 
-0.247871 -1.44512 
-0.343335 -0.954639 
-0.383949 -0.40614 
-0.371493 0.124564 
-0.314157 0.573359 
-0.224718 0.894385 
-0.11837 1.06348 
0.6 -0.7 
0.46375 -1.3625 
0.286562 -1.77187 
0.0957031 -1.90859 
-0.0832617 -1.78965 
-0.229448 -1.46187 
-0.32868 -0.992322 
-0.374424 -0.457431 
-0.367646 0.0677773 
-0.31576 0.518862 
-0.230889 0.848704 
-0.127766 1.03123 
0.6 -0.6 
0.4725 -1.275 
0.301875 -1.70625 
0.114844 -1.87031 
-0.0631641 -1.78008 
-0.211025 -1.47861 
-0.314026 -1.03 
-0.364898 -0.508722 
-0.363799 0.0109909 
-0.317362 0.464366 
-0.23706 0.803023 
-0.137163 0.99897 
0.6 -0.5 
0.48125 -1.1875 
0.317187 -1.64062 
0.133984 -1.83203 
-0.0430664 -1.77051 
-0.192603 -1.49536 
-0.299371 -1.06769 
-0.355373 -0.560013 
-0.359952 -0.0457954 
-0.318965 0.409869 
-0.243231 0.757342 
-0.14656 0.966713 
0.6 -0.4 
0.49 -1.1 
0.3325 -1.575 
0.153125 -1.79375 
-0.0229688 -1.76094 
-0.17418 -1.51211 
-0.284717 -1.10537 
-0.345847 -0.611304 
-0.356105 -0.102582 
-0.320568 0.355373 
-0.249402 0.711661 
-0.155956 0.934456 
0.6 -0.3 
0.49875 -1.0125 
0.347812 -1.50937 
0.172266 -1.75547 
-0.00287109 -1.75137 
-0.155757 -1.52886 
-0.270062 -1.14305 
-0.336322 -0.662595 
-0.352259 -0.159368 
-0.322171 0.300876 
-0.255573 0.66598 
-0.165353 0.902199 
0.6 -0.2 
0.5075 -0.925 
0.363125 -1.44375 
0.191406 -1.71719 
0.0172266 -1.7418 
-0.137334 -1.54561 
-0.255408 -1.18074 
-0.326796 -0.713885 
-0.348412 -0.216154 
-0.323774 0.246379 
-0.261744 0.620299 
-0.17475 0.869942 
0.6 -0.1 
0.51625 -0.8375 
0.378437 -1.37812 
0.210547 -1.67891 
0.0373242 -1.73223 
-0.118911 -1.56235 
-0.240753 -1.21842 
-0.317271 -0.765176 
-0.344565 -0.272941 
-0.325377 0.191883 
-0.267915 0.574618 
-0.184146 0.837684 
0.6 -1.38778e-16 
0.525 -0.75 
0.39375 -1.3125 
0.229687 -1.64062 
0.0574219 -1.72266 
-0.100488 -1.5791 
-0.226099 -1.2561 
-0.307745 -0.816467 
-0.340718 -0.329727 
-0.326979 0.137386 
-0.274086 0.528937 
-0.193543 0.805427 
0.6 0.1 
0.53375 -0.6625 
0.409062 -1.24687 
0.248828 -1.60234 
0.0775195 -1.71309 
-0.0820654 -1.59585 
-0.211444 -1.29379 
-0.29822 -0.867758 
-0.336871 -0.386514 
-0.328582 0.0828897 
-0.280257 0.483256 
-0.20294 0.77317 
0.6 0.2 
0.5425 -0.575 
0.424375 -1.18125 
0.267969 -1.56406 
0.0976172 -1.70352 
-0.0636426 -1.6126 
-0.19679 -1.33147 
-0.288694 -0.919049 
-0.333024 -0.4433 
-0.330185 0.0283932 
-0.286428 0.437575 
-0.212336 0.740913 
0.6 0.3 
0.55125 -0.4875 
0.439687 -1.11562 
0.287109 -1.52578 
0.117715 -1.69395 
-0.0452197 -1.62935 
-0.182135 -1.36915 
-0.279169 -0.97034 
-0.329178 -0.500086 
-0.331788 -0.0261034 
-0.292599 0.391894 
-0.221733 0.708656 
0.6 0.4 
0.56 -0.4 
0.455 -1.05 
0.30625 -1.4875 
0.137812 -1.68437 
-0.0267969 -1.64609 
-0.16748 -1.40684 
-0.269644 -1.02163 
-0.325331 -0.556873 
-0.333391 -0.0806 
-0.298769 0.346214 
-0.23113 0.676399 
0.6 0.5 
0.56875 -0.3125 
0.470312 -0.984375 
0.325391 -1.44922 
0.15791 -1.6748 
-0.00837402 -1.66284 
-0.152826 -1.44452 
-0.260118 -1.07292 
-0.321484 -0.613659 
-0.334994 -0.135097 
-0.30494 0.300533 
-0.240526 0.644141 
0.6 0.6 
0.5775 -0.225 
0.485625 -0.91875 
0.344531 -1.41094 
0.178008 -1.66523 
0.0100488 -1.67959 
-0.138171 -1.4822 
-0.250593 -1.12421 
-0.317637 -0.670445 
-0.336596 -0.189593 
-0.311111 0.254852 
-0.249923 0.611884 
0.6 0.7 
0.58625 -0.1375 
0.500937 -0.853125 
0.363672 -1.37266 
0.198105 -1.65566 
0.0284717 -1.69634 
-0.123517 -1.51989 
-0.241067 -1.1755 
-0.31379 -0.727232 
-0.338199 -0.24409 
-0.317282 0.209171 
-0.25932 0.579627 
0.6 0.8 
0.595 -0.05 
0.51625 -0.7875 
0.382812 -1.33437 
0.218203 -1.64609 
0.0468945 -1.71309 
-0.108862 -1.55757 
-0.231542 -1.22679 
-0.309944 -0.784018 
-0.339802 -0.298586 
-0.323453 0.16349 
-0.268716 0.54737 
0.6 0.9 
0.60375 0.0375 
0.531562 -0.721875 
0.401953 -1.29609 
0.238301 -1.63652 
0.0653174 -1.72983 
-0.0942078 -1.59525 
-0.222016 -1.27809 
-0.306097 -0.840804 
-0.341405 -0.353083 
-0.329624 0.117809 
-0.278113 0.515113 
0.6 1 
0.6125 0.125 
0.546875 -0.65625 
0.421094 -1.25781 
0.258398 -1.62695 
0.0837402 -1.74658 
-0.0795532 -1.63293 
-0.212491 -1.32938 
-0.30225 -0.897591 
-0.343008 -0.407579 
-0.335795 0.0721278 
-0.28751 0.482856 
0.7 -1 
0.525 -1.75 
0.30625 -2.1875 
0.0765625 -2.29687 
-0.133984 -2.10547 
-0.301465 -1.6748 
-0.410327 -1.08862 
-0.454291 -0.439636 
-0.435973 0.183182 
-0.365448 0.70525 
-0.258057 1.0739 
-0.131834 1.26224 
0.7 -0.9 
0.53375 -1.6625 
0.321562 -2.12187 
0.0957031 -2.25859 
-0.113887 -2.0959 
-0.283042 -1.69155 
-0.395673 -1.12631 
-0.444765 -0.490927 
-0.432126 0.126395 
-0.36705 0.650753 
-0.264228 1.02822 
-0.14123 1.22998 
0.7 -0.8 
0.5425 -1.575 
0.336875 -2.05625 
0.114844 -2.22031 
-0.0937891 -2.08633 
-0.264619 -1.7083 
-0.381018 -1.16399 
-0.43524 -0.542218 
-0.428279 0.0696091 
-0.368653 0.596257 
-0.270399 0.982541 
-0.150627 1.19772 
0.7 -0.7 
0.55125 -1.4875 
0.352187 -1.99062 
0.133984 -2.18203 
-0.0736914 -2.07676 
-0.246196 -1.72505 
-0.366364 -1.20167 
-0.425714 -0.593509 
-0.424432 0.0128227 
-0.370256 0.54176 
-0.27657 0.93686 
-0.160024 1.16547 
0.7 -0.6 
0.56 -1.4 
0.3675 -1.925 
0.153125 -2.14375 
-0.0535938 -2.06719 
-0.227773 -1.7418 
-0.351709 -1.23936 
-0.416189 -0.6448 
-0.420585 -0.0439636 
-0.371859 0.487263 
-0.282741 0.891179 
-0.16942 1.13321 
0.7 -0.5 
0.56875 -1.3125 
0.382812 -1.85938 
0.172266 -2.10547 
-0.0334961 -2.05762 
-0.209351 -1.75854 
-0.337054 -1.27704 
-0.406664 -0.696091 
-0.416739 -0.10075 
-0.373462 0.432767 
-0.288912 0.845498 
-0.178817 1.10095 
0.7 -0.4 
0.5775 -1.225 
0.398125 -1.79375 
0.191406 -2.06719 
-0.0133984 -2.04805 
-0.190928 -1.77529 
-0.3224 -1.31472 
-0.397138 -0.747382 
-0.412892 -0.157536 
-0.375065 0.37827 
-0.295083 0.799817 
-0.188214 1.06869 
0.7 -0.3 
0.58625 -1.1375 
0.413437 -1.72812 
0.210547 -2.02891 
0.00669922 -2.03848 
-0.172505 -1.79204 
-0.307745 -1.3524 
-0.387613 -0.798672 
-0.409045 -0.214323 
-0.376667 0.323774 
-0.301254 0.754136 
-0.19761 1.03644 
0.7 -0.2 
0.595 -1.05 
0.42875 -1.6625 
0.229687 -1.99062 
0.0267969 -2.02891 
-0.154082 -1.80879 
-0.293091 -1.39009 
-0.378087 -0.849963 
-0.405198 -0.271109 
-0.37827 0.269277 
-0.307425 0.708455 
-0.207007 1.00418 
0.7 -0.1 
0.60375 -0.9625 
0.444062 -1.59687 
0.248828 -1.95234 
0.0468945 -2.01934 
-0.135659 -1.82554 
-0.278436 -1.42777 
-0.368562 -0.901254 
-0.401351 -0.327895 
-0.379873 0.214781 
-0.313596 0.662775 
-0.216403 0.971922 
0.7 -1.38778e-16 
0.6125 -0.875 
0.459375 -1.53125 
0.267969 -1.91406 
0.0669922 -2.00977 
-0.117236 -1.84229 
-0.263782 -1.46545 
-0.359036 -0.952545 
-0.397504 -0.384682 
-0.381476 0.160284 
-0.319767 0.617094 
-0.2258 0.939665 
0.7 0.1 
0.62125 -0.7875 
0.474687 -1.46562 
0.287109 -1.87578 
0.0870898 -2.0002 
-0.0988135 -1.85903 
-0.249127 -1.50314 
-0.349511 -1.00384 
-0.393658 -0.441468 
-0.383079 0.105787 
-0.325938 0.571413 
-0.235197 0.907408 
0.7 0.2 
0.63 -0.7 
0.49 -1.4 
0.30625 -1.8375 
0.107187 -1.99062 
-0.0803906 -1.87578 
-0.234473 -1.54082 
-0.339985 -1.05513 
-0.389811 -0.498254 
-0.384682 0.0512909 
-0.332109 0.525732 
-0.244593 0.875151 
0.7 0.3 
0.63875 -0.6125 
0.505312 -1.33437 
0.325391 -1.79922 
0.127285 -1.98105 
-0.0619678 -1.89253 
-0.219818 -1.5785 
-0.33046 -1.10642 
-0.385964 -0.555041 
-0.386285 -0.00320568 
-0.338279 0.480051 
-0.25399 0.842894 
0.7 0.4 
0.6475 -0.525 
0.520625 -1.26875 
0.344531 -1.76094 
0.147383 -1.97148 
-0.0435449 -1.90928 
-0.205164 -1.61619 
-0.320934 -1.15771 
-0.382117 -0.611827 
-0.387887 -0.0577023 
-0.34445 0.43437 
-0.263387 0.810637 
0.7 0.5 
0.65625 -0.4375 
0.535937 -1.20312 
0.363672 -1.72266 
0.16748 -1.96191 
-0.0251221 -1.92603 
-0.190509 -1.65387 
-0.311409 -1.209 
-0.37827 -0.668613 
-0.38949 -0.112199 
-0.350621 0.388689 
-0.272783 0.778379 
0.7 0.6 
0.665 -0.35 
0.55125 -1.1375 
0.382812 -1.68437 
0.187578 -1.95234 
-0.00669922 -1.94277 
-0.175854 -1.69155 
-0.301884 -1.26029 
-0.374424 -0.7254 
-0.391093 -0.166695 
-0.356792 0.343008 
-0.28218 0.746122 
0.7 0.7 
0.67375 -0.2625 
0.566562 -1.07187 
0.401953 -1.64609 
0.207676 -1.94277 
0.0117236 -1.95952 
-0.1612 -1.72924 
-0.292358 -1.31158 
-0.370577 -0.782186 
-0.392696 -0.221192 
-0.362963 0.297327 
-0.291577 0.713865 
0.7 0.8 
0.6825 -0.175 
0.581875 -1.00625 
0.421094 -1.60781 
0.227773 -1.9332 
0.0301465 -1.97627 
-0.146545 -1.76692 
-0.282833 -1.36287 
-0.36673 -0.838972 
-0.394299 -0.275689 
-0.369134 0.251646 
-0.300973 0.681608 
0.7 0.9 
0.69125 -0.0875 
0.597187 -0.940625 
0.440234 -1.56953 
0.247871 -1.92363 
0.0485693 -1.99302 
-0.131891 -1.8046 
-0.273307 -1.41416 
-0.362883 -0.895759 
-0.395902 -0.330185 
-0.375305 0.205965 
-0.31037 0.649351 
0.7 1 
0.7 -1.38779e-17 
0.6125 -0.875 
0.459375 -1.53125 
0.267969 -1.91406 
0.0669922 -2.00977 
-0.117236 -1.84229 
-0.263782 -1.46545 
-0.359036 -0.952545 
-0.397504 -0.384682 
-0.381476 0.160284 
-0.319767 0.617094 
0.8 -1 
0.6125 -1.875 
0.371875 -2.40625 
0.114844 -2.57031 
-0.124414 -2.39258 
-0.318213 -1.93799 
-0.44801 -1.29797 
-0.505582 -0.575714 
-0.492759 0.128227 
-0.419944 0.728148 
-0.303738 1.16206 
-0.164091 1.39647 
0.8 -0.9 
0.62125 -1.7875 
0.387187 -2.34062 
0.133984 -2.53203 
-0.104316 -2.38301 
-0.29979 -1.95474 
-0.433356 -1.33566 
-0.496056 -0.627005 
-0.488912 0.0714409 
-0.421547 0.673651 
-0.309909 1.11638 
-0.173487 1.36422 
0.8 -0.8 
0.63 -1.7 
0.4025 -2.275 
0.153125 -2.49375 
-0.0842188 -2.37344 
-0.281367 -1.97148 
-0.418701 -1.37334 
-0.486531 -0.678296 
-0.485065 0.0146545 
-0.42315 0.619154 
-0.31608 1.0707 
-0.182884 1.33196 
0.8 -0.7 
0.63875 -1.6125 
0.417812 -2.20937 
0.172266 -2.45547 
-0.0641211 -2.36387 
-0.262944 -1.98823 
-0.404047 -1.41102 
-0.477005 -0.729587 
-0.481218 -0.0421318 
-0.424753 0.564658 
-0.322251 1.02502 
-0.192281 1.2997 
0.8 -0.6 
0.6475 -1.525 
0.433125 -2.14375 
0.191406 -2.41719 
-0.0440234 -2.3543 
-0.244521 -2.00498 
-0.389392 -1.44871 
-0.46748 -0.780878 
-0.477372 -0.0989182 
-0.426356 0.510161 
-0.328422 0.979335 
-0.201677 1.26745 
0.8 -0.5 
0.65625 -1.4375 
0.448437 -2.07812 
0.210547 -2.37891 
-0.0239258 -2.34473 
-0.226099 -2.02173 
-0.374738 -1.48639 
-0.457954 -0.832169 
-0.473525 -0.155704 
-0.427958 0.455665 
-0.334593 0.933655 
-0.211074 1.23519 
0.8 -0.4 
0.665 -1.35 
0.46375 -2.0125 
0.229687 -2.34062 
-0.00382813 -2.33516 
-0.207676 -2.03848 
-0.360083 -1.52407 
-0.448429 -0.883459 
-0.469678 -0.212491 
-0.429561 0.401168 
-0.340764 0.887974 
-0.220471 1.20293 
0.8 -0.3 
0.67375 -1.2625 
0.479062 -1.94687 
0.248828 -2.30234 
0.0162695 -2.32559 
-0.189253 -2.05522 
-0.345428 -1.56176 
-0.438904 -0.93475 
-0.465831 -0.269277 
-0.431164 0.346671 
-0.346935 0.842293 
-0.229867 1.17067 
0.8 -0.2 
0.6825 -1.175 
0.494375 -1.88125 
0.267969 -2.26406 
0.0363672 -2.31602 
-0.17083 -2.07197 
-0.330774 -1.59944 
-0.429378 -0.986041 
-0.461984 -0.326064 
-0.432767 0.292175 
-0.353106 0.796612 
-0.239264 1.13842 
0.8 -0.1 
0.69125 -1.0875 
0.509687 -1.81562 
0.287109 -2.22578 
0.0564648 -2.30645 
-0.152407 -2.08872 
-0.316119 -1.63712 
-0.419853 -1.03733 
-0.458138 -0.38285 
-0.43437 0.237678 
-0.359277 0.750931 
-0.248661 1.10616 
0.8 -1.38778e-16 
0.7 -1 
0.525 -1.75 
0.30625 -2.1875 
0.0765625 -2.29687 
-0.133984 -2.10547 
-0.301465 -1.6748 
-0.410327 -1.08862 
-0.454291 -0.439636 
-0.435973 0.183182 
-0.365448 0.70525 
-0.258057 1.0739 
0.8 0.1 
0.70875 -0.9125 
0.540312 -1.68437 
0.325391 -2.14922 
0.0966602 -2.2873 
-0.115562 -2.12222 
-0.28681 -1.71249 
-0.400802 -1.13991 
-0.450444 -0.496423 
-0.437575 0.128685 
-0.371619 0.659569 
-0.267454 1.04165 
0.8 0.2 
0.7175 -0.825 
0.555625 -1.61875 
0.344531 -2.11094 
0.116758 -2.27773 
-0.0971387 -2.13896 
-0.272156 -1.75017 
-0.391276 -1.1912 
-0.446597 -0.553209 
-0.439178 0.0741886 
-0.377789 0.613888 
-0.276851 1.00939 
0.8 0.3 
0.72625 -0.7375 
0.570937 -1.55312 
0.363672 -2.07266 
0.136855 -2.26816 
-0.0787158 -2.15571 
-0.257501 -1.78785 
-0.381751 -1.2425 
-0.44275 -0.609995 
-0.440781 0.019692 
-0.38396 0.568207 
-0.286247 0.977132 
0.8 0.4 
0.735 -0.65 
0.58625 -1.4875 
0.382812 -2.03437 
0.156953 -2.25859 
-0.060293 -2.17246 
-0.242847 -1.82554 
-0.372225 -1.29379 
-0.438904 -0.666782 
-0.442384 -0.0348045 
-0.390131 0.522526 
-0.295644 0.944874 
0.8 0.5 
0.74375 -0.5625 
0.601562 -1.42187 
0.401953 -1.99609 
0.177051 -2.24902 
-0.0418701 -2.18921 
-0.228192 -1.86322 
-0.3627 -1.34508 
-0.435057 -0.723568 
-0.443987 -0.0893011 
-0.396302 0.476845 
-0.305041 0.912617 
0.8 0.6 
0.7525 -0.475 
0.616875 -1.35625 
0.421094 -1.95781 
0.197148 -2.23945 
-0.0234473 -2.20596 
-0.213538 -1.9009 
-0.353174 -1.39637 
-0.43121 -0.780354 
-0.44559 -0.143798 
-0.402473 0.431164 
-0.314437 0.88036 
0.8 0.7 
0.76125 -0.3875 
0.632187 -1.29062 
0.440234 -1.91953 
0.217246 -2.22988 
-0.00502441 -2.22271 
-0.198883 -1.93859 
-0.343649 -1.44766 
-0.427363 -0.837141 
-0.447192 -0.198294 
-0.408644 0.385483 
-0.323834 0.848103 
0.8 0.8 
0.77 -0.3 
0.6475 -1.225 
0.459375 -1.88125 
0.237344 -2.22031 
0.0133984 -2.23945 
-0.184229 -1.97627 
-0.334124 -1.49895 
-0.423516 -0.893927 
-0.448795 -0.252791 
-0.414815 0.339802 
-0.333231 0.815846 
0.8 0.9 
0.77875 -0.2125 
0.662812 -1.15938 
0.478516 -1.84297 
0.257441 -2.21074 
0.0318213 -2.2562 
-0.169574 -2.01395 
-0.324598 -1.55024 
-0.419669 -0.950713 
-0.450398 -0.307287 
-0.420986 0.294121 
-0.342627 0.783589 
0.8 1 
0.7875 -0.125 
0.678125 -1.09375 
0.497656 -1.80469 
0.277539 -2.20117 
0.0502441 -2.27295 
-0.154919 -2.05164 
-0.315073 -1.60153 
-0.415823 -1.0075 
-0.452001 -0.361784 
-0.427157 0.24844 
-0.352024 0.751331 
0.9 -1 
0.7 -2 
0.4375 -2.625 
0.153125 -2.84375 
-0.114844 -2.67969 
-0.334961 -2.20117 
-0.485693 -1.50732 
-0.556873 -0.711792 
-0.549545 0.0732727 
-0.474441 0.751045 
-0.349419 1.25022 
-0.196348 1.53071 
0.9 -0.9 
0.70875 -1.9125 
0.452812 -2.55937 
0.172266 -2.80547 
-0.0947461 -2.67012 
-0.316538 -2.21792 
-0.471039 -1.54501 
-0.547347 -0.763083 
-0.545698 0.0164864 
-0.476044 0.696549 
-0.35559 1.20453 
-0.205745 1.49846 
0.9 -0.8 
0.7175 -1.825 
0.468125 -2.49375 
0.191406 -2.76719 
-0.0746484 -2.66055 
-0.298115 -2.23467 
-0.456384 -1.58269 
-0.537822 -0.814374 
-0.541852 -0.0403 
-0.477646 0.642052 
-0.361761 1.15885 
-0.215141 1.4662 
0.9 -0.7 
0.72625 -1.7375 
0.483437 -2.42812 
0.210547 -2.72891 
-0.0545508 -2.65098 
-0.279692 -2.25142 
-0.44173 -1.62037 
-0.528296 -0.865665 
-0.538005 -0.0970863 
-0.479249 0.587556 
-0.367932 1.11317 
-0.224538 1.43394 
0.9 -0.6 
0.735 -1.65 
0.49875 -2.3625 
0.229687 -2.69062 
-0.0344531 -2.64141 
-0.26127 -2.26816 
-0.427075 -1.65806 
-0.518771 -0.916956 
-0.534158 -0.153873 
-0.480852 0.533059 
-0.374103 1.06749 
-0.233935 1.40168 
0.9 -0.5 
0.74375 -1.5625 
0.514062 -2.29688 
0.248828 -2.65234 
-0.0143555 -2.63184 
-0.242847 -2.28491 
-0.412421 -1.69574 
-0.509245 -0.968246 
-0.530311 -0.210659 
-0.482455 0.478562 
-0.380274 1.02181 
-0.243331 1.36943 
0.9 -0.4 
0.7525 -1.475 
0.529375 -2.23125 
0.267969 -2.61406 
0.00574219 -2.62227 
-0.224424 -2.30166 
-0.397766 -1.73342 
-0.49972 -1.01954 
-0.526464 -0.267445 
-0.484058 0.424066 
-0.386445 0.97613 
-0.252728 1.33717 
0.9 -0.3 
0.76125 -1.3875 
0.544687 -2.16562 
0.287109 -2.57578 
0.0258398 -2.6127 
-0.206001 -2.31841 
-0.383112 -1.77111 
-0.490194 -1.07083 
-0.522618 -0.324232 
-0.485661 0.369569 
-0.392616 0.930449 
-0.262125 1.30491 
0.9 -0.2 
0.77 -1.3 
0.56 -2.1 
0.30625 -2.5375 
0.0459375 -2.60312 
-0.187578 -2.33516 
-0.368457 -1.80879 
-0.480669 -1.12212 
-0.518771 -0.381018 
-0.487263 0.315073 
-0.398787 0.884768 
-0.271521 1.27266 
0.9 -0.1 
0.77875 -1.2125 
0.575312 -2.03437 
0.325391 -2.49922 
0.0660352 -2.59355 
-0.169155 -2.3519 
-0.353802 -1.84647 
-0.471143 -1.17341 
-0.514924 -0.437804 
-0.488866 0.260576 
-0.404958 0.839087 
-0.280918 1.2404 
0.9 -1.38778e-16 
0.7875 -1.125 
0.590625 -1.96875 
0.344531 -2.46094 
0.0861328 -2.58398 
-0.150732 -2.36865 
-0.339148 -1.88416 
-0.461618 -1.2247 
-0.511077 -0.494591 
-0.490469 0.206079 
-0.411129 0.793406 
-0.290314 1.20814 
0.9 0.1 
0.79625 -1.0375 
0.605937 -1.90312 
0.363672 -2.42266 
0.10623 -2.57441 
-0.13231 -2.3854 
-0.324493 -1.92184 
-0.452093 -1.27599 
-0.50723 -0.551377 
-0.492072 0.151583 
-0.4173 0.747725 
-0.299711 1.17588 
0.9 0.2 
0.805 -0.95 
0.62125 -1.8375 
0.382812 -2.38437 
0.126328 -2.56484 
-0.113887 -2.40215 
-0.309839 -1.95952 
-0.442567 -1.32728 
-0.503383 -0.608163 
-0.493675 0.0970863 
-0.42347 0.702044 
-0.309108 1.14363 
0.9 0.3 
0.81375 -0.8625 
0.636562 -1.77187 
0.401953 -2.34609 
0.146426 -2.55527 
-0.0954639 -2.4189 
-0.295184 -1.9972 
-0.433042 -1.37857 
-0.499537 -0.66495 
-0.495278 0.0425898 
-0.429641 0.656363 
-0.318504 1.11137 
0.9 0.4 
0.8225 -0.775 
0.651875 -1.70625 
0.421094 -2.30781 
0.166523 -2.5457 
-0.077041 -2.43564 
-0.28053 -2.03489 
-0.423516 -1.42986 
-0.49569 -0.721736 
-0.496881 -0.0119068 
-0.435812 0.610682 
-0.327901 1.07911 
0.9 0.5 
0.83125 -0.6875 
0.667187 -1.64062 
0.440234 -2.26953 
0.186621 -2.53613 
-0.0586182 -2.45239 
-0.265875 -2.07257 
-0.413991 -1.48116 
-0.491843 -0.778522 
-0.498483 -0.0664034 
-0.441983 0.565001 
-0.337298 1.04686 
0.9 0.6 
0.84 -0.6 
0.6825 -1.575 
0.459375 -2.23125 
0.206719 -2.52656 
-0.0401953 -2.46914 
-0.251221 -2.11025 
-0.404465 -1.53245 
-0.487996 -0.835309 
-0.500086 -0.1209 
-0.448154 0.51932 
-0.346694 1.0146 
0.9 0.7 
0.84875 -0.5125 
0.697812 -1.50937 
0.478516 -2.19297 
0.226816 -2.51699 
-0.0217725 -2.48589 
-0.236566 -2.14794 
-0.39494 -1.58374 
-0.484149 -0.892095 
-0.501689 -0.175397 
-0.454325 0.473639 
-0.356091 0.982341 
0.9 0.8 
0.8575 -0.425 
0.713125 -1.44375 
0.497656 -2.15469 
0.246914 -2.50742 
-0.00334961 -2.50264 
-0.221912 -2.18562 
-0.385414 -1.63503 
-0.480303 -0.948882 
-0.503292 -0.229893 
-0.460496 0.427958 
-0.365488 0.950084 
0.9 0.9 
0.86625 -0.3375 
0.728437 -1.37812 
0.516797 -2.11641 
0.267012 -2.49785 
0.0150732 -2.51938 
-0.207257 -2.2233 
-0.375889 -1.68632 
-0.476456 -1.00567 
-0.504895 -0.28439 
-0.466667 0.382277 
-0.374884 0.917826 
0.9 1 
0.875 -0.25 
0.74375 -1.3125 
0.535937 -2.07812 
0.287109 -2.48828 
0.0334961 -2.53613 
-0.192603 -2.26099 
-0.366364 -1.73761 
-0.472609 -1.06245 
-0.506498 -0.338886 
-0.472838 0.336596 
-0.384281 0.885569 
1 -1 
0.7875 -2.125 
0.503125 -2.84375 
0.191406 -3.11719 
-0.105273 -2.9668 
-0.351709 -2.46436 
-0.523376 -1.71667 
-0.608163 -0.84787 
-0.606332 0.0183182 
-0.528937 0.773943 
-0.3951 1.33837 
-0.228605 1.66495 
1 -0.9 
0.79625 -2.0375 
0.518437 -2.77812 
0.210547 -3.07891 
-0.0851758 -2.95723 
-0.333286 -2.4811 
-0.508722 -1.75436 
-0.598638 -0.899161 
-0.602485 -0.0384682 
-0.53054 0.719446 
-0.401271 1.29269 
-0.238002 1.63269 
1 -0.8 
0.805 -1.95 
0.53375 -2.7125 
0.229687 -3.04062 
-0.0650781 -2.94766 
-0.314863 -2.49785 
-0.494067 -1.79204 
-0.589113 -0.950452 
-0.598638 -0.0952545 
-0.532143 0.66495 
-0.407442 1.24701 
-0.247398 1.60044 
1 -0.7 
0.81375 -1.8625 
0.549062 -2.64687 
0.248828 -3.00234 
-0.0449805 -2.93809 
-0.29644 -2.5146 
-0.479413 -1.82972 
-0.579587 -1.00174 
-0.594791 -0.152041 
-0.533746 0.610453 
-0.413613 1.20133 
-0.256795 1.56818 
1 -0.6 
0.8225 -1.775 
0.564375 -2.58125 
0.267969 -2.96406 
-0.0248828 -2.92852 
-0.278018 -2.53135 
-0.464758 -1.86741 
-0.570062 -1.05303 
-0.590944 -0.208827 
-0.535349 0.555957 
-0.419784 1.15565 
-0.266192 1.53592 
1 -0.5 
0.83125 -1.6875 
0.579687 -2.51562 
0.287109 -2.92578 
-0.00478516 -2.91895 
-0.259595 -2.5481 
-0.450104 -1.90509 
-0.560536 -1.10432 
-0.587098 -0.265614 
-0.536952 0.50146 
-0.425955 1.10997 
-0.275588 1.50366 
1 -0.4 
0.84 -1.6 
0.595 -2.45 
0.30625 -2.8875 
0.0153125 -2.90937 
-0.241172 -2.56484 
-0.435449 -1.94277 
-0.551011 -1.15562 
-0.583251 -0.3224 
-0.538554 0.446964 
-0.432126 1.06429 
-0.284985 1.47141 
1 -0.3 
0.84875 -1.5125 
0.610312 -2.38437 
0.325391 -2.84922 
0.0354102 -2.8998 
-0.222749 -2.58159 
-0.420795 -1.98046 
-0.541485 -1.20691 
-0.579404 -0.379186 
-0.540157 0.392467 
-0.438297 1.01861 
-0.294382 1.43915 
1 -0.2 
0.8575 -1.425 
0.625625 -2.31875 
0.344531 -2.81094 
0.0555078 -2.89023 
-0.204326 -2.59834 
-0.40614 -2.01814 
-0.53196 -1.2582 
-0.575557 -0.435973 
-0.54176 0.33797 
-0.444468 0.972924 
-0.303778 1.40689 
1 -0.1 
0.86625 -1.3375 
0.640937 -2.25312 
0.363672 -2.77266 
0.0756055 -2.88066 
-0.185903 -2.61509 
-0.391486 -2.05582 
-0.522434 -1.30949 
-0.57171 -0.492759 
-0.543363 0.283474 
-0.450639 0.927243 
-0.313175 1.37464 
1 -1.38778e-16 
0.875 -1.25 
0.65625 -2.1875 
0.382812 -2.73437 
0.0957031 -2.87109 
-0.16748 -2.63184 
-0.376831 -2.09351 
-0.512909 -1.36078 
-0.567863 -0.549545 
-0.544966 0.228977 
-0.45681 0.881562 
-0.322572 1.34238 
1 0.1 
0.88375 -1.1625 
0.671562 -2.12188 
0.401953 -2.69609 
0.115801 -2.86152 
-0.149058 -2.64858 
-0.362177 -2.13119 
-0.503383 -1.41207 
-0.564017 -0.606332 
-0.546569 0.174481 
-0.46298 0.835881 
-0.331968 1.31012 
1 0.2 
0.8925 -1.075 
0.686875 -2.05625 
0.421094 -2.65781 
0.135898 -2.85195 
-0.130635 -2.66533 
-0.347522 -2.16887 
-0.493858 -1.46336 
-0.56017 -0.663118 
-0.548171 0.119984 
-0.469151 0.7902 
-0.341365 1.27786 
1 0.3 
0.90125 -0.9875 
0.702187 -1.99062 
0.440234 -2.61953 
0.155996 -2.84238 
-0.112212 -2.68208 
-0.332867 -2.20656 
-0.484333 -1.51465 
-0.556323 -0.719904 
-0.549774 0.0654875 
-0.475322 0.744519 
-0.350762 1.24561 
1 0.4 
0.91 -0.9 
0.7175 -1.925 
0.459375 -2.58125 
0.176094 -2.83281 
-0.0937891 -2.69883 
-0.318213 -2.24424 
-0.474807 -1.56594 
-0.552476 -0.776691 
-0.551377 0.0109909 
-0.481493 0.698838 
-0.360158 1.21335 
1 0.5 
0.91875 -0.8125 
0.732812 -1.85937 
0.478516 -2.54297 
0.196191 -2.82324 
-0.0753662 -2.71558 
-0.303558 -2.28192 
-0.465282 -1.61723 
-0.548629 -0.833477 
-0.55298 -0.0435057 
-0.487664 0.653157 
-0.369555 1.18109 
1 0.6 
0.9275 -0.725 
0.748125 -1.79375 
0.497656 -2.50469 
0.216289 -2.81367 
-0.0569434 -2.73232 
-0.288904 -2.3196 
-0.455756 -1.66852 
-0.544783 -0.890263 
-0.554583 -0.0980022 
-0.493835 0.607477 
-0.378952 1.14884 
1 0.7 
0.93625 -0.6375 
0.763437 -1.72812 
0.516797 -2.46641 
0.236387 -2.8041 
-0.0385205 -2.74907 
-0.274249 -2.35729 
-0.446231 -1.71982 
-0.540936 -0.94705 
-0.556186 -0.152499 
-0.500006 0.561796 
-0.388348 1.11658 
1 0.8 
0.945 -0.55 
0.77875 -1.6625 
0.535937 -2.42812 
0.256484 -2.79453 
-0.0200977 -2.76582 
-0.259595 -2.39497 
-0.436705 -1.77111 
-0.537089 -1.00384 
-0.557788 -0.206995 
-0.506177 0.516115 
-0.397745 1.08432 
1 0.9 
0.95375 -0.4625 
0.794062 -1.59688 
0.555078 -2.38984 
0.276582 -2.78496 
-0.0016748 -2.78257 
-0.24494 -2.43265 
-0.42718 -1.8224 
-0.533242 -1.06062 
-0.559391 -0.261492 
-0.512348 0.470434 
-0.407142 1.05206 
1 1 
0.9625 -0.375 
0.809375 -1.53125 
0.574219 -2.35156 
0.29668 -2.77539 
0.016748 -2.79932 
-0.230286 -2.47034 
-0.417654 -1.87369 
-0.529395 -1.11741 
-0.560994 -0.315989 
-0.518519 0.424753 
-0.416538 1.01981 
