400 11 
-1 -1 
-1.02759 0.448276 
-0.913436 1.83472 
-0.673295 2.9681 
-0.340286 3.69209 
0.0396594 3.90682 
0.414135 3.58268 
0.731488 2.76438 
0.947946 1.56478 
1.03365 0.149357 
0.976787 -1.28667 
0.785192 -2.54523 
-1 -0.9 
-1.01793 0.541379 
-0.895458 1.90809 
-0.649473 3.01161 
-0.313906 3.69974 
0.0649586 3.87756 
0.434863 3.52054 
0.744787 2.67793 
0.951981 1.46595 
1.02787 0.051777 
0.96198 -1.36954 
0.763404 -2.60196 
-1 -0.8 
-1.00828 0.634483 
-0.877479 1.98145 
-0.625651 3.05512 
-0.287526 3.70738 
0.0902578 3.84829 
0.455592 3.4584 
0.758086 2.59148 
0.956017 1.36712 
1.02208 -0.0458032 
0.947172 -1.45241 
0.741617 -2.65869 
-1 -0.7 
-0.998621 0.727586 
-0.859501 2.05482 
-0.601829 3.09862 
-0.261146 3.71503 
0.115557 3.81902 
0.476321 3.39625 
0.771385 2.50504 
0.960052 1.2683 
1.0163 -0.143383 
0.932364 -1.53528 
0.719829 -2.71542 
-1 -0.6 
-0.988966 0.82069 
-0.841522 2.12818 
-0.578006 3.14213 
-0.234766 3.72268 
0.140856 3.78976 
0.49705 3.33411 
0.784685 2.41859 
0.964087 1.16947 
1.01051 -0.240964 
0.917557 -1.61816 
0.698041 -2.77215 
-1 -0.5 
-0.97931 0.913793 
-0.823543 2.20155 
-0.554184 3.18564 
-0.208386 3.73033 
0.166155 3.76049 
0.517779 3.27197 
0.797984 2.33214 
0.968123 1.07064 
1.00473 -0.338544 
0.902749 -1.70103 
0.676253 -2.82889 
-1 -0.4 
-0.969655 1.0069 
-0.805565 2.27491 
-0.530362 3.22914 
-0.182006 3.73798 
0.191454 3.73123 
0.538507 3.20983 
0.811283 2.24569 
0.972158 0.971805 
0.998942 -0.436124 
0.887941 -1.7839 
0.654465 -2.88562 
-1 -0.3 
-0.96 1.1 
-0.787586 2.34828 
-0.50654 3.27265 
-0.155626 3.74563 
0.216754 3.70196 
0.559236 3.14769 
0.824583 2.15924 
0.976194 0.872975 
0.993157 -0.533704 
0.873134 -1.86677 
0.632678 -2.94235 
-1 -0.2 
-0.950345 1.1931 
-0.769608 2.42164 
-0.482718 3.31616 
-0.129246 3.75328 
0.242053 3.6727 
0.579965 3.08554 
0.837882 2.0728 
0.980229 0.774145 
0.987372 -0.631284 
0.858326 -1.94964 
0.61089 -2.99908 
-1 -0.1 
-0.94069 1.28621 
-0.751629 2.49501 
-0.458895 3.35967 
-0.102866 3.76092 
0.267352 3.64343 
0.600694 3.0234 
0.851181 1.98635 
0.984264 0.675315 
0.981587 -0.728864 
0.843518 -2.03251 
0.589102 -3.05581 
-1 -1.38778e-16 
-0.931034 1.37931 
-0.73365 2.56837 
-0.435073 3.40317 
-0.0764859 3.76857 
0.292651 3.61417 
0.621423 2.96126 
0.864481 1.8999 
0.9883 0.576485 
0.975802 -0.826445 
0.828711 -2.11538 
0.567314 -3.11254 
-1 0.1 
-0.921379 1.47241 
-0.715672 2.64174 
-0.411251 3.44668 
-0.0501059 3.77622 
0.31795 3.5849 
0.642151 2.89912 
0.87778 1.81345 
0.992335 0.477655 
0.970017 -0.924025 
0.813903 -2.19825 
0.545526 -3.16927 
-1 0.2 
-0.911724 1.56552 
-0.697693 2.7151 
-0.387429 3.49019 
-0.0237258 3.78387 
0.34325 3.55564 
0.66288 2.83697 
0.891079 1.727 
0.996371 0.378825 
0.964232 -1.02161 
0.799095 -2.28112 
0.523739 -3.22601 
-1 0.3 
-0.902069 1.65862 
-0.679715 2.78847 
-0.363607 3.5337 
0.00265416 3.79152 
0.368549 3.52637 
0.683609 2.77483 
0.904378 1.64056 
1.00041 0.279995 
0.958447 -1.11919 
0.784287 -2.364 
0.501951 -3.28274 
-1 0.4 
-0.892414 1.75172 
-0.661736 2.86183 
-0.339784 3.5772 
0.0290342 3.79917 
0.393848 3.49711 
0.704338 2.71269 
0.917678 1.55411 
1.00444 0.181165 
0.952661 -1.21677 
0.76948 -2.44687 
0.480163 -3.33947 
-1 0.5 
-0.882759 1.84483 
-0.643757 2.9352 
-0.315962 3.62071 
0.0554142 3.80682 
0.419147 3.46784 
0.725067 2.65055 
0.930977 1.46766 
1.00848 0.0823352 
0.946876 -1.31435 
0.754672 -2.52974 
0.458375 -3.3962 
-1 0.6 
-0.873103 1.93793 
-0.625779 3.00856 
-0.29214 3.66422 
0.0817942 3.81446 
0.444446 3.43858 
0.745796 2.58841 
0.944276 1.38121 
1.01251 -0.0164948 
0.941091 -1.41193 
0.739864 -2.61261 
0.436587 -3.45293 
-1 0.7 
-0.863448 2.03103 
-0.6078 3.08193 
-0.268318 3.70772 
0.108174 3.82211 
0.469746 3.40931 
0.766524 2.52626 
0.957576 1.29476 
1.01655 -0.115325 
0.935306 -1.50951 
0.725057 -2.69548 
0.4148 -3.50966 
-1 0.8 
-0.853793 2.12414 
-0.589822 3.15529 
-0.244495 3.75123 
0.134554 3.82976 
0.495045 3.38005 
0.787253 2.46412 
0.970875 1.20832 
1.02058 -0.214155 
0.929521 -1.60709 
0.710249 -2.77835 
0.393012 -3.56639 
-1 0.9 
-0.844138 2.21724 
-0.571843 3.22866 
-0.220673 3.79474 
0.160934 3.83741 
0.520344 3.35078 
0.807982 2.40198 
0.984174 1.12187 
1.02462 -0.312985 
0.923736 -1.70467 
0.695441 -2.86122 
0.371224 -3.62313 
-1 1 
-0.834483 2.31034 
-0.553864 3.30202 
-0.196851 3.83825 
0.187314 3.84506 
0.545643 3.32152 
0.828711 2.33984 
0.997474 1.03542 
1.02865 -0.411815 
0.917951 -1.80225 
0.680634 -2.94409 
0.349436 -3.67986 
-0.9 -1 
-0.934483 0.310345 
-0.840071 1.57788 
-0.629788 2.62778 
-0.332637 3.31523 
0.0103943 3.5454 
0.351992 3.28656 
0.64504 2.57439 
0.849116 1.50714 
0.936073 0.232002 
0.893916 -1.07513 
0.728461 -2.23397 
-0.9 -0.9 
-0.924828 0.403448 
-0.822093 1.65125 
-0.605966 2.67129 
-0.306257 3.32288 
0.0356935 3.51614 
0.372721 3.22441 
0.658339 2.48794 
0.853151 1.40831 
0.930288 0.134421 
0.879109 -1.158 
0.706673 -2.29071 
-0.9 -0.8 
-0.915172 0.496552 
-0.804114 1.72461 
-0.582144 2.7148 
-0.279877 3.33053 
0.0609926 3.48687 
0.39345 3.16227 
0.671638 2.40149 
0.857187 1.30948 
0.924503 0.0368413 
0.864301 -1.24088 
0.684885 -2.34744 
-0.9 -0.7 
-0.905517 0.589655 
-0.786136 1.79798 
-0.558321 2.7583 
-0.253497 3.33818 
0.0862918 3.45761 
0.414179 3.10013 
0.684937 2.31505 
0.861222 1.21065 
0.918717 -0.0607389 
0.849493 -1.32375 
0.663097 -2.40417 
-0.9 -0.6 
-0.895862 0.682759 
-0.768157 1.87134 
-0.534499 2.80181 
-0.227117 3.34582 
0.111591 3.42834 
0.434907 3.03799 
0.698237 2.2286 
0.865257 1.11182 
0.912932 -0.158319 
0.834686 -1.40662 
0.64131 -2.4609 
-0.9 -0.5 
-0.886207 0.775862 
-0.750178 1.94471 
-0.510677 2.84532 
-0.200737 3.35347 
0.13689 3.39908 
0.455636 2.97584 
0.711536 2.14215 
0.869293 1.01299 
0.907147 -0.255899 
0.819878 -1.48949 
0.619522 -2.51763 
-0.9 -0.4 
-0.876552 0.868966 
-0.7322 2.01807 
-0.486855 2.88883 
-0.174357 3.36112 
0.162189 3.36981 
0.476365 2.9137 
0.724835 2.0557 
0.873328 0.914157 
0.901362 -0.353479 
0.80507 -1.57236 
0.597734 -2.57436 
-0.9 -0.3 
-0.866897 0.962069 
-0.714221 2.09144 
-0.463033 2.93233 
-0.147977 3.36877 
0.187489 3.34055 
0.497094 2.85156 
0.738135 1.96925 
0.877364 0.815327 
0.895577 -0.45106 
0.790262 -1.65523 
0.575946 -2.63109 
-0.9 -0.2 
-0.857241 1.05517 
-0.696243 2.1648 
-0.43921 2.97584 
-0.121597 3.37642 
0.212788 3.31128 
0.517823 2.78942 
0.751434 1.88281 
0.881399 0.716497 
0.889792 -0.54864 
0.775455 -1.7381 
0.554158 -2.68783 
-0.9 -0.1 
-0.847586 1.14828 
-0.678264 2.23817 
-0.415388 3.01935 
-0.0952173 3.38407 
0.238087 3.28202 
0.538552 2.72728 
0.764733 1.79636 
0.885434 0.617667 
0.884007 -0.64622 
0.760647 -1.82097 
0.532371 -2.74456 
-0.9 -1.38778e-16 
-0.837931 1.24138 
-0.660285 2.31153 
-0.391566 3.06286 
-0.0688373 3.39172 
0.263386 3.25275 
0.55928 2.66513 
0.778033 1.70991 
0.88947 0.518837 
0.878222 -0.7438 
0.745839 -1.90384 
0.510583 -2.80129 
-0.9 0.1 
-0.828276 1.33448 
-0.642307 2.3849 
-0.367744 3.10636 
-0.0424573 3.39936 
0.288685 3.22349 
0.580009 2.60299 
0.791332 1.62346 
0.893505 0.420007 
0.872437 -0.84138 
0.731032 -1.98671 
0.488795 -2.85802 
-0.9 0.2 
-0.818621 1.42759 
-0.624328 2.45826 
-0.343921 3.14987 
-0.0160773 3.40701 
0.313984 3.19422 
0.600738 2.54085 
0.804631 1.53701 
0.897541 0.321177 
0.866651 -0.938961 
0.716224 -2.06959 
0.467007 -2.91475 
-0.9 0.3 
-0.808966 1.52069 
-0.60635 2.53163 
-0.320099 3.19338 
0.0103028 3.41466 
0.339284 3.16496 
0.621467 2.47871 
0.81793 1.45057 
0.901576 0.222347 
0.860866 -1.03654 
0.701416 -2.15246 
0.445219 -2.97148 
-0.9 0.4 
-0.79931 1.61379 
-0.588371 2.60499 
-0.296277 3.23689 
0.0366828 3.42231 
0.364583 3.13569 
0.642196 2.41656 
0.83123 1.36412 
0.905611 0.123517 
0.855081 -1.13412 
0.686609 -2.23533 
0.423432 -3.02821 
-0.9 0.5 
-0.789655 1.7069 
-0.570392 2.67836 
-0.272455 3.28039 
0.0630628 3.42996 
0.389882 3.10643 
0.662924 2.35442 
0.844529 1.27767 
0.909647 0.0246867 
0.849296 -1.2317 
0.671801 -2.3182 
0.401644 -3.08495 
-0.9 0.6 
-0.78 1.8 
-0.552414 2.75172 
-0.248633 3.3239 
0.0894428 3.43761 
0.415181 3.07716 
0.683653 2.29228 
0.857828 1.19122 
0.913682 -0.0741433 
0.843511 -1.32928 
0.656993 -2.40107 
0.379856 -3.14168 
-0.9 0.7 
-0.770345 1.8931 
-0.534435 2.82509 
-0.22481 3.36741 
0.115823 3.44526 
0.44048 3.0479 
0.704382 2.23014 
0.871128 1.10477 
0.917718 -0.172973 
0.837726 -1.42686 
0.642186 -2.48394 
0.358068 -3.19841 
-0.9 0.8 
-0.76069 1.98621 
-0.516457 2.89845 
-0.200988 3.41091 
0.142203 3.4529 
0.46578 3.01863 
0.725111 2.168 
0.884427 1.01833 
0.921753 -0.271803 
0.831941 -1.52444 
0.627378 -2.56681 
0.33628 -3.25514 
-0.9 0.9 
-0.751034 2.07931 
-0.498478 2.97182 
-0.177166 3.45442 
0.168583 3.46055 
0.491079 2.98937 
0.74584 2.10585 
0.897726 0.931877 
0.925788 -0.370633 
0.826156 -1.62202 
0.61257 -2.64968 
0.314493 -3.31187 
-0.9 1 
-0.741379 2.17241 
-0.480499 3.04518 
-0.153344 3.49793 
0.194963 3.4682 
0.516378 2.9601 
0.766569 2.04371 
0.911026 0.845429 
0.929824 -0.469463 
0.820371 -1.7196 
0.597763 -2.73255 
0.292705 -3.3686 
-0.8 -1 
-0.841379 0.172414 
-0.766706 1.32105 
-0.586281 2.28747 
-0.324989 2.93837 
-0.0188708 3.18399 
0.28985 2.99043 
0.558591 2.3844 
0.750286 1.44949 
0.838493 0.314646 
0.811045 -0.863595 
0.671729 -1.92272 
-0.8 -0.9 
-0.831724 0.265517 
-0.748728 1.39441 
-0.562458 2.33097 
-0.298609 2.94602 
0.00642833 3.15472 
0.310579 2.92829 
0.571891 2.29795 
0.754321 1.35066 
0.832707 0.217066 
0.796237 -0.946466 
0.649942 -1.97945 
-0.8 -0.8 
-0.822069 0.358621 
-0.730749 1.46778 
-0.538636 2.37448 
-0.272229 2.95367 
0.0317275 3.12546 
0.331308 2.86615 
0.58519 2.2115 
0.758357 1.25183 
0.826922 0.119486 
0.78143 -1.02934 
0.628154 -2.03618 
-0.8 -0.7 
-0.812414 0.451724 
-0.712771 1.54114 
-0.514814 2.41799 
-0.245849 2.96132 
0.0570267 3.09619 
0.352036 2.804 
0.598489 2.12506 
0.762392 1.153 
0.821137 0.0219056 
0.766622 -1.11221 
0.606366 -2.09291 
-0.8 -0.6 
-0.802759 0.544828 
-0.694792 1.61451 
-0.490992 2.46149 
-0.219469 2.96897 
0.0823259 3.06693 
0.372765 2.74186 
0.611789 2.03861 
0.766427 1.05417 
0.815352 -0.0756746 
0.751814 -1.19508 
0.584578 -2.14965 
-0.8 -0.5 
-0.793103 0.637931 
-0.676813 1.68787 
-0.46717 2.505 
-0.193089 2.97662 
0.107625 3.03766 
0.393494 2.67972 
0.625088 1.95216 
0.770463 0.955338 
0.809567 -0.173255 
0.737007 -1.27795 
0.56279 -2.20638 
-0.8 -0.4 
-0.783448 0.731034 
-0.658835 1.76124 
-0.443347 2.54851 
-0.166709 2.98426 
0.132924 3.0084 
0.414223 2.61758 
0.638387 1.86571 
0.774498 0.856508 
0.803782 -0.270835 
0.722199 -1.36082 
0.541003 -2.26311 
-0.8 -0.3 
-0.773793 0.824138 
-0.640856 1.8346 
-0.419525 2.59202 
-0.140329 2.99191 
0.158223 2.97913 
0.434952 2.55543 
0.651687 1.77926 
0.778534 0.757678 
0.797997 -0.368415 
0.707391 -1.44369 
0.519215 -2.31984 
-0.8 -0.2 
-0.764138 0.917241 
-0.622878 1.90797 
-0.395703 2.63552 
-0.113949 2.99956 
0.183523 2.94987 
0.45568 2.49329 
0.664986 1.69282 
0.782569 0.658848 
0.792212 -0.465995 
0.692584 -1.52656 
0.497427 -2.37657 
-0.8 -0.1 
-0.754483 1.01034 
-0.604899 1.98133 
-0.371881 2.67903 
-0.0875687 3.00721 
0.208822 2.9206 
0.476409 2.43115 
0.678285 1.60637 
0.786604 0.560018 
0.786427 -0.563576 
0.677776 -1.60943 
0.475639 -2.4333 
-0.8 -1.38778e-16 
-0.744828 1.10345 
-0.58692 2.0547 
-0.348059 2.72254 
-0.0611887 3.01486 
0.234121 2.89134 
0.497138 2.36901 
0.691584 1.51992 
0.79064 0.461188 
0.780641 -0.661156 
0.662968 -1.69231 
0.453851 -2.49003 
-0.8 0.1 
-0.735172 1.19655 
-0.568942 2.12806 
-0.324236 2.76605 
-0.0348087 3.02251 
0.25942 2.86207 
0.517867 2.30687 
0.704884 1.43347 
0.794675 0.362358 
0.774856 -0.758736 
0.648161 -1.77518 
0.432064 -2.54677 
-0.8 0.2 
-0.725517 1.28966 
-0.550963 2.20143 
-0.300414 2.80955 
-0.00842867 3.03016 
0.284719 2.8328 
0.538596 2.24472 
0.718183 1.34702 
0.798711 0.263528 
0.769071 -0.856316 
0.633353 -1.85805 
0.410276 -2.6035 
-0.8 0.3 
-0.715862 1.38276 
-0.532985 2.27479 
-0.276592 2.85306 
0.0179513 3.0378 
0.310019 2.80354 
0.559325 2.18258 
0.731482 1.26058 
0.802746 0.164698 
0.763286 -0.953896 
0.618545 -1.94092 
0.388488 -2.66023 
-0.8 0.4 
-0.706207 1.47586 
-0.515006 2.34816 
-0.25277 2.89657 
0.0443313 3.04545 
0.335318 2.77427 
0.580053 2.12044 
0.744782 1.17413 
0.806781 0.0658682 
0.757501 -1.05148 
0.603738 -2.02379 
0.3667 -2.71696 
-0.8 0.5 
-0.696552 1.56897 
-0.497027 2.42152 
-0.228947 2.94008 
0.0707114 3.0531 
0.360617 2.74501 
0.600782 2.0583 
0.758081 1.08768 
0.810817 -0.0329618 
0.751716 -1.14906 
0.58893 -2.10666 
0.344912 -2.77369 
-0.8 0.6 
-0.686897 1.66207 
-0.479049 2.49489 
-0.205125 2.98358 
0.0970914 3.06075 
0.385916 2.71574 
0.621511 1.99615 
0.77138 1.00123 
0.814852 -0.131792 
0.745931 -1.24664 
0.574122 -2.18953 
0.323125 -2.83042 
-0.8 0.7 
-0.677241 1.75517 
-0.46107 2.56825 
-0.181303 3.02709 
0.123471 3.0684 
0.411215 2.68648 
0.64224 1.93401 
0.78468 0.914783 
0.818888 -0.230622 
0.740146 -1.34422 
0.559315 -2.2724 
0.301337 -2.88715 
-0.8 0.8 
-0.667586 1.84828 
-0.443092 2.64162 
-0.157481 3.0706 
0.149851 3.07605 
0.436514 2.65721 
0.662969 1.87187 
0.797979 0.828335 
0.822923 -0.329452 
0.734361 -1.4418 
0.544507 -2.35527 
0.279549 -2.94389 
-0.8 0.9 
-0.657931 1.94138 
-0.425113 2.71498 
-0.133659 3.1141 
0.176231 3.0837 
0.461814 2.62795 
0.683697 1.80973 
0.811278 0.741887 
0.826958 -0.428282 
0.728575 -1.53938 
0.529699 -2.43815 
0.257761 -3.00062 
-0.8 1 
-0.648276 2.03448 
-0.407134 2.78835 
-0.109836 3.15761 
0.202611 3.09134 
0.487113 2.59868 
0.704426 1.74758 
0.824577 0.655439 
0.830994 -0.527112 
0.72279 -1.63696 
0.514892 -2.52102 
0.235973 -3.05735 
-0.7 -1 
-0.748276 0.0344828 
-0.693341 1.06421 
-0.542773 1.94715 
-0.31734 2.56152 
-0.048136 2.82257 
0.227708 2.6943 
0.472143 2.19441 
0.651456 1.39184 
0.740912 0.397291 
0.728174 -0.652057 
0.614998 -1.61147 
-0.7 -0.9 
-0.738621 0.127586 
-0.675363 1.13757 
-0.518951 1.99066 
-0.29096 2.56916 
-0.0228368 2.7933 
0.248437 2.63216 
0.485443 2.10796 
0.655491 1.29301 
0.735127 0.29971 
0.713366 -0.734928 
0.59321 -1.6682 
-0.7 -0.8 
-0.728966 0.22069 
-0.657384 1.21094 
-0.495129 2.03416 
-0.26458 2.57681 
0.00246239 2.76404 
0.269165 2.57002 
0.498742 2.02151 
0.659527 1.19418 
0.729342 0.20213 
0.698559 -0.817799 
0.571422 -1.72493 
-0.7 -0.7 
-0.71931 0.313793 
-0.639405 1.2843 
-0.471307 2.07767 
-0.2382 2.58446 
0.0277616 2.73477 
0.289894 2.50788 
0.512041 1.93507 
0.663562 1.09535 
0.723557 0.10455 
0.683751 -0.90067 
0.549635 -1.78166 
-0.7 -0.6 
-0.709655 0.406897 
-0.621427 1.35767 
-0.447485 2.12118 
-0.21182 2.59211 
0.0530608 2.70551 
0.310623 2.44573 
0.525341 1.84862 
0.667598 0.996519 
0.717772 0.00696986 
0.668943 -0.983541 
0.527847 -1.83839 
-0.7 -0.5 
-0.7 0.5 
-0.603448 1.43103 
-0.423662 2.16468 
-0.18544 2.59976 
0.0783599 2.67624 
0.331352 2.38359 
0.53864 1.76217 
0.671633 0.897689 
0.711987 -0.0906103 
0.654136 -1.06641 
0.506059 -1.89512 
-0.7 -0.4 
-0.690345 0.593103 
-0.58547 1.5044 
-0.39984 2.20819 
-0.15906 2.60741 
0.103659 2.64698 
0.352081 2.32145 
0.551939 1.67572 
0.675668 0.79886 
0.706202 -0.188191 
0.639328 -1.14928 
0.484271 -1.95185 
-0.7 -0.3 
-0.68069 0.686207 
-0.567491 1.57776 
-0.376018 2.2517 
-0.13268 2.61506 
0.128958 2.61771 
0.372809 2.25931 
0.565239 1.58927 
0.679704 0.70003 
0.700417 -0.285771 
0.62452 -1.23215 
0.462483 -2.00859 
-0.7 -0.2 
-0.671034 0.77931 
-0.549512 1.65113 
-0.352196 2.29521 
-0.1063 2.6227 
0.154257 2.58845 
0.393538 2.19717 
0.578538 1.50283 
0.683739 0.6012 
0.694632 -0.383351 
0.609713 -1.31503 
0.440696 -2.06532 
-0.7 -0.1 
-0.661379 0.872414 
-0.531534 1.72449 
-0.328373 2.33871 
-0.0799201 2.63035 
0.179557 2.55918 
0.414267 2.13502 
0.591837 1.41638 
0.687774 0.50237 
0.688846 -0.480931 
0.594905 -1.3979 
0.418908 -2.12205 
-0.7 -1.38778e-16 
-0.651724 0.965517 
-0.513555 1.79786 
-0.304551 2.38222 
-0.0535401 2.638 
0.204856 2.52992 
0.434996 2.07288 
0.605136 1.32993 
0.69181 0.40354 
0.683061 -0.578511 
0.580097 -1.48077 
0.39712 -2.17878 
-0.7 0.1 
-0.642069 1.05862 
-0.495577 1.87122 
-0.280729 2.42573 
-0.0271601 2.64565 
0.230155 2.50065 
0.455725 2.01074 
0.618436 1.24348 
0.695845 0.30471 
0.677276 -0.676091 
0.56529 -1.56364 
0.375332 -2.23551 
-0.7 0.2 
-0.632414 1.15172 
-0.477598 1.94459 
-0.256907 2.46924 
-0.000780086 2.6533 
0.255454 2.47139 
0.476453 1.9486 
0.631735 1.15703 
0.699881 0.20588 
0.671491 -0.773672 
0.550482 -1.64651 
0.353544 -2.29224 
-0.7 0.3 
-0.622759 1.24483 
-0.45962 2.01795 
-0.233085 2.51274 
0.0255999 2.66095 
0.280753 2.44212 
0.497182 1.88645 
0.645034 1.07059 
0.703916 0.10705 
0.665706 -0.871252 
0.535674 -1.72938 
0.331757 -2.34897 
-0.7 0.4 
-0.613103 1.33793 
-0.441641 2.09132 
-0.209262 2.55625 
0.0519799 2.6686 
0.306053 2.41286 
0.517911 1.82431 
0.658334 0.984138 
0.707951 0.00821966 
0.659921 -0.968832 
0.520867 -1.81225 
0.309969 -2.40571 
-0.7 0.5 
-0.603448 1.43103 
-0.423662 2.16468 
-0.18544 2.59976 
0.0783599 2.67624 
0.331352 2.38359 
0.53864 1.76217 
0.671633 0.897689 
0.711987 -0.0906103 
0.654136 -1.06641 
0.506059 -1.89512 
0.288181 -2.46244 
-0.7 0.6 
-0.593793 1.52414 
-0.405684 2.23805 
-0.161618 2.64327 
0.10474 2.68389 
0.356651 2.35433 
0.559369 1.70003 
0.684932 0.811241 
0.716022 -0.18944 
0.648351 -1.16399 
0.491251 -1.97799 
0.266393 -2.51917 
-0.7 0.7 
-0.584138 1.61724 
-0.387705 2.31141 
-0.137796 2.68677 
0.13112 2.69154 
0.38195 2.32506 
0.580098 1.63789 
0.698231 0.724793 
0.720058 -0.28827 
0.642566 -1.26157 
0.476444 -2.06086 
0.244605 -2.5759 
-0.7 0.8 
-0.574483 1.71034 
-0.369727 2.38478 
-0.113974 2.73028 
0.1575 2.69919 
0.407249 2.2958 
0.600826 1.57574 
0.711531 0.638345 
0.724093 -0.3871 
0.63678 -1.35915 
0.461636 -2.14374 
0.222818 -2.63263 
-0.7 0.9 
-0.564828 1.80345 
-0.351748 2.45815 
-0.0901513 2.77379 
0.18388 2.70684 
0.432549 2.26653 
0.621555 1.5136 
0.72483 0.551897 
0.728128 -0.48593 
0.630995 -1.45673 
0.446828 -2.22661 
0.20103 -2.68936 
-0.7 1 
-0.555172 1.89655 
-0.333769 2.53151 
-0.0663291 2.81729 
0.21026 2.71449 
0.457848 2.23727 
0.642284 1.45146 
0.738129 0.465449 
0.732164 -0.58476 
0.62521 -1.55431 
0.432021 -2.30948 
0.179242 -2.74609 
-0.6 -1 
-0.655172 -0.103448 
-0.619976 0.807372 
-0.499266 1.60683 
-0.309692 2.18466 
-0.0774011 2.46115 
0.165565 2.39818 
0.385695 2.00442 
0.552626 1.33419 
0.643332 0.479935 
0.645303 -0.440519 
0.558267 -1.30021 
-0.6 -0.9 
-0.645517 -0.0103448 
-0.601998 0.880737 
-0.475444 1.65034 
-0.283312 2.19231 
-0.0521019 2.43189 
0.186294 2.33604 
0.398995 1.91797 
0.556661 1.23536 
0.637547 0.382355 
0.630495 -0.52339 
0.536479 -1.35694 
-0.6 -0.8 
-0.635862 0.0827586 
-0.584019 0.954102 
-0.451622 1.69385 
-0.256932 2.19996 
-0.0268027 2.40262 
0.207023 2.27389 
0.412294 1.83152 
0.560697 1.13653 
0.631762 0.284775 
0.615688 -0.606261 
0.514691 -1.41367 
-0.6 -0.7 
-0.626207 0.175862 
-0.56604 1.02747 
-0.427799 1.73735 
-0.230552 2.2076 
-0.00150355 2.37336 
0.227752 2.21175 
0.425593 1.74508 
0.564732 1.0377 
0.625977 0.187195 
0.60088 -0.689132 
0.492903 -1.47041 
-0.6 -0.6 
-0.616552 0.268966 
-0.548062 1.10083 
-0.403977 1.78086 
-0.204172 2.21525 
0.0237956 2.34409 
0.248481 2.14961 
0.438893 1.65863 
0.568768 0.938871 
0.620192 0.0896143 
0.586072 -0.772003 
0.471115 -1.52714 
-0.6 -0.5 
-0.606897 0.362069 
-0.530083 1.1742 
-0.380155 1.82437 
-0.177792 2.2229 
0.0490948 2.31483 
0.26921 2.08747 
0.452192 1.57218 
0.572803 0.840041 
0.614407 -0.00796586 
0.571265 -0.854874 
0.449328 -1.58387 
-0.6 -0.4 
-0.597241 0.455172 
-0.512105 1.24756 
-0.356333 1.86787 
-0.151412 2.23055 
0.074394 2.28556 
0.289938 2.02532 
0.465491 1.48573 
0.576838 0.741211 
0.608622 -0.105546 
0.556457 -0.937745 
0.42754 -1.6406 
-0.6 -0.3 
-0.587586 0.548276 
-0.494126 1.32093 
-0.332511 1.91138 
-0.125032 2.2382 
0.0996932 2.2563 
0.310667 1.96318 
0.47879 1.39928 
0.580874 0.642381 
0.602836 -0.203126 
0.541649 -1.02062 
0.405752 -1.69733 
-0.6 -0.2 
-0.577931 0.641379 
-0.476147 1.39429 
-0.308688 1.95489 
-0.0986515 2.24585 
0.124992 2.22703 
0.331396 1.90104 
0.49209 1.31284 
0.584909 0.543551 
0.597051 -0.300706 
0.526842 -1.10349 
0.383964 -1.75406 
-0.6 -0.1 
-0.568276 0.734483 
-0.458169 1.46766 
-0.284866 1.9984 
-0.0722715 2.2535 
0.150292 2.19777 
0.352125 1.8389 
0.505389 1.22639 
0.588944 0.444721 
0.591266 -0.398287 
0.512034 -1.18636 
0.362176 -1.81079 
-0.6 -1.38778e-16 
-0.558621 0.827586 
-0.44019 1.54102 
-0.261044 2.0419 
-0.0458915 2.26114 
0.175591 2.1685 
0.372854 1.77676 
0.518688 1.13994 
0.59298 0.345891 
0.585481 -0.495867 
0.497226 -1.26923 
0.340389 -1.86753 
-0.6 0.1 
-0.548966 0.92069 
-0.422212 1.61439 
-0.237222 2.08541 
-0.0195115 2.26879 
0.20089 2.13924 
0.393582 1.71461 
0.531988 1.05349 
0.597015 0.247061 
0.579696 -0.593447 
0.482419 -1.3521 
0.318601 -1.92426 
-0.6 0.2 
-0.53931 1.01379 
-0.404233 1.68775 
-0.213399 2.12892 
0.0068685 2.27644 
0.226189 2.10997 
0.414311 1.65247 
0.545287 0.967044 
0.601051 0.148231 
0.573911 -0.691027 
0.467611 -1.43497 
0.296813 -1.98099 
-0.6 0.3 
-0.529655 1.1069 
-0.386254 1.76112 
-0.189577 2.17243 
0.0332485 2.28409 
0.251488 2.08071 
0.43504 1.59033 
0.558586 0.880596 
0.605086 0.0494011 
0.568126 -0.788607 
0.452803 -1.51784 
0.275025 -2.03772 
-0.6 0.4 
-0.52 1.2 
-0.368276 1.83448 
-0.165755 2.21593 
0.0596285 2.29174 
0.276787 2.05144 
0.455769 1.52819 
0.571886 0.794148 
0.609121 -0.0494289 
0.562341 -0.886188 
0.437996 -1.60071 
0.253237 -2.09445 
-0.6 0.5 
-0.510345 1.2931 
-0.350297 1.90785 
-0.141933 2.25944 
0.0860085 2.29939 
0.302087 2.02218 
0.476498 1.46604 
0.585185 0.7077 
0.613157 -0.148259 
0.556556 -0.983768 
0.423188 -1.68358 
0.23145 -2.15118 
-0.6 0.6 
-0.50069 1.38621 
-0.332319 1.98121 
-0.118111 2.30295 
0.112389 2.30704 
0.327386 1.99291 
0.497226 1.4039 
0.598484 0.621251 
0.617192 -0.247089 
0.55077 -1.08135 
0.40838 -1.76646 
0.209662 -2.20791 
-0.6 0.7 
-0.491034 1.47931 
-0.31434 2.05458 
-0.0942884 2.34646 
0.138769 2.31468 
0.352685 1.96365 
0.517955 1.34176 
0.611783 0.534803 
0.621228 -0.345919 
0.544985 -1.17893 
0.393573 -1.84933 
0.187874 -2.26465 
-0.6 0.8 
-0.481379 1.57241 
-0.296361 2.12794 
-0.0704662 2.38996 
0.165149 2.32233 
0.377984 1.93438 
0.538684 1.27962 
0.625083 0.448355 
0.625263 -0.444749 
0.5392 -1.27651 
0.378765 -1.9322 
0.166086 -2.32138 
-0.6 0.9 
-0.471724 1.66552 
-0.278383 2.20131 
-0.046644 2.43347 
0.191529 2.32998 
0.403283 1.90512 
0.559413 1.21748 
0.638382 0.361907 
0.629298 -0.543579 
0.533415 -1.37409 
0.363957 -2.01507 
0.144298 -2.37811 
-0.6 1 
-0.462069 1.75862 
-0.260404 2.27467 
-0.0228218 2.47698 
0.217909 2.33763 
0.428583 1.87585 
0.580142 1.15533 
0.651681 0.275459 
0.633334 -0.642409 
0.52763 -1.47167 
0.34915 -2.09794 
0.122511 -2.43484 
-0.5 -1 
-0.562069 -0.241379 
-0.546611 0.550535 
-0.455759 1.26651 
-0.302043 1.8078 
-0.106666 2.09974 
0.103423 2.10205 
0.299247 1.81443 
0.453796 1.27654 
0.545752 0.56258 
0.562432 -0.228981 
0.501535 -0.988957 
-0.5 -0.9 
-0.552414 -0.148276 
-0.528633 0.6239 
-0.431937 1.31002 
-0.275663 1.81545 
-0.081367 2.07047 
0.124152 2.03991 
0.312547 1.72798 
0.457831 1.17771 
0.539967 0.464999 
0.547624 -0.311852 
0.479747 -1.04569 
-0.5 -0.8 
-0.542759 -0.0551724 
-0.510654 0.697265 
-0.408114 1.35353 
-0.249283 1.8231 
-0.0560679 2.04121 
0.144881 1.97777 
0.325846 1.64153 
0.461867 1.07888 
0.534182 0.367419 
0.532817 -0.394723 
0.45796 -1.10242 
-0.5 -0.7 
-0.533103 0.037931 
-0.492675 0.77063 
-0.384292 1.39704 
-0.222903 1.83075 
-0.0307687 2.01194 
0.16561 1.91563 
0.339145 1.55509 
0.465902 0.980052 
0.528397 0.269839 
0.518009 -0.477594 
0.436172 -1.15915 
-0.5 -0.6 
-0.523448 0.131034 
-0.474697 0.843995 
-0.36047 1.44054 
-0.196523 1.83839 
-0.00546948 1.98268 
0.186338 1.85348 
0.352445 1.46864 
0.469938 0.881222 
0.522612 0.172259 
0.503201 -0.560465 
0.414384 -1.21588 
-0.5 -0.5 
-0.513793 0.224138 
-0.456718 0.91736 
-0.336648 1.48405 
-0.170143 1.84604 
0.0198297 1.95341 
0.207067 1.79134 
0.365744 1.38219 
0.473973 0.782392 
0.516826 0.0746786 
0.488394 -0.643336 
0.392596 -1.27261 
-0.5 -0.4 
-0.504138 0.317241 
-0.43874 0.990725 
-0.312825 1.52756 
-0.143763 1.85369 
0.0451289 1.92415 
0.227796 1.7292 
0.379043 1.29574 
0.478008 0.683562 
0.511041 -0.0229016 
0.473586 -0.726207 
0.370808 -1.32935 
-0.5 -0.3 
-0.494483 0.410345 
-0.420761 1.06409 
-0.289003 1.57106 
-0.117383 1.86134 
0.0704281 1.89488 
0.248525 1.66706 
0.392342 1.20929 
0.482044 0.584733 
0.505256 -0.120482 
0.458778 -0.809078 
0.349021 -1.38608 
-0.5 -0.2 
-0.484828 0.503448 
-0.402782 1.13746 
-0.265181 1.61457 
-0.091003 1.86899 
0.0957272 1.86561 
0.269254 1.60491 
0.405642 1.12285 
0.486079 0.485903 
0.499471 -0.218062 
0.443971 -0.891949 
0.327233 -1.44281 
-0.5 -0.1 
-0.475172 0.596552 
-0.384804 1.21082 
-0.241359 1.65808 
-0.0646229 1.87664 
0.121026 1.83635 
0.289983 1.54277 
0.418941 1.0364 
0.490115 0.387073 
0.493686 -0.315642 
0.429163 -0.97482 
0.305445 -1.49954 
-0.5 -1.38778e-16 
-0.465517 0.689655 
-0.366825 1.28419 
-0.217537 1.70159 
-0.0382429 1.88429 
0.146326 1.80708 
0.310711 1.48063 
0.43224 0.94995 
0.49415 0.288243 
0.487901 -0.413222 
0.414355 -1.05769 
0.283657 -1.55627 
-0.5 0.1 
-0.455862 0.782759 
-0.348847 1.35755 
-0.193714 1.74509 
-0.0118629 1.89194 
0.171625 1.77782 
0.33144 1.41849 
0.44554 0.863502 
0.498185 0.189413 
0.482116 -0.510803 
0.399548 -1.14056 
0.261869 -1.613 
-0.5 0.2 
-0.446207 0.875862 
-0.330868 1.43092 
-0.169892 1.7886 
0.0145171 1.89958 
0.196924 1.74855 
0.352169 1.35635 
0.458839 0.777054 
0.502221 0.0905826 
0.476331 -0.608383 
0.38474 -1.22343 
0.240082 -1.66973 
-0.5 0.3 
-0.436552 0.968966 
-0.312889 1.50428 
-0.14607 1.83211 
0.0408971 1.90723 
0.222223 1.71929 
0.372898 1.2942 
0.472138 0.690606 
0.506256 -0.00824739 
0.470546 -0.705963 
0.369932 -1.3063 
0.218294 -1.72647 
-0.5 0.4 
-0.426897 1.06207 
-0.294911 1.57765 
-0.122248 1.87562 
0.0672771 1.91488 
0.247522 1.69002 
0.393627 1.23206 
0.485437 0.604158 
0.510291 -0.107077 
0.46476 -0.803543 
0.355125 -1.38918 
0.196506 -1.7832 
-0.5 0.5 
-0.417241 1.15517 
-0.276932 1.65101 
-0.0984255 1.91912 
0.0936571 1.92253 
0.272822 1.66076 
0.414355 1.16992 
0.498737 0.51771 
0.514327 -0.205907 
0.458975 -0.901123 
0.340317 -1.47205 
0.174718 -1.83993 
-0.5 0.6 
-0.407586 1.24828 
-0.258954 1.72438 
-0.0746033 1.96263 
0.120037 1.93018 
0.298121 1.63149 
0.435084 1.10778 
0.512036 0.431262 
0.518362 -0.304737 
0.45319 -0.998703 
0.325509 -1.55492 
0.15293 -1.89666 
-0.5 0.7 
-0.397931 1.34138 
-0.240975 1.79774 
-0.0507811 2.00614 
0.146417 1.93783 
0.32342 1.60223 
0.455813 1.04563 
0.525335 0.344813 
0.522398 -0.403567 
0.447405 -1.09628 
0.310702 -1.63779 
0.131143 -1.95339 
-0.5 0.8 
-0.388276 1.43448 
-0.222996 1.87111 
-0.0269589 2.04965 
0.172797 1.94548 
0.348719 1.57296 
0.476542 0.983491 
0.538635 0.258365 
0.526433 -0.502397 
0.44162 -1.19386 
0.295894 -1.72066 
0.109355 -2.01012 
-0.5 0.9 
-0.378621 1.52759 
-0.205018 1.94447 
-0.00313666 2.09315 
0.199177 1.95312 
0.374018 1.5437 
0.497271 0.921349 
0.551934 0.171917 
0.530468 -0.601227 
0.435835 -1.29144 
0.281086 -1.80353 
0.087567 -2.06685 
-0.5 1 
-0.368966 1.62069 
-0.187039 2.01784 
0.0206856 2.13666 
0.225557 1.96077 
0.399317 1.51443 
0.517999 0.859207 
0.565233 0.0854693 
0.534504 -0.700057 
0.43005 -1.38902 
0.266279 -1.8864 
0.0657792 -2.12359 
-0.4 -1 
-0.468966 -0.37931 
-0.473246 0.293698 
-0.412251 0.926196 
-0.294394 1.43094 
-0.135931 1.73832 
0.0412809 1.80593 
0.212799 1.62444 
0.354966 1.21889 
0.448172 0.645224 
0.479561 -0.0174423 
0.444804 -0.677703 
-0.4 -0.9 
-0.45931 -0.286207 
-0.455268 0.367063 
-0.388429 0.969704 
-0.268014 1.43859 
-0.110632 1.70905 
0.0620097 1.74378 
0.226099 1.53799 
0.359001 1.12006 
0.442387 0.547644 
0.464753 -0.100313 
0.423016 -0.734434 
-0.4 -0.8 
-0.449655 -0.193103 
-0.437289 0.440428 
-0.364607 1.01321 
-0.241634 1.44624 
-0.085333 1.67979 
0.0827385 1.68164 
0.239398 1.45154 
0.363037 1.02123 
0.436602 0.450064 
0.449946 -0.183184 
0.401228 -0.791166 
-0.4 -0.7 
-0.44 -0.1 
-0.41931 0.513793 
-0.340785 1.05672 
-0.215254 1.45389 
-0.0600338 1.65052 
0.103467 1.6195 
0.252697 1.3651 
0.367072 0.922404 
0.430817 0.352483 
0.435138 -0.266055 
0.37944 -0.847897 
-0.4 -0.6 
-0.430345 -0.00689655 
-0.401332 0.587158 
-0.316963 1.10023 
-0.188874 1.46154 
-0.0347346 1.62126 
0.124196 1.55736 
0.265996 1.27865 
0.371108 0.823574 
0.425031 0.254903 
0.42033 -0.348927 
0.357653 -0.904628 
-0.4 -0.5 
-0.42069 0.0862069 
-0.383353 0.660523 
-0.29314 1.14373 
-0.162494 1.46919 
-0.00943542 1.59199 
0.144925 1.49521 
0.279296 1.1922 
0.375143 0.724744 
0.419246 0.157323 
0.405523 -0.431798 
0.335865 -0.96136 
-0.4 -0.4 
-0.411034 0.17931 
-0.365375 0.733888 
-0.269318 1.18724 
-0.136114 1.47683 
0.0158638 1.56273 
0.165654 1.43307 
0.292595 1.10575 
0.379178 0.625914 
0.413461 0.0597429 
0.390715 -0.514669 
0.314077 -1.01809 
-0.4 -0.3 
-0.401379 0.272414 
-0.347396 0.807253 
-0.245496 1.23075 
-0.109734 1.48448 
0.0411629 1.53346 
0.186383 1.37093 
0.305894 1.0193 
0.383214 0.527084 
0.407676 -0.0378373 
0.375907 -0.59754 
0.292289 -1.07482 
-0.4 -0.2 
-0.391724 0.365517 
-0.329417 0.880618 
-0.221674 1.27425 
-0.0833544 1.49213 
0.0664621 1.5042 
0.207111 1.30879 
0.319194 0.932856 
0.387249 0.428254 
0.401891 -0.135417 
0.3611 -0.680411 
0.270501 -1.13155 
-0.4 -0.1 
-0.382069 0.458621 
-0.311439 0.953983 
-0.197851 1.31776 
-0.0569744 1.49978 
0.0917613 1.47493 
0.22784 1.24665 
0.332493 0.846408 
0.391285 0.329424 
0.396106 -0.232998 
0.346292 -0.763282 
0.248714 -1.18829 
-0.4 -1.38778e-16 
-0.372414 0.551724 
-0.29346 1.02735 
-0.174029 1.36127 
-0.0305943 1.50743 
0.11706 1.44567 
0.248569 1.1845 
0.345792 0.75996 
0.39532 0.230594 
0.390321 -0.330578 
0.331484 -0.846153 
0.226926 -1.24502 
-0.4 0.1 
-0.362759 0.644828 
-0.275482 1.10071 
-0.150207 1.40478 
-0.00421434 1.51508 
0.14236 1.4164 
0.269298 1.12236 
0.359092 0.673512 
0.399355 0.131764 
0.384536 -0.428158 
0.316677 -0.929024 
0.205138 -1.30175 
-0.4 0.2 
-0.353103 0.737931 
-0.257503 1.17408 
-0.126385 1.44828 
0.0221657 1.52273 
0.167659 1.38714 
0.290027 1.06022 
0.372391 0.587064 
0.403391 0.0329341 
0.378751 -0.525738 
0.301869 -1.01189 
0.18335 -1.35848 
-0.4 0.3 
-0.343448 0.831034 
-0.239524 1.24744 
-0.102563 1.49179 
0.0485457 1.53037 
0.192958 1.35787 
0.310755 0.998077 
0.38569 0.500616 
0.407426 -0.0658959 
0.372965 -0.623318 
0.287061 -1.09477 
0.161562 -1.41521 
-0.4 0.4 
-0.333793 0.924138 
-0.221546 1.32081 
-0.0787404 1.5353 
0.0749257 1.53802 
0.218257 1.32861 
0.331484 0.935935 
0.398989 0.414168 
0.411462 -0.164726 
0.36718 -0.720899 
0.272254 -1.17764 
0.139775 -1.47194 
-0.4 0.5 
-0.324138 1.01724 
-0.203567 1.39417 
-0.0549182 1.57881 
0.101306 1.54567 
0.243556 1.29934 
0.352213 0.873792 
0.412289 0.32772 
0.415497 -0.263556 
0.361395 -0.818479 
0.257446 -1.26051 
0.117987 -1.52867 
-0.4 0.6 
-0.314483 1.11034 
-0.185589 1.46754 
-0.031096 1.62231 
0.127686 1.55332 
0.268856 1.27008 
0.372942 0.81165 
0.425588 0.241272 
0.419532 -0.362386 
0.35561 -0.916059 
0.242638 -1.34338 
0.0961989 -1.58541 
-0.4 0.7 
-0.304828 1.20345 
-0.16761 1.5409 
-0.00727377 1.66582 
0.154066 1.56097 
0.294155 1.24081 
0.393671 0.749508 
0.438887 0.154823 
0.423568 -0.461216 
0.349825 -1.01364 
0.22783 -1.42625 
0.0744111 -1.64214 
-0.4 0.8 
-0.295172 1.29655 
-0.149631 1.61427 
0.0165484 1.70933 
0.180446 1.56862 
0.319454 1.21155 
0.4144 0.687366 
0.452187 0.0683754 
0.427603 -0.560046 
0.34404 -1.11122 
0.213023 -1.50912 
0.0526233 -1.69887 
-0.4 0.9 
-0.285517 1.38966 
-0.131653 1.68763 
0.0403707 1.75284 
0.206826 1.57627 
0.344753 1.18228 
0.435128 0.625223 
0.465486 -0.0180726 
0.431638 -0.658876 
0.338255 -1.2088 
0.198215 -1.59199 
0.0308355 -1.7556 
-0.4 1 
-0.275862 1.48276 
-0.113674 1.761 
0.0641929 1.79634 
0.233206 1.58392 
0.370052 1.15302 
0.455857 0.563081 
0.478785 -0.104521 
0.435674 -0.757706 
0.33247 -1.30638 
0.183407 -1.67486 
0.00904773 -1.81233 
-0.3 -1 
-0.375862 -0.517241 
-0.399881 0.0368609 
-0.368744 0.585879 
-0.286746 1.05409 
-0.165196 1.3769 
-0.0208613 1.5098 
0.126351 1.43445 
0.256136 1.16125 
0.350592 0.727868 
0.39669 0.194096 
0.388072 -0.366449 
-0.3 -0.9 
-0.366207 -0.424138 
-0.381902 0.110226 
-0.344922 0.629386 
-0.260366 1.06173 
-0.139897 1.34764 
-0.000132534 1.44766 
0.13965 1.348 
0.260171 1.06242 
0.344807 0.630288 
0.381882 0.111225 
0.366284 -0.42318 
-0.3 -0.8 
-0.356552 -0.331034 
-0.363924 0.183591 
-0.3211 0.672894 
-0.233986 1.06938 
-0.114598 1.31837 
0.0205963 1.38552 
0.15295 1.26155 
0.264207 0.963585 
0.339021 0.532708 
0.367075 0.0283538 
0.344497 -0.479911 
-0.3 -0.7 
-0.346897 -0.237931 
-0.345945 0.256956 
-0.297277 0.716401 
-0.207606 1.07703 
-0.0892989 1.28911 
0.0413251 1.32337 
0.166249 1.17511 
0.268242 0.864755 
0.333236 0.435128 
0.352267 -0.0545173 
0.322709 -0.536643 
-0.3 -0.6 
-0.337241 -0.144828 
-0.327967 0.330321 
-0.273455 0.759908 
-0.181226 1.08468 
-0.0639997 1.25984 
0.0620539 1.26123 
0.179548 1.08866 
0.272278 0.765925 
0.327451 0.337548 
0.337459 -0.137388 
0.300921 -0.593374 
-0.3 -0.5 
-0.327586 -0.0517241 
-0.309988 0.403686 
-0.249633 0.803415 
-0.154846 1.09233 
-0.0387005 1.23058 
0.0827827 1.19909 
0.192848 1.00221 
0.276313 0.667095 
0.321666 0.239968 
0.322652 -0.220259 
0.279133 -0.650106 
-0.3 -0.4 
-0.317931 0.0413793 
-0.29201 0.477051 
-0.225811 0.846923 
-0.128466 1.09998 
-0.0134014 1.20131 
0.103512 1.13695 
0.206147 0.915762 
0.280348 0.568265 
0.315881 0.142387 
0.307844 -0.30313 
0.257345 -0.706837 
-0.3 -0.3 
-0.308276 0.134483 
-0.274031 0.550416 
-0.201989 0.89043 
-0.102086 1.10763 
0.0118978 1.17205 
0.12424 1.0748 
0.219446 0.829314 
0.284384 0.469435 
0.310096 0.0448072 
0.293036 -0.386001 
0.235558 -0.763568 
-0.3 -0.2 
-0.298621 0.227586 
-0.256052 0.623781 
-0.178166 0.933937 
-0.0757058 1.11527 
0.037197 1.14278 
0.144969 1.01266 
0.232746 0.742866 
0.288419 0.370606 
0.304311 -0.052773 
0.278229 -0.468873 
0.21377 -0.8203 
-0.3 -0.1 
-0.288966 0.32069 
-0.238074 0.697146 
-0.154344 0.977445 
-0.0493258 1.12292 
0.0624962 1.11352 
0.165698 0.95052 
0.246045 0.656418 
0.292455 0.271776 
0.298526 -0.150353 
0.263421 -0.551744 
0.191982 -0.877031 
-0.3 -1.38778e-16 
-0.27931 0.413793 
-0.220095 0.770511 
-0.130522 1.02095 
-0.0229458 1.13057 
0.0877954 1.08425 
0.186427 0.888378 
0.259344 0.56997 
0.29649 0.172946 
0.292741 -0.247933 
0.248613 -0.634615 
0.170194 -0.933763 
-0.3 0.1 
-0.269655 0.506897 
-0.202117 0.843876 
-0.1067 1.06446 
0.00343425 1.13822 
0.113095 1.05499 
0.207156 0.826235 
0.272643 0.483522 
0.300525 0.0741156 
0.286955 -0.345514 
0.233805 -0.717486 
0.148406 -0.990494 
-0.3 0.2 
-0.26 0.6 
-0.184138 0.917241 
-0.0828775 1.10797 
0.0298143 1.14587 
0.138394 1.02572 
0.227884 0.764093 
0.285943 0.397074 
0.304561 -0.0247144 
0.28117 -0.443094 
0.218998 -0.800357 
0.126619 -1.04723 
-0.3 0.3 
-0.250345 0.693103 
-0.166159 0.990606 
-0.0590553 1.15147 
0.0561943 1.15352 
0.163693 0.996455 
0.248613 0.701951 
0.299242 0.310626 
0.308596 -0.123544 
0.275385 -0.540674 
0.20419 -0.883228 
0.104831 -1.10396 
-0.3 0.4 
-0.24069 0.786207 
-0.148181 1.06397 
-0.0352331 1.19498 
0.0825743 1.16117 
0.188992 0.96719 
0.269342 0.639809 
0.312541 0.224178 
0.312632 -0.222374 
0.2696 -0.638254 
0.189382 -0.966099 
0.0830431 -1.16069 
-0.3 0.5 
-0.231034 0.87931 
-0.130202 1.13734 
-0.0114109 1.23849 
0.108954 1.16881 
0.214291 0.937925 
0.290071 0.577666 
0.325841 0.13773 
0.316667 -0.321204 
0.263815 -0.735834 
0.174575 -1.04897 
0.0612553 -1.21742 
-0.3 0.6 
-0.221379 0.972414 
-0.112224 1.2107 
0.0124113 1.282 
0.135334 1.17646 
0.23959 0.90866 
0.3108 0.515524 
0.33914 0.0512816 
0.320702 -0.420034 
0.25803 -0.833415 
0.159767 -1.13184 
0.0394675 -1.27415 
-0.3 0.7 
-0.211724 1.06552 
-0.0942449 1.28407 
0.0362335 1.3255 
0.161714 1.18411 
0.26489 0.879395 
0.331528 0.453382 
0.352439 -0.0351665 
0.324738 -0.518864 
0.252245 -0.930995 
0.144959 -1.21471 
0.0176797 -1.33088 
-0.3 0.8 
-0.202069 1.15862 
-0.0762663 1.35743 
0.0600558 1.36901 
0.188094 1.19176 
0.290189 0.85013 
0.352257 0.39124 
0.365739 -0.121615 
0.328773 -0.617694 
0.24646 -1.02857 
0.130152 -1.29758 
-0.0041081 -1.38761 
-0.3 0.9 
-0.192414 1.25172 
-0.0582878 1.4308 
0.083878 1.41252 
0.214474 1.19941 
0.315488 0.820865 
0.372986 0.329097 
0.379038 -0.208063 
0.332809 -0.716524 
0.240675 -1.12616 
0.115344 -1.38045 
-0.0258959 -1.44435 
-0.3 1 
-0.182759 1.34483 
-0.0403092 1.50416 
0.1077 1.45603 
0.240854 1.20706 
0.340787 0.791599 
0.393715 0.266955 
0.392337 -0.294511 
0.336844 -0.815354 
0.234889 -1.22374 
0.100536 -1.46333 
-0.0476837 -1.50108 
-0.2 -1 
-0.282759 -0.655172 
-0.326516 -0.219976 
-0.325237 0.245562 
-0.279097 0.677229 
-0.194462 1.01549 
-0.0830036 1.21367 
0.0399031 1.24446 
0.157306 1.1036 
0.253011 0.810513 
0.313819 0.405634 
0.331341 -0.0551942 
-0.2 -0.9 
-0.273103 -0.562069 
-0.308537 -0.146611 
-0.301415 0.289069 
-0.252717 0.684877 
-0.169162 0.98622 
-0.0622748 1.15153 
0.0532024 1.15801 
0.161341 1.00477 
0.247226 0.712933 
0.299011 0.322763 
0.309553 -0.111926 
-0.2 -0.8 
-0.263448 -0.468966 
-0.290559 -0.0732461 
-0.277592 0.332576 
-0.226337 0.692526 
-0.143863 0.956955 
-0.041546 1.08939 
0.0665017 1.07156 
0.165377 0.905937 
0.241441 0.615353 
0.284203 0.239892 
0.287765 -0.168657 
-0.2 -0.7 
-0.253793 -0.375862 
-0.27258 0.000118906 
-0.25377 0.376083 
-0.199957 0.700174 
-0.118564 0.92769 
-0.0208172 1.02725 
0.079801 0.985116 
0.169412 0.807107 
0.235656 0.517772 
0.269396 0.157021 
0.265977 -0.225389 
-0.2 -0.6 
-0.244138 -0.282759 
-0.254602 0.0734839 
-0.229948 0.419591 
-0.173577 0.707823 
-0.0932649 0.898425 
-8.8356e-05 0.965105 
0.0931003 0.898668 
0.173448 0.708277 
0.229871 0.420192 
0.254588 0.0741499 
0.24419 -0.28212 
-0.2 -0.5 
-0.234483 -0.189655 
-0.236623 0.146849 
-0.206126 0.463098 
-0.147197 0.715472 
-0.0679657 0.869159 
0.0206405 0.902963 
0.1064 0.81222 
0.177483 0.609447 
0.224086 0.322612 
0.23978 -0.00872115 
0.222402 -0.338851 
-0.2 -0.4 
-0.224828 -0.0965517 
-0.218644 0.220214 
-0.182303 0.506605 
-0.120817 0.72312 
-0.0426665 0.839894 
0.0413693 0.840821 
0.119699 0.725772 
0.181518 0.510617 
0.218301 0.225032 
0.224973 -0.0915922 
0.200614 -0.395583 
-0.2 -0.3 
-0.215172 -0.00344828 
-0.200666 0.293579 
-0.158481 0.550113 
-0.0944372 0.730769 
-0.0173673 0.810629 
0.0620981 0.778679 
0.132998 0.639324 
0.185554 0.411787 
0.212516 0.127452 
0.210165 -0.174463 
0.178826 -0.452314 
-0.2 -0.2 
-0.205517 0.0896552 
-0.182687 0.366944 
-0.134659 0.59362 
-0.0680572 0.738417 
0.00793188 0.781364 
0.0828269 0.716536 
0.146298 0.552876 
0.189589 0.312957 
0.206731 0.0298714 
0.195357 -0.257334 
0.157038 -0.509046 
-0.2 -0.1 
-0.195862 0.182759 
-0.164709 0.440309 
-0.110837 0.637127 
-0.0416772 0.746066 
0.0332311 0.752099 
0.103556 0.654394 
0.159597 0.466428 
0.193625 0.214127 
0.200945 -0.0677087 
0.18055 -0.340205 
0.135251 -0.565777 
-0.2 -1.38778e-16 
-0.186207 0.275862 
-0.14673 0.513674 
-0.0870146 0.680635 
-0.0152972 0.753715 
0.0585302 0.722834 
0.124285 0.592252 
0.172896 0.37998 
0.19766 0.115297 
0.19516 -0.165289 
0.165742 -0.423076 
0.113463 -0.622509 
-0.2 0.1 
-0.176552 0.368966 
-0.128751 0.587039 
-0.0631924 0.724142 
0.0110828 0.761363 
0.0838294 0.693569 
0.145013 0.53011 
0.186195 0.293532 
0.201695 0.016467 
0.189375 -0.262869 
0.150934 -0.505947 
0.0916751 -0.67924 
-0.2 0.2 
-0.166897 0.462069 
-0.110773 0.660404 
-0.0393702 0.767649 
0.0374628 0.769012 
0.109129 0.664304 
0.165742 0.467967 
0.199495 0.207084 
0.205731 -0.0823629 
0.18359 -0.360449 
0.136127 -0.588819 
0.0698873 -0.735971 
-0.2 0.3 
-0.157241 0.555172 
-0.0927943 0.733769 
-0.015548 0.811157 
0.0638429 0.77666 
0.134428 0.635038 
0.186471 0.405825 
0.212794 0.120636 
0.209766 -0.181193 
0.177805 -0.458029 
0.121319 -0.67169 
0.0480995 -0.792703 
-0.2 0.4 
-0.147586 0.648276 
-0.0748157 0.807134 
0.00827422 0.854664 
0.0902229 0.784309 
0.159727 0.605773 
0.2072 0.343683 
0.226093 0.0341877 
0.213802 -0.280023 
0.17202 -0.55561 
0.106511 -0.754561 
0.0263117 -0.849434 
-0.2 0.5 
-0.137931 0.741379 
-0.0568371 0.880499 
0.0320964 0.898171 
0.116603 0.791958 
0.185026 0.576508 
0.227929 0.281541 
0.239393 -0.0522604 
0.217837 -0.378853 
0.166235 -0.65319 
0.0917037 -0.837432 
0.00452386 -0.906166 
-0.2 0.6 
-0.128276 0.834483 
-0.0388585 0.953864 
0.0559187 0.941679 
0.142983 0.799606 
0.210325 0.547243 
0.248657 0.219398 
0.252692 -0.138708 
0.221872 -0.477683 
0.16045 -0.75077 
0.0768961 -0.920303 
-0.0172639 -0.962897 
-0.2 0.7 
-0.118621 0.927586 
-0.0208799 1.02723 
0.0797409 0.985186 
0.169363 0.807255 
0.235625 0.517978 
0.269386 0.157256 
0.265991 -0.225156 
0.225908 -0.576513 
0.154665 -0.84835 
0.0620884 -1.00317 
-0.0390517 -1.01963 
-0.2 0.8 
-0.108966 1.02069 
-0.00290131 1.10059 
0.103563 1.02869 
0.195743 0.814903 
0.260924 0.488713 
0.290115 0.0951137 
0.27929 -0.311605 
0.229943 -0.675343 
0.148879 -0.94593 
0.0472807 -1.08604 
-0.0608395 -1.07636 
-0.2 0.9 
-0.0993103 1.11379 
0.0150773 1.17396 
0.127385 1.0722 
0.222123 0.822552 
0.286223 0.459448 
0.310844 0.0329715 
0.29259 -0.398053 
0.233979 -0.774173 
0.143094 -1.04351 
0.032473 -1.16892 
-0.0826273 -1.13309 
-0.2 1 
-0.0896552 1.2069 
0.0330559 1.24732 
0.151208 1.11571 
0.248503 0.8302 
0.311522 0.430183 
0.331573 -0.0291708 
0.305889 -0.484501 
0.238014 -0.873003 
0.137309 -1.14109 
0.0176654 -1.25179 
-0.104415 -1.18982 
-0.1 -1 
-0.189655 -0.793103 
-0.253151 -0.476813 
-0.281729 -0.0947558 
-0.271449 0.300371 
-0.223727 0.654068 
-0.145146 0.917549 
-0.0465449 1.05447 
0.058476 1.04595 
0.155431 0.893157 
0.230948 0.617172 
0.274609 0.25606 
-0.1 -0.9 
-0.18 -0.7 
-0.235172 -0.403448 
-0.257907 -0.0512485 
-0.245069 0.30802 
-0.198428 0.624803 
-0.124417 0.855406 
-0.0332456 0.968022 
0.0625114 0.947118 
0.149646 0.795577 
0.21614 0.534301 
0.252822 0.199329 
-0.1 -0.8 
-0.170345 -0.606897 
-0.217194 -0.330083 
-0.234085 -0.00774119 
-0.218689 0.315669 
-0.173128 0.595538 
-0.103688 0.793264 
-0.0199463 0.881574 
0.0665468 0.848288 
0.143861 0.697997 
0.201332 0.45143 
0.231034 0.142597 
-0.1 -0.7 
-0.16069 -0.513793 
-0.199215 -0.256718 
-0.210263 0.0357661 
-0.192309 0.323317 
-0.147829 0.566273 
-0.0829594 0.731122 
-0.00664703 0.795126 
0.0705822 0.749458 
0.138076 0.600417 
0.186525 0.368559 
0.209246 0.0858657 
-0.1 -0.6 
-0.151034 -0.42069 
-0.181237 -0.183353 
-0.186441 0.0792734 
-0.165929 0.330966 
-0.12253 0.537008 
-0.0622306 0.668979 
0.00665227 0.708678 
0.0746176 0.650628 
0.132291 0.502837 
0.171717 0.285688 
0.187458 0.0291343 
-0.1 -0.5 
-0.141379 -0.327586 
-0.163258 -0.109988 
-0.162618 0.122781 
-0.139549 0.338614 
-0.0972308 0.507743 
-0.0415018 0.606837 
0.0199516 0.62223 
0.078653 0.551798 
0.126506 0.405256 
0.156909 0.202817 
0.16567 -0.0275971 
-0.1 -0.4 
-0.131724 -0.234483 
-0.145279 -0.0366231 
-0.138796 0.166288 
-0.113169 0.346263 
-0.0719316 0.478477 
-0.020773 0.544695 
0.0332509 0.535782 
0.0826884 0.452968 
0.120721 0.307676 
0.142102 0.119946 
0.143883 -0.0843285 
-0.1 -0.3 
-0.122069 -0.141379 
-0.127301 0.036742 
-0.114974 0.209795 
-0.0867886 0.353912 
-0.0466324 0.449212 
-4.4178e-05 0.482553 
0.0465502 0.449334 
0.0867238 0.354138 
0.114936 0.210096 
0.127294 0.0370749 
0.122095 -0.14106 
-0.1 -0.2 
-0.112414 -0.0482759 
-0.109322 0.110107 
-0.0911517 0.253303 
-0.0604086 0.36156 
-0.0213332 0.419947 
0.0206846 0.42041 
0.0598495 0.362886 
0.0907592 0.255308 
0.10915 0.112516 
0.112486 -0.0457961 
0.100307 -0.197791 
-0.1 -0.1 
-0.102759 0.0448276 
-0.0913436 0.183472 
-0.0673295 0.29681 
-0.0340286 0.369209 
0.00396594 0.390682 
0.0414135 0.358268 
0.0731488 0.276438 
0.0947946 0.156478 
0.103365 0.0149357 
0.0976787 -0.128667 
0.0785192 -0.254523 
-0.1 -1.38778e-16 
-0.0931034 0.137931 
-0.073365 0.256837 
-0.0435073 0.340317 
-0.00764859 0.376857 
0.0292651 0.361417 
0.0621423 0.296126 
0.0864481 0.18999 
0.09883 0.0576485 
0.0975802 -0.0826445 
0.0828711 -0.211538 
0.0567314 -0.311254 
-0.1 0.1 
-0.0834483 0.231034 
-0.0553864 0.330202 
-0.0196851 0.383825 
0.0187314 0.384506 
0.0545643 0.332152 
0.0828711 0.233984 
0.0997474 0.103542 
0.102865 -0.0411815 
0.0917951 -0.180225 
0.0680634 -0.294409 
0.0349436 -0.367986 
-0.1 0.2 
-0.0737931 0.324138 
-0.0374078 0.403567 
0.00413711 0.427332 
0.0451114 0.392154 
0.0798635 0.302887 
0.1036 0.171841 
0.113047 0.0170939 
0.106901 -0.140011 
0.08601 -0.277805 
0.0532557 -0.37728 
0.0131558 -0.424717 
-0.1 0.3 
-0.0641379 0.417241 
-0.0194293 0.476932 
0.0279593 0.470839 
0.0714914 0.399803 
0.105163 0.273622 
0.124329 0.109699 
0.126346 -0.0693542 
0.110936 -0.238841 
0.0802248 -0.375385 
0.038448 -0.460151 
-0.00863197 -0.481449 
-0.1 0.4 
-0.0544828 0.510345 
-0.00145065 0.550297 
0.0517815 0.514347 
0.0978715 0.407452 
0.130462 0.244356 
0.145058 0.0475569 
0.139645 -0.155802 
0.114972 -0.337671 
0.0744397 -0.472965 
0.0236404 -0.543022 
-0.0304198 -0.53818 
-0.1 0.5 
-0.0448276 0.603448 
0.0165279 0.623662 
0.0756038 0.557854 
0.124251 0.4151 
0.155761 0.215091 
0.165786 -0.0145854 
0.152945 -0.24225 
0.119007 -0.436501 
0.0686546 -0.570545 
0.00883268 -0.625893 
-0.0522076 -0.594911 
-0.1 0.6 
-0.0351724 0.696552 
0.0345065 0.697027 
0.099426 0.601361 
0.150631 0.422749 
0.18106 0.185826 
0.186515 -0.0767277 
0.166244 -0.328698 
0.123042 -0.535331 
0.0628695 -0.668126 
-0.00597499 -0.708765 
-0.0739954 -0.651643 
-0.1 0.7 
-0.0255172 0.789655 
0.0524851 0.770392 
0.123248 0.644869 
0.177011 0.430397 
0.206359 0.156561 
0.207244 -0.13887 
0.179543 -0.415146 
0.127078 -0.634161 
0.0570844 -0.765706 
-0.0207827 -0.791636 
-0.0957832 -0.708374 
-0.1 0.8 
-0.0158621 0.882759 
0.0704637 0.843757 
0.14707 0.688376 
0.203391 0.438046 
0.231659 0.127296 
0.227973 -0.201012 
0.192842 -0.501594 
0.131113 -0.732991 
0.0512993 -0.863286 
-0.0355903 -0.874507 
-0.117571 -0.765106 
-0.1 0.9 
-0.0062069 0.975862 
0.0884423 0.917122 
0.170893 0.731883 
0.229772 0.445695 
0.256958 0.0980308 
0.248702 -0.263154 
0.206142 -0.588043 
0.135149 -0.831821 
0.0455142 -0.960866 
-0.050398 -0.957378 
-0.139359 -0.821837 
-0.1 1 
0.00344828 1.06897 
0.106421 0.990488 
0.194715 0.775391 
0.256152 0.453343 
0.282257 0.0687657 
0.26943 -0.325297 
0.219441 -0.674491 
0.139184 -0.930651 
0.0397291 -1.05845 
-0.0652057 -1.04025 
-0.161147 -0.878569 
-1.38778e-16 -1 
-0.0965517 -0.931034 
-0.179786 -0.73365 
-0.238222 -0.435073 
-0.2638 -0.0764859 
-0.252992 0.292651 
-0.207288 0.621423 
-0.132993 0.864481 
-0.040354 0.9883 
0.0578511 0.975802 
0.148077 0.828711 
0.217878 0.567314 
-1.38778e-16 -0.9 
-0.0868966 -0.837931 
-0.161807 -0.660285 
-0.2144 -0.391566 
-0.23742 -0.0688373 
-0.227693 0.263386 
-0.186559 0.55928 
-0.119694 0.778033 
-0.0363186 0.88947 
0.052066 0.878222 
0.133269 0.745839 
0.19609 0.510583 
-1.38778e-16 -0.8 
-0.0772414 -0.744828 
-0.143829 -0.58692 
-0.190578 -0.348059 
-0.21104 -0.0611887 
-0.202393 0.234121 
-0.165831 0.497138 
-0.106394 0.691584 
-0.0322832 0.79064 
0.0462809 0.780641 
0.118461 0.662968 
0.174302 0.453851 
-1.38778e-16 -0.7 
-0.0675862 -0.651724 
-0.12585 -0.513555 
-0.166756 -0.304551 
-0.18466 -0.0535401 
-0.177094 0.204856 
-0.145102 0.434996 
-0.0930951 0.605136 
-0.0282478 0.69181 
0.0404958 0.683061 
0.103654 0.580097 
0.152515 0.39712 
-1.38778e-16 -0.6 
-0.057931 -0.558621 
-0.107872 -0.44019 
-0.142933 -0.261044 
-0.15828 -0.0458915 
-0.151795 0.175591 
-0.124373 0.372854 
-0.0797958 0.518688 
-0.0242124 0.59298 
0.0347107 0.585481 
0.088846 0.497226 
0.130727 0.340389 
-1.38778e-16 -0.5 
-0.0482759 -0.465517 
-0.089893 -0.366825 
-0.119111 -0.217537 
-0.1319 -0.0382429 
-0.126496 0.146326 
-0.103644 0.310711 
-0.0664965 0.43224 
-0.020177 0.49415 
0.0289256 0.487901 
0.0740384 0.414355 
0.108939 0.283657 
-1.38778e-16 -0.4 
-0.0386207 -0.372414 
-0.0719144 -0.29346 
-0.0952889 -0.174029 
-0.10552 -0.0305943 
-0.101197 0.11706 
-0.0829153 0.248569 
-0.0531972 0.345792 
-0.0161416 0.39532 
0.0231404 0.390321 
0.0592307 0.331484 
0.0871512 0.226926 
-1.38778e-16 -0.3 
-0.0289655 -0.27931 
-0.0539358 -0.220095 
-0.0714666 -0.130522 
-0.07914 -0.0229458 
-0.0758976 0.0877954 
-0.0621864 0.186427 
-0.0398979 0.259344 
-0.0121062 0.29649 
0.0173553 0.292741 
0.044423 0.248613 
0.0653634 0.170194 
-1.38778e-16 -0.2 
-0.0193103 -0.186207 
-0.0359572 -0.14673 
-0.0476444 -0.0870146 
-0.05276 -0.0152972 
-0.0505984 0.0585302 
-0.0414576 0.124285 
-0.0265986 0.172896 
-0.00807079 0.19766 
0.0115702 0.19516 
0.0296153 0.165742 
0.0435756 0.113463 
-1.38778e-16 -0.1 
-0.00965517 -0.0931034 
-0.0179786 -0.073365 
-0.0238222 -0.0435073 
-0.02638 -0.00764859 
-0.0252992 0.0292651 
-0.0207288 0.0621423 
-0.0132993 0.0864481 
-0.0040354 0.09883 
0.00578511 0.0975802 
0.0148077 0.0828711 
0.0217878 0.0567314 
-1.38778e-16 -1.38778e-16 
-1.42606e-16 6.22108e-17 
-1.26765e-16 2.54619e-16 
-9.34385e-17 4.11907e-16 
-4.72242e-17 5.1238e-16 
5.50385e-18 5.4218e-16 
5.74727e-17 4.97197e-16 
1.01514e-16 3.83635e-16 
1.31554e-16 2.17158e-16 
1.43448e-16 2.07275e-17 
1.35556e-16 -1.78562e-16 
1.08967e-16 -3.53221e-16 
-1.38778e-16 0.1 
0.00965517 0.0931034 
0.0179786 0.073365 
0.0238222 0.0435073 
0.02638 0.00764859 
0.0252992 -0.0292651 
0.0207288 -0.0621423 
0.0132993 -0.0864481 
0.0040354 -0.09883 
-0.00578511 -0.0975802 
-0.0148077 -0.0828711 
-0.0217878 -0.0567314 
-1.38778e-16 0.2 
0.0193103 0.186207 
0.0359572 0.14673 
0.0476444 0.0870146 
0.05276 0.0152972 
0.0505984 -0.0585302 
0.0414576 -0.124285 
0.0265986 -0.172896 
0.00807079 -0.19766 
-0.0115702 -0.19516 
-0.0296153 -0.165742 
-0.0435756 -0.113463 
-1.38778e-16 0.3 
0.0289655 0.27931 
0.0539358 0.220095 
0.0714666 0.130522 
0.07914 0.0229458 
0.0758976 -0.0877954 
0.0621864 -0.186427 
0.0398979 -0.259344 
0.0121062 -0.29649 
-0.0173553 -0.292741 
-0.044423 -0.248613 
-0.0653634 -0.170194 
-1.38778e-16 0.4 
0.0386207 0.372414 
0.0719144 0.29346 
0.0952889 0.174029 
0.10552 0.0305943 
0.101197 -0.11706 
0.0829153 -0.248569 
0.0531972 -0.345792 
0.0161416 -0.39532 
-0.0231404 -0.390321 
-0.0592307 -0.331484 
-0.0871512 -0.226926 
-1.38778e-16 0.5 
0.0482759 0.465517 
0.089893 0.366825 
0.119111 0.217537 
0.1319 0.0382429 
0.126496 -0.146326 
0.103644 -0.310711 
0.0664965 -0.43224 
0.020177 -0.49415 
-0.0289256 -0.487901 
-0.0740384 -0.414355 
-0.108939 -0.283657 
-1.38778e-16 0.6 
0.057931 0.558621 
0.107872 0.44019 
0.142933 0.261044 
0.15828 0.0458915 
0.151795 -0.175591 
0.124373 -0.372854 
0.0797958 -0.518688 
0.0242124 -0.59298 
-0.0347107 -0.585481 
-0.088846 -0.497226 
-0.130727 -0.340389 
-1.38778e-16 0.7 
0.0675862 0.651724 
0.12585 0.513555 
0.166756 0.304551 
0.18466 0.0535401 
0.177094 -0.204856 
0.145102 -0.434996 
0.0930951 -0.605136 
0.0282478 -0.69181 
-0.0404958 -0.683061 
-0.103654 -0.580097 
-0.152515 -0.39712 
-1.38778e-16 0.8 
0.0772414 0.744828 
0.143829 0.58692 
0.190578 0.348059 
0.21104 0.0611887 
0.202393 -0.234121 
0.165831 -0.497138 
0.106394 -0.691584 
0.0322832 -0.79064 
-0.0462809 -0.780641 
-0.118461 -0.662968 
-0.174302 -0.453851 
-1.38778e-16 0.9 
0.0868966 0.837931 
0.161807 0.660285 
0.2144 0.391566 
0.23742 0.0688373 
0.227693 -0.263386 
0.186559 -0.55928 
0.119694 -0.778033 
0.0363186 -0.88947 
-0.052066 -0.878222 
-0.133269 -0.745839 
-0.19609 -0.510583 
-1.38778e-16 1 
0.0965517 0.931034 
0.179786 0.73365 
0.238222 0.435073 
0.2638 0.0764859 
0.252992 -0.292651 
0.207288 -0.621423 
0.132993 -0.864481 
0.040354 -0.9883 
-0.0578511 -0.975802 
-0.148077 -0.828711 
-0.217878 -0.567314 
0.1 -1 
-0.00344828 -1.06897 
-0.106421 -0.990488 
-0.194715 -0.775391 
-0.256152 -0.453343 
-0.282257 -0.0687657 
-0.26943 0.325297 
-0.219441 0.674491 
-0.139184 0.930651 
-0.0397291 1.05845 
0.0652057 1.04025 
0.161147 0.878569 
0.1 -0.9 
0.0062069 -0.975862 
-0.0884423 -0.917122 
-0.170893 -0.731883 
-0.229772 -0.445695 
-0.256958 -0.0980308 
-0.248702 0.263154 
-0.206142 0.588043 
-0.135149 0.831821 
-0.0455142 0.960866 
0.050398 0.957378 
0.139359 0.821837 
0.1 -0.8 
0.0158621 -0.882759 
-0.0704637 -0.843757 
-0.14707 -0.688376 
-0.203391 -0.438046 
-0.231659 -0.127296 
-0.227973 0.201012 
-0.192842 0.501594 
-0.131113 0.732991 
-0.0512993 0.863286 
0.0355903 0.874507 
0.117571 0.765106 
0.1 -0.7 
0.0255172 -0.789655 
-0.0524851 -0.770392 
-0.123248 -0.644869 
-0.177011 -0.430397 
-0.206359 -0.156561 
-0.207244 0.13887 
-0.179543 0.415146 
-0.127078 0.634161 
-0.0570844 0.765706 
0.0207827 0.791636 
0.0957832 0.708374 
0.1 -0.6 
0.0351724 -0.696552 
-0.0345065 -0.697027 
-0.099426 -0.601361 
-0.150631 -0.422749 
-0.18106 -0.185826 
-0.186515 0.0767277 
-0.166244 0.328698 
-0.123042 0.535331 
-0.0628695 0.668126 
0.00597499 0.708765 
0.0739954 0.651643 
0.1 -0.5 
0.0448276 -0.603448 
-0.0165279 -0.623662 
-0.0756038 -0.557854 
-0.124251 -0.4151 
-0.155761 -0.215091 
-0.165786 0.0145854 
-0.152945 0.24225 
-0.119007 0.436501 
-0.0686546 0.570545 
-0.00883268 0.625893 
0.0522076 0.594911 
0.1 -0.4 
0.0544828 -0.510345 
0.00145065 -0.550297 
-0.0517815 -0.514347 
-0.0978715 -0.407452 
-0.130462 -0.244356 
-0.145058 -0.0475569 
-0.139645 0.155802 
-0.114972 0.337671 
-0.0744397 0.472965 
-0.0236404 0.543022 
0.0304198 0.53818 
0.1 -0.3 
0.0641379 -0.417241 
0.0194293 -0.476932 
-0.0279593 -0.470839 
-0.0714914 -0.399803 
-0.105163 -0.273622 
-0.124329 -0.109699 
-0.126346 0.0693542 
-0.110936 0.238841 
-0.0802248 0.375385 
-0.038448 0.460151 
0.00863197 0.481449 
0.1 -0.2 
0.0737931 -0.324138 
0.0374078 -0.403567 
-0.00413711 -0.427332 
-0.0451114 -0.392154 
-0.0798635 -0.302887 
-0.1036 -0.171841 
-0.113047 -0.0170939 
-0.106901 0.140011 
-0.08601 0.277805 
-0.0532557 0.37728 
-0.0131558 0.424717 
0.1 -0.1 
0.0834483 -0.231034 
0.0553864 -0.330202 
0.0196851 -0.383825 
-0.0187314 -0.384506 
-0.0545643 -0.332152 
-0.0828711 -0.233984 
-0.0997474 -0.103542 
-0.102865 0.0411815 
-0.0917951 0.180225 
-0.0680634 0.294409 
-0.0349436 0.367986 
0.1 -1.38778e-16 
0.0931034 -0.137931 
0.073365 -0.256837 
0.0435073 -0.340317 
0.00764859 -0.376857 
-0.0292651 -0.361417 
-0.0621423 -0.296126 
-0.0864481 -0.18999 
-0.09883 -0.0576485 
-0.0975802 0.0826445 
-0.0828711 0.211538 
-0.0567314 0.311254 
0.1 0.1 
0.102759 -0.0448276 
0.0913436 -0.183472 
0.0673295 -0.29681 
0.0340286 -0.369209 
-0.00396594 -0.390682 
-0.0414135 -0.358268 
-0.0731488 -0.276438 
-0.0947946 -0.156478 
-0.103365 -0.0149357 
-0.0976787 0.128667 
-0.0785192 0.254523 
0.1 0.2 
0.112414 0.0482759 
0.109322 -0.110107 
0.0911517 -0.253303 
0.0604086 -0.36156 
0.0213332 -0.419947 
-0.0206846 -0.42041 
-0.0598495 -0.362886 
-0.0907592 -0.255308 
-0.10915 -0.112516 
-0.112486 0.0457961 
-0.100307 0.197791 
0.1 0.3 
0.122069 0.141379 
0.127301 -0.036742 
0.114974 -0.209795 
0.0867886 -0.353912 
0.0466324 -0.449212 
4.4178e-05 -0.482553 
-0.0465502 -0.449334 
-0.0867238 -0.354138 
-0.114936 -0.210096 
-0.127294 -0.0370749 
-0.122095 0.14106 
0.1 0.4 
0.131724 0.234483 
0.145279 0.0366231 
0.138796 -0.166288 
0.113169 -0.346263 
0.0719316 -0.478477 
0.020773 -0.544695 
-0.0332509 -0.535782 
-0.0826884 -0.452968 
-0.120721 -0.307676 
-0.142102 -0.119946 
-0.143883 0.0843285 
0.1 0.5 
0.141379 0.327586 
0.163258 0.109988 
0.162618 -0.122781 
0.139549 -0.338614 
0.0972308 -0.507743 
0.0415018 -0.606837 
-0.0199516 -0.62223 
-0.078653 -0.551798 
-0.126506 -0.405256 
-0.156909 -0.202817 
-0.16567 0.0275971 
0.1 0.6 
0.151034 0.42069 
0.181237 0.183353 
0.186441 -0.0792734 
0.165929 -0.330966 
0.12253 -0.537008 
0.0622306 -0.668979 
-0.00665227 -0.708678 
-0.0746176 -0.650628 
-0.132291 -0.502837 
-0.171717 -0.285688 
-0.187458 -0.0291343 
0.1 0.7 
0.16069 0.513793 
0.199215 0.256718 
0.210263 -0.0357661 
0.192309 -0.323317 
0.147829 -0.566273 
0.0829594 -0.731122 
0.00664703 -0.795126 
-0.0705822 -0.749458 
-0.138076 -0.600417 
-0.186525 -0.368559 
-0.209246 -0.0858657 
0.1 0.8 
0.170345 0.606897 
0.217194 0.330083 
0.234085 0.00774119 
0.218689 -0.315669 
0.173128 -0.595538 
0.103688 -0.793264 
0.0199463 -0.881574 
-0.0665468 -0.848288 
-0.143861 -0.697997 
-0.201332 -0.45143 
-0.231034 -0.142597 
0.1 0.9 
0.18 0.7 
0.235172 0.403448 
0.257907 0.0512485 
0.245069 -0.30802 
0.198428 -0.624803 
0.124417 -0.855406 
0.0332456 -0.968022 
-0.0625114 -0.947118 
-0.149646 -0.795577 
-0.21614 -0.534301 
-0.252822 -0.199329 
0.1 1 
0.189655 0.793103 
0.253151 0.476813 
0.281729 0.0947558 
0.271449 -0.300371 
0.223727 -0.654068 
0.145146 -0.917549 
0.0465449 -1.05447 
-0.058476 -1.04595 
-0.155431 -0.893157 
-0.230948 -0.617172 
-0.274609 -0.25606 
0.2 -1 
0.0896552 -1.2069 
-0.0330559 -1.24732 
-0.151208 -1.11571 
-0.248503 -0.8302 
-0.311522 -0.430183 
-0.331573 0.0291708 
-0.305889 0.484501 
-0.238014 0.873003 
-0.137309 1.14109 
-0.0176654 1.25179 
0.104415 1.18982 
0.2 -0.9 
0.0993103 -1.11379 
-0.0150773 -1.17396 
-0.127385 -1.0722 
-0.222123 -0.822552 
-0.286223 -0.459448 
-0.310844 -0.0329715 
-0.29259 0.398053 
-0.233979 0.774173 
-0.143094 1.04351 
-0.032473 1.16892 
0.0826273 1.13309 
0.2 -0.8 
0.108966 -1.02069 
0.00290131 -1.10059 
-0.103563 -1.02869 
-0.195743 -0.814903 
-0.260924 -0.488713 
-0.290115 -0.0951137 
-0.27929 0.311605 
-0.229943 0.675343 
-0.148879 0.94593 
-0.0472807 1.08604 
0.0608395 1.07636 
0.2 -0.7 
0.118621 -0.927586 
0.0208799 -1.02723 
-0.0797409 -0.985186 
-0.169363 -0.807255 
-0.235625 -0.517978 
-0.269386 -0.157256 
-0.265991 0.225156 
-0.225908 0.576513 
-0.154665 0.84835 
-0.0620884 1.00317 
0.0390517 1.01963 
0.2 -0.6 
0.128276 -0.834483 
0.0388585 -0.953864 
-0.0559187 -0.941679 
-0.142983 -0.799606 
-0.210325 -0.547243 
-0.248657 -0.219398 
-0.252692 0.138708 
-0.221872 0.477683 
-0.16045 0.75077 
-0.0768961 0.920303 
0.0172639 0.962897 
0.2 -0.5 
0.137931 -0.741379 
0.0568371 -0.880499 
-0.0320964 -0.898171 
-0.116603 -0.791958 
-0.185026 -0.576508 
-0.227929 -0.281541 
-0.239393 0.0522604 
-0.217837 0.378853 
-0.166235 0.65319 
-0.0917037 0.837432 
-0.00452386 0.906166 
0.2 -0.4 
0.147586 -0.648276 
0.0748157 -0.807134 
-0.00827422 -0.854664 
-0.0902229 -0.784309 
-0.159727 -0.605773 
-0.2072 -0.343683 
-0.226093 -0.0341877 
-0.213802 0.280023 
-0.17202 0.55561 
-0.106511 0.754561 
-0.0263117 0.849434 
0.2 -0.3 
0.157241 -0.555172 
0.0927943 -0.733769 
0.015548 -0.811157 
-0.0638429 -0.77666 
-0.134428 -0.635038 
-0.186471 -0.405825 
-0.212794 -0.120636 
-0.209766 0.181193 
-0.177805 0.458029 
-0.121319 0.67169 
-0.0480995 0.792703 
0.2 -0.2 
0.166897 -0.462069 
0.110773 -0.660404 
0.0393702 -0.767649 
-0.0374628 -0.769012 
-0.109129 -0.664304 
-0.165742 -0.467967 
-0.199495 -0.207084 
-0.205731 0.0823629 
-0.18359 0.360449 
-0.136127 0.588819 
-0.0698873 0.735971 
0.2 -0.1 
0.176552 -0.368966 
0.128751 -0.587039 
0.0631924 -0.724142 
-0.0110828 -0.761363 
-0.0838294 -0.693569 
-0.145013 -0.53011 
-0.186195 -0.293532 
-0.201695 -0.016467 
-0.189375 0.262869 
-0.150934 0.505947 
-0.0916751 0.67924 
0.2 -1.38778e-16 
0.186207 -0.275862 
0.14673 -0.513674 
0.0870146 -0.680635 
0.0152972 -0.753715 
-0.0585302 -0.722834 
-0.124285 -0.592252 
-0.172896 -0.37998 
-0.19766 -0.115297 
-0.19516 0.165289 
-0.165742 0.423076 
-0.113463 0.622509 
0.2 0.1 
0.195862 -0.182759 
0.164709 -0.440309 
0.110837 -0.637127 
0.0416772 -0.746066 
-0.0332311 -0.752099 
-0.103556 -0.654394 
-0.159597 -0.466428 
-0.193625 -0.214127 
-0.200945 0.0677087 
-0.18055 0.340205 
-0.135251 0.565777 
0.2 0.2 
0.205517 -0.0896552 
0.182687 -0.366944 
0.134659 -0.59362 
0.0680572 -0.738417 
-0.00793188 -0.781364 
-0.0828269 -0.716536 
-0.146298 -0.552876 
-0.189589 -0.312957 
-0.206731 -0.0298714 
-0.195357 0.257334 
-0.157038 0.509046 
0.2 0.3 
0.215172 0.00344828 
0.200666 -0.293579 
0.158481 -0.550113 
0.0944372 -0.730769 
0.0173673 -0.810629 
-0.0620981 -0.778679 
-0.132998 -0.639324 
-0.185554 -0.411787 
-0.212516 -0.127452 
-0.210165 0.174463 
-0.178826 0.452314 
0.2 0.4 
0.224828 0.0965517 
0.218644 -0.220214 
0.182303 -0.506605 
0.120817 -0.72312 
0.0426665 -0.839894 
-0.0413693 -0.840821 
-0.119699 -0.725772 
-0.181518 -0.510617 
-0.218301 -0.225032 
-0.224973 0.0915922 
-0.200614 0.395583 
0.2 0.5 
0.234483 0.189655 
0.236623 -0.146849 
0.206126 -0.463098 
0.147197 -0.715472 
0.0679657 -0.869159 
-0.0206405 -0.902963 
-0.1064 -0.81222 
-0.177483 -0.609447 
-0.224086 -0.322612 
-0.23978 0.00872115 
-0.222402 0.338851 
0.2 0.6 
0.244138 0.282759 
0.254602 -0.0734839 
0.229948 -0.419591 
0.173577 -0.707823 
0.0932649 -0.898425 
8.8356e-05 -0.965105 
-0.0931003 -0.898668 
-0.173448 -0.708277 
-0.229871 -0.420192 
-0.254588 -0.0741499 
-0.24419 0.28212 
0.2 0.7 
0.253793 0.375862 
0.27258 -0.000118906 
0.25377 -0.376083 
0.199957 -0.700174 
0.118564 -0.92769 
0.0208172 -1.02725 
-0.079801 -0.985116 
-0.169412 -0.807107 
-0.235656 -0.517772 
-0.269396 -0.157021 
-0.265977 0.225389 
0.2 0.8 
0.263448 0.468966 
0.290559 0.0732461 
0.277592 -0.332576 
0.226337 -0.692526 
0.143863 -0.956955 
0.041546 -1.08939 
-0.0665017 -1.07156 
-0.165377 -0.905937 
-0.241441 -0.615353 
-0.284203 -0.239892 
-0.287765 0.168657 
0.2 0.9 
0.273103 0.562069 
0.308537 0.146611 
0.301415 -0.289069 
0.252717 -0.684877 
0.169162 -0.98622 
0.0622748 -1.15153 
-0.0532024 -1.15801 
-0.161341 -1.00477 
-0.247226 -0.712933 
-0.299011 -0.322763 
-0.309553 0.111926 
0.2 1 
0.282759 0.655172 
0.326516 0.219976 
0.325237 -0.245562 
0.279097 -0.677229 
0.194462 -1.01549 
0.0830036 -1.21367 
-0.0399031 -1.24446 
-0.157306 -1.1036 
-0.253011 -0.810513 
-0.313819 -0.405634 
-0.331341 0.0551942 
0.3 -1 
0.182759 -1.34483 
0.0403092 -1.50416 
-0.1077 -1.45603 
-0.240854 -1.20706 
-0.340787 -0.791599 
-0.393715 -0.266955 
-0.392337 0.294511 
-0.336844 0.815354 
-0.234889 1.22374 
-0.100536 1.46333 
0.0476837 1.50108 
0.3 -0.9 
0.192414 -1.25172 
0.0582878 -1.4308 
-0.083878 -1.41252 
-0.214474 -1.19941 
-0.315488 -0.820865 
-0.372986 -0.329097 
-0.379038 0.208063 
-0.332809 0.716524 
-0.240675 1.12616 
-0.115344 1.38045 
0.0258959 1.44435 
0.3 -0.8 
0.202069 -1.15862 
0.0762663 -1.35743 
-0.0600558 -1.36901 
-0.188094 -1.19176 
-0.290189 -0.85013 
-0.352257 -0.39124 
-0.365739 0.121615 
-0.328773 0.617694 
-0.24646 1.02857 
-0.130152 1.29758 
0.0041081 1.38761 
0.3 -0.7 
0.211724 -1.06552 
0.0942449 -1.28407 
-0.0362335 -1.3255 
-0.161714 -1.18411 
-0.26489 -0.879395 
-0.331528 -0.453382 
-0.352439 0.0351665 
-0.324738 0.518864 
-0.252245 0.930995 
-0.144959 1.21471 
-0.0176797 1.33088 
0.3 -0.6 
0.221379 -0.972414 
0.112224 -1.2107 
-0.0124113 -1.282 
-0.135334 -1.17646 
-0.23959 -0.90866 
-0.3108 -0.515524 
-0.33914 -0.0512816 
-0.320702 0.420034 
-0.25803 0.833415 
-0.159767 1.13184 
-0.0394675 1.27415 
0.3 -0.5 
0.231034 -0.87931 
0.130202 -1.13734 
0.0114109 -1.23849 
-0.108954 -1.16881 
-0.214291 -0.937925 
-0.290071 -0.577666 
-0.325841 -0.13773 
-0.316667 0.321204 
-0.263815 0.735834 
-0.174575 1.04897 
-0.0612553 1.21742 
0.3 -0.4 
0.24069 -0.786207 
0.148181 -1.06397 
0.0352331 -1.19498 
-0.0825743 -1.16117 
-0.188992 -0.96719 
-0.269342 -0.639809 
-0.312541 -0.224178 
-0.312632 0.222374 
-0.2696 0.638254 
-0.189382 0.966099 
-0.0830431 1.16069 
0.3 -0.3 
0.250345 -0.693103 
0.166159 -0.990606 
0.0590553 -1.15147 
-0.0561943 -1.15352 
-0.163693 -0.996455 
-0.248613 -0.701951 
-0.299242 -0.310626 
-0.308596 0.123544 
-0.275385 0.540674 
-0.20419 0.883228 
-0.104831 1.10396 
0.3 -0.2 
0.26 -0.6 
0.184138 -0.917241 
0.0828775 -1.10797 
-0.0298143 -1.14587 
-0.138394 -1.02572 
-0.227884 -0.764093 
-0.285943 -0.397074 
-0.304561 0.0247144 
-0.28117 0.443094 
-0.218998 0.800357 
-0.126619 1.04723 
0.3 -0.1 
0.269655 -0.506897 
0.202117 -0.843876 
0.1067 -1.06446 
-0.00343425 -1.13822 
-0.113095 -1.05499 
-0.207156 -0.826235 
-0.272643 -0.483522 
-0.300525 -0.0741156 
-0.286955 0.345514 
-0.233805 0.717486 
-0.148406 0.990494 
0.3 -1.38778e-16 
0.27931 -0.413793 
0.220095 -0.770511 
0.130522 -1.02095 
0.0229458 -1.13057 
-0.0877954 -1.08425 
-0.186427 -0.888378 
-0.259344 -0.56997 
-0.29649 -0.172946 
-0.292741 0.247933 
-0.248613 0.634615 
-0.170194 0.933763 
0.3 0.1 
0.288966 -0.32069 
0.238074 -0.697146 
0.154344 -0.977445 
0.0493258 -1.12292 
-0.0624962 -1.11352 
-0.165698 -0.95052 
-0.246045 -0.656418 
-0.292455 -0.271776 
-0.298526 0.150353 
-0.263421 0.551744 
-0.191982 0.877031 
0.3 0.2 
0.298621 -0.227586 
0.256052 -0.623781 
0.178166 -0.933937 
0.0757058 -1.11527 
-0.037197 -1.14278 
-0.144969 -1.01266 
-0.232746 -0.742866 
-0.288419 -0.370606 
-0.304311 0.052773 
-0.278229 0.468873 
-0.21377 0.8203 
0.3 0.3 
0.308276 -0.134483 
0.274031 -0.550416 
0.201989 -0.89043 
0.102086 -1.10763 
-0.0118978 -1.17205 
-0.12424 -1.0748 
-0.219446 -0.829314 
-0.284384 -0.469435 
-0.310096 -0.0448072 
-0.293036 0.386001 
-0.235558 0.763568 
0.3 0.4 
0.317931 -0.0413793 
0.29201 -0.477051 
0.225811 -0.846923 
0.128466 -1.09998 
0.0134014 -1.20131 
-0.103512 -1.13695 
-0.206147 -0.915762 
-0.280348 -0.568265 
-0.315881 -0.142387 
-0.307844 0.30313 
-0.257345 0.706837 
0.3 0.5 
0.327586 0.0517241 
0.309988 -0.403686 
0.249633 -0.803415 
0.154846 -1.09233 
0.0387005 -1.23058 
-0.0827827 -1.19909 
-0.192848 -1.00221 
-0.276313 -0.667095 
-0.321666 -0.239968 
-0.322652 0.220259 
-0.279133 0.650106 
0.3 0.6 
0.337241 0.144828 
0.327967 -0.330321 
0.273455 -0.759908 
0.181226 -1.08468 
0.0639997 -1.25984 
-0.0620539 -1.26123 
-0.179548 -1.08866 
-0.272278 -0.765925 
-0.327451 -0.337548 
-0.337459 0.137388 
-0.300921 0.593374 
0.3 0.7 
0.346897 0.237931 
0.345945 -0.256956 
0.297277 -0.716401 
0.207606 -1.07703 
0.0892989 -1.28911 
-0.0413251 -1.32337 
-0.166249 -1.17511 
-0.268242 -0.864755 
-0.333236 -0.435128 
-0.352267 0.0545173 
-0.322709 0.536643 
0.3 0.8 
0.356552 0.331034 
0.363924 -0.183591 
0.3211 -0.672894 
0.233986 -1.06938 
0.114598 -1.31837 
-0.0205963 -1.38552 
-0.15295 -1.26155 
-0.264207 -0.963585 
-0.339021 -0.532708 
-0.367075 -0.0283538 
-0.344497 0.479911 
0.3 0.9 
0.366207 0.424138 
0.381902 -0.110226 
0.344922 -0.629386 
0.260366 -1.06173 
0.139897 -1.34764 
0.000132534 -1.44766 
-0.13965 -1.348 
-0.260171 -1.06242 
-0.344807 -0.630288 
-0.381882 -0.111225 
-0.366284 0.42318 
0.3 1 
0.375862 0.517241 
0.399881 -0.0368609 
0.368744 -0.585879 
0.286746 -1.05409 
0.165196 -1.3769 
0.0208613 -1.5098 
-0.126351 -1.43445 
-0.256136 -1.16125 
-0.350592 -0.727868 
-0.39669 -0.194096 
-0.388072 0.366449 
0.4 -1 
0.275862 -1.48276 
0.113674 -1.761 
-0.0641929 -1.79634 
-0.233206 -1.58392 
-0.370052 -1.15302 
-0.455857 -0.563081 
-0.478785 0.104521 
-0.435674 0.757706 
-0.33247 1.30638 
-0.183407 1.67486 
-0.00904773 1.81233 
0.4 -0.9 
0.285517 -1.38966 
0.131653 -1.68763 
-0.0403707 -1.75284 
-0.206826 -1.57627 
-0.344753 -1.18228 
-0.435128 -0.625223 
-0.465486 0.0180726 
-0.431638 0.658876 
-0.338255 1.2088 
-0.198215 1.59199 
-0.0308355 1.7556 
0.4 -0.8 
0.295172 -1.29655 
0.149631 -1.61427 
-0.0165484 -1.70933 
-0.180446 -1.56862 
-0.319454 -1.21155 
-0.4144 -0.687366 
-0.452187 -0.0683754 
-0.427603 0.560046 
-0.34404 1.11122 
-0.213023 1.50912 
-0.0526233 1.69887 
0.4 -0.7 
0.304828 -1.20345 
0.16761 -1.5409 
0.00727377 -1.66582 
-0.154066 -1.56097 
-0.294155 -1.24081 
-0.393671 -0.749508 
-0.438887 -0.154823 
-0.423568 0.461216 
-0.349825 1.01364 
-0.22783 1.42625 
-0.0744111 1.64214 
0.4 -0.6 
0.314483 -1.11034 
0.185589 -1.46754 
0.031096 -1.62231 
-0.127686 -1.55332 
-0.268856 -1.27008 
-0.372942 -0.81165 
-0.425588 -0.241272 
-0.419532 0.362386 
-0.35561 0.916059 
-0.242638 1.34338 
-0.0961989 1.58541 
0.4 -0.5 
0.324138 -1.01724 
0.203567 -1.39417 
0.0549182 -1.57881 
-0.101306 -1.54567 
-0.243556 -1.29934 
-0.352213 -0.873792 
-0.412289 -0.32772 
-0.415497 0.263556 
-0.361395 0.818479 
-0.257446 1.26051 
-0.117987 1.52867 
0.4 -0.4 
0.333793 -0.924138 
0.221546 -1.32081 
0.0787404 -1.5353 
-0.0749257 -1.53802 
-0.218257 -1.32861 
-0.331484 -0.935935 
-0.398989 -0.414168 
-0.411462 0.164726 
-0.36718 0.720899 
-0.272254 1.17764 
-0.139775 1.47194 
0.4 -0.3 
0.343448 -0.831034 
0.239524 -1.24744 
0.102563 -1.49179 
-0.0485457 -1.53037 
-0.192958 -1.35787 
-0.310755 -0.998077 
-0.38569 -0.500616 
-0.407426 0.0658959 
-0.372965 0.623318 
-0.287061 1.09477 
-0.161562 1.41521 
0.4 -0.2 
0.353103 -0.737931 
0.257503 -1.17408 
0.126385 -1.44828 
-0.0221657 -1.52273 
-0.167659 -1.38714 
-0.290027 -1.06022 
-0.372391 -0.587064 
-0.403391 -0.0329341 
-0.378751 0.525738 
-0.301869 1.01189 
-0.18335 1.35848 
0.4 -0.1 
0.362759 -0.644828 
0.275482 -1.10071 
0.150207 -1.40478 
0.00421434 -1.51508 
-0.14236 -1.4164 
-0.269298 -1.12236 
-0.359092 -0.673512 
-0.399355 -0.131764 
-0.384536 0.428158 
-0.316677 0.929024 
-0.205138 1.30175 
0.4 -1.38778e-16 
0.372414 -0.551724 
0.29346 -1.02735 
0.174029 -1.36127 
0.0305943 -1.50743 
-0.11706 -1.44567 
-0.248569 -1.1845 
-0.345792 -0.75996 
-0.39532 -0.230594 
-0.390321 0.330578 
-0.331484 0.846153 
-0.226926 1.24502 
0.4 0.1 
0.382069 -0.458621 
0.311439 -0.953983 
0.197851 -1.31776 
0.0569744 -1.49978 
-0.0917613 -1.47493 
-0.22784 -1.24665 
-0.332493 -0.846408 
-0.391285 -0.329424 
-0.396106 0.232998 
-0.346292 0.763282 
-0.248714 1.18829 
0.4 0.2 
0.391724 -0.365517 
0.329417 -0.880618 
0.221674 -1.27425 
0.0833544 -1.49213 
-0.0664621 -1.5042 
-0.207111 -1.30879 
-0.319194 -0.932856 
-0.387249 -0.428254 
-0.401891 0.135417 
-0.3611 0.680411 
-0.270501 1.13155 
0.4 0.3 
0.401379 -0.272414 
0.347396 -0.807253 
0.245496 -1.23075 
0.109734 -1.48448 
-0.0411629 -1.53346 
-0.186383 -1.37093 
-0.305894 -1.0193 
-0.383214 -0.527084 
-0.407676 0.0378373 
-0.375907 0.59754 
-0.292289 1.07482 
0.4 0.4 
0.411034 -0.17931 
0.365375 -0.733888 
0.269318 -1.18724 
0.136114 -1.47683 
-0.0158638 -1.56273 
-0.165654 -1.43307 
-0.292595 -1.10575 
-0.379178 -0.625914 
-0.413461 -0.0597429 
-0.390715 0.514669 
-0.314077 1.01809 
0.4 0.5 
0.42069 -0.0862069 
0.383353 -0.660523 
0.29314 -1.14373 
0.162494 -1.46919 
0.00943542 -1.59199 
-0.144925 -1.49521 
-0.279296 -1.1922 
-0.375143 -0.724744 
-0.419246 -0.157323 
-0.405523 0.431798 
-0.335865 0.96136 
0.4 0.6 
0.430345 0.00689655 
0.401332 -0.587158 
0.316963 -1.10023 
0.188874 -1.46154 
0.0347346 -1.62126 
-0.124196 -1.55736 
-0.265996 -1.27865 
-0.371108 -0.823574 
-0.425031 -0.254903 
-0.42033 0.348927 
-0.357653 0.904628 
0.4 0.7 
0.44 0.1 
0.41931 -0.513793 
0.340785 -1.05672 
0.215254 -1.45389 
0.0600338 -1.65052 
-0.103467 -1.6195 
-0.252697 -1.3651 
-0.367072 -0.922404 
-0.430817 -0.352483 
-0.435138 0.266055 
-0.37944 0.847897 
0.4 0.8 
0.449655 0.193103 
0.437289 -0.440428 
0.364607 -1.01321 
0.241634 -1.44624 
0.085333 -1.67979 
-0.0827385 -1.68164 
-0.239398 -1.45154 
-0.363037 -1.02123 
-0.436602 -0.450064 
-0.449946 0.183184 
-0.401228 0.791166 
0.4 0.9 
0.45931 0.286207 
0.455268 -0.367063 
0.388429 -0.969704 
0.268014 -1.43859 
0.110632 -1.70905 
-0.0620097 -1.74378 
-0.226099 -1.53799 
-0.359001 -1.12006 
-0.442387 -0.547644 
-0.464753 0.100313 
-0.423016 0.734434 
0.4 1 
0.468966 0.37931 
0.473246 -0.293698 
0.412251 -0.926196 
0.294394 -1.43094 
0.135931 -1.73832 
-0.0412809 -1.80593 
-0.212799 -1.62444 
-0.354966 -1.21889 
-0.448172 -0.645224 
-0.479561 0.0174423 
-0.444804 0.677703 
0.5 -1 
0.368966 -1.62069 
0.187039 -2.01784 
-0.0206856 -2.13666 
-0.225557 -1.96077 
-0.399317 -1.51443 
-0.517999 -0.859207 
-0.565233 -0.0854693 
-0.534504 0.700057 
-0.43005 1.38902 
-0.266279 1.8864 
-0.0657792 2.12359 
0.5 -0.9 
0.378621 -1.52759 
0.205018 -1.94447 
0.00313666 -2.09315 
-0.199177 -1.95312 
-0.374018 -1.5437 
-0.497271 -0.921349 
-0.551934 -0.171917 
-0.530468 0.601227 
-0.435835 1.29144 
-0.281086 1.80353 
-0.087567 2.06685 
0.5 -0.8 
0.388276 -1.43448 
0.222996 -1.87111 
0.0269589 -2.04965 
-0.172797 -1.94548 
-0.348719 -1.57296 
-0.476542 -0.983491 
-0.538635 -0.258365 
-0.526433 0.502397 
-0.44162 1.19386 
-0.295894 1.72066 
-0.109355 2.01012 
0.5 -0.7 
0.397931 -1.34138 
0.240975 -1.79774 
0.0507811 -2.00614 
-0.146417 -1.93783 
-0.32342 -1.60223 
-0.455813 -1.04563 
-0.525335 -0.344813 
-0.522398 0.403567 
-0.447405 1.09628 
-0.310702 1.63779 
-0.131143 1.95339 
0.5 -0.6 
0.407586 -1.24828 
0.258954 -1.72438 
0.0746033 -1.96263 
-0.120037 -1.93018 
-0.298121 -1.63149 
-0.435084 -1.10778 
-0.512036 -0.431262 
-0.518362 0.304737 
-0.45319 0.998703 
-0.325509 1.55492 
-0.15293 1.89666 
0.5 -0.5 
0.417241 -1.15517 
0.276932 -1.65101 
0.0984255 -1.91912 
-0.0936571 -1.92253 
-0.272822 -1.66076 
-0.414355 -1.16992 
-0.498737 -0.51771 
-0.514327 0.205907 
-0.458975 0.901123 
-0.340317 1.47205 
-0.174718 1.83993 
0.5 -0.4 
0.426897 -1.06207 
0.294911 -1.57765 
0.122248 -1.87562 
-0.0672771 -1.91488 
-0.247522 -1.69002 
-0.393627 -1.23206 
-0.485437 -0.604158 
-0.510291 0.107077 
-0.46476 0.803543 
-0.355125 1.38918 
-0.196506 1.7832 
0.5 -0.3 
0.436552 -0.968966 
0.312889 -1.50428 
0.14607 -1.83211 
-0.0408971 -1.90723 
-0.222223 -1.71929 
-0.372898 -1.2942 
-0.472138 -0.690606 
-0.506256 0.00824739 
-0.470546 0.705963 
-0.369932 1.3063 
-0.218294 1.72647 
0.5 -0.2 
0.446207 -0.875862 
0.330868 -1.43092 
0.169892 -1.7886 
-0.0145171 -1.89958 
-0.196924 -1.74855 
-0.352169 -1.35635 
-0.458839 -0.777054 
-0.502221 -0.0905826 
-0.476331 0.608383 
-0.38474 1.22343 
-0.240082 1.66973 
0.5 -0.1 
0.455862 -0.782759 
0.348847 -1.35755 
0.193714 -1.74509 
0.0118629 -1.89194 
-0.171625 -1.77782 
-0.33144 -1.41849 
-0.44554 -0.863502 
-0.498185 -0.189413 
-0.482116 0.510803 
-0.399548 1.14056 
-0.261869 1.613 
0.5 -1.38778e-16 
0.465517 -0.689655 
0.366825 -1.28419 
0.217537 -1.70159 
0.0382429 -1.88429 
-0.146326 -1.80708 
-0.310711 -1.48063 
-0.43224 -0.94995 
-0.49415 -0.288243 
-0.487901 0.413222 
-0.414355 1.05769 
-0.283657 1.55627 
0.5 0.1 
0.475172 -0.596552 
0.384804 -1.21082 
0.241359 -1.65808 
0.0646229 -1.87664 
-0.121026 -1.83635 
-0.289983 -1.54277 
-0.418941 -1.0364 
-0.490115 -0.387073 
-0.493686 0.315642 
-0.429163 0.97482 
-0.305445 1.49954 
0.5 0.2 
0.484828 -0.503448 
0.402782 -1.13746 
0.265181 -1.61457 
0.091003 -1.86899 
-0.0957272 -1.86561 
-0.269254 -1.60491 
-0.405642 -1.12285 
-0.486079 -0.485903 
-0.499471 0.218062 
-0.443971 0.891949 
-0.327233 1.44281 
0.5 0.3 
0.494483 -0.410345 
0.420761 -1.06409 
0.289003 -1.57106 
0.117383 -1.86134 
-0.0704281 -1.89488 
-0.248525 -1.66706 
-0.392342 -1.20929 
-0.482044 -0.584733 
-0.505256 0.120482 
-0.458778 0.809078 
-0.349021 1.38608 
0.5 0.4 
0.504138 -0.317241 
0.43874 -0.990725 
0.312825 -1.52756 
0.143763 -1.85369 
-0.0451289 -1.92415 
-0.227796 -1.7292 
-0.379043 -1.29574 
-0.478008 -0.683562 
-0.511041 0.0229016 
-0.473586 0.726207 
-0.370808 1.32935 
0.5 0.5 
0.513793 -0.224138 
0.456718 -0.91736 
0.336648 -1.48405 
0.170143 -1.84604 
-0.0198297 -1.95341 
-0.207067 -1.79134 
-0.365744 -1.38219 
-0.473973 -0.782392 
-0.516826 -0.0746786 
-0.488394 0.643336 
-0.392596 1.27261 
0.5 0.6 
0.523448 -0.131034 
0.474697 -0.843995 
0.36047 -1.44054 
0.196523 -1.83839 
0.00546948 -1.98268 
-0.186338 -1.85348 
-0.352445 -1.46864 
-0.469938 -0.881222 
-0.522612 -0.172259 
-0.503201 0.560465 
-0.414384 1.21588 
0.5 0.7 
0.533103 -0.037931 
0.492675 -0.77063 
0.384292 -1.39704 
0.222903 -1.83075 
0.0307687 -2.01194 
-0.16561 -1.91563 
-0.339145 -1.55509 
-0.465902 -0.980052 
-0.528397 -0.269839 
-0.518009 0.477594 
-0.436172 1.15915 
0.5 0.8 
0.542759 0.0551724 
0.510654 -0.697265 
0.408114 -1.35353 
0.249283 -1.8231 
0.0560679 -2.04121 
-0.144881 -1.97777 
-0.325846 -1.64153 
-0.461867 -1.07888 
-0.534182 -0.367419 
-0.532817 0.394723 
-0.45796 1.10242 
0.5 0.9 
0.552414 0.148276 
0.528633 -0.6239 
0.431937 -1.31002 
0.275663 -1.81545 
0.081367 -2.07047 
-0.124152 -2.03991 
-0.312547 -1.72798 
-0.457831 -1.17771 
-0.539967 -0.464999 
-0.547624 0.311852 
-0.479747 1.04569 
0.5 1 
0.562069 0.241379 
0.546611 -0.550535 
0.455759 -1.26651 
0.302043 -1.8078 
0.106666 -2.09974 
-0.103423 -2.10205 
-0.299247 -1.81443 
-0.453796 -1.27654 
-0.545752 -0.56258 
-0.562432 0.228981 
-0.501535 0.988957 
0.6 -1 
0.462069 -1.75862 
0.260404 -2.27467 
0.0228218 -2.47698 
-0.217909 -2.33763 
-0.428583 -1.87585 
-0.580142 -1.15533 
-0.651681 -0.275459 
-0.633334 0.642409 
-0.52763 1.47167 
-0.34915 2.09794 
-0.122511 2.43484 
0.6 -0.9 
0.471724 -1.66552 
0.278383 -2.20131 
0.046644 -2.43347 
-0.191529 -2.32998 
-0.403283 -1.90512 
-0.559413 -1.21748 
-0.638382 -0.361907 
-0.629298 0.543579 
-0.533415 1.37409 
-0.363957 2.01507 
-0.144298 2.37811 
0.6 -0.8 
0.481379 -1.57241 
0.296361 -2.12794 
0.0704662 -2.38996 
-0.165149 -2.32233 
-0.377984 -1.93438 
-0.538684 -1.27962 
-0.625083 -0.448355 
-0.625263 0.444749 
-0.5392 1.27651 
-0.378765 1.9322 
-0.166086 2.32138 
0.6 -0.7 
0.491034 -1.47931 
0.31434 -2.05458 
0.0942884 -2.34646 
-0.138769 -2.31468 
-0.352685 -1.96365 
-0.517955 -1.34176 
-0.611783 -0.534803 
-0.621228 0.345919 
-0.544985 1.17893 
-0.393573 1.84933 
-0.187874 2.26465 
0.6 -0.6 
0.50069 -1.38621 
0.332319 -1.98121 
0.118111 -2.30295 
-0.112389 -2.30704 
-0.327386 -1.99291 
-0.497226 -1.4039 
-0.598484 -0.621251 
-0.617192 0.247089 
-0.55077 1.08135 
-0.40838 1.76646 
-0.209662 2.20791 
0.6 -0.5 
0.510345 -1.2931 
0.350297 -1.90785 
0.141933 -2.25944 
-0.0860085 -2.29939 
-0.302087 -2.02218 
-0.476498 -1.46604 
-0.585185 -0.7077 
-0.613157 0.148259 
-0.556556 0.983768 
-0.423188 1.68358 
-0.23145 2.15118 
0.6 -0.4 
0.52 -1.2 
0.368276 -1.83448 
0.165755 -2.21593 
-0.0596285 -2.29174 
-0.276787 -2.05144 
-0.455769 -1.52819 
-0.571886 -0.794148 
-0.609121 0.0494289 
-0.562341 0.886188 
-0.437996 1.60071 
-0.253237 2.09445 
0.6 -0.3 
0.529655 -1.1069 
0.386254 -1.76112 
0.189577 -2.17243 
-0.0332485 -2.28409 
-0.251488 -2.08071 
-0.43504 -1.59033 
-0.558586 -0.880596 
-0.605086 -0.0494011 
-0.568126 0.788607 
-0.452803 1.51784 
-0.275025 2.03772 
0.6 -0.2 
0.53931 -1.01379 
0.404233 -1.68775 
0.213399 -2.12892 
-0.0068685 -2.27644 
-0.226189 -2.10997 
-0.414311 -1.65247 
-0.545287 -0.967044 
-0.601051 -0.148231 
-0.573911 0.691027 
-0.467611 1.43497 
-0.296813 1.98099 
0.6 -0.1 
0.548966 -0.92069 
0.422212 -1.61439 
0.237222 -2.08541 
0.0195115 -2.26879 
-0.20089 -2.13924 
-0.393582 -1.71461 
-0.531988 -1.05349 
-0.597015 -0.247061 
-0.579696 0.593447 
-0.482419 1.3521 
-0.318601 1.92426 
0.6 -1.38778e-16 
0.558621 -0.827586 
0.44019 -1.54102 
0.261044 -2.0419 
0.0458915 -2.26114 
-0.175591 -2.1685 
-0.372854 -1.77676 
-0.518688 -1.13994 
-0.59298 -0.345891 
-0.585481 0.495867 
-0.497226 1.26923 
-0.340389 1.86753 
0.6 0.1 
0.568276 -0.734483 
0.458169 -1.46766 
0.284866 -1.9984 
0.0722715 -2.2535 
-0.150292 -2.19777 
-0.352125 -1.8389 
-0.505389 -1.22639 
-0.588944 -0.444721 
-0.591266 0.398287 
-0.512034 1.18636 
-0.362176 1.81079 
0.6 0.2 
0.577931 -0.641379 
0.476147 -1.39429 
0.308688 -1.95489 
0.0986515 -2.24585 
-0.124992 -2.22703 
-0.331396 -1.90104 
-0.49209 -1.31284 
-0.584909 -0.543551 
-0.597051 0.300706 
-0.526842 1.10349 
-0.383964 1.75406 
0.6 0.3 
0.587586 -0.548276 
0.494126 -1.32093 
0.332511 -1.91138 
0.125032 -2.2382 
-0.0996932 -2.2563 
-0.310667 -1.96318 
-0.47879 -1.39928 
-0.580874 -0.642381 
-0.602836 0.203126 
-0.541649 1.02062 
-0.405752 1.69733 
0.6 0.4 
0.597241 -0.455172 
0.512105 -1.24756 
0.356333 -1.86787 
0.151412 -2.23055 
-0.074394 -2.28556 
-0.289938 -2.02532 
-0.465491 -1.48573 
-0.576838 -0.741211 
-0.608622 0.105546 
-0.556457 0.937745 
-0.42754 1.6406 
0.6 0.5 
0.606897 -0.362069 
0.530083 -1.1742 
0.380155 -1.82437 
0.177792 -2.2229 
-0.0490948 -2.31483 
-0.26921 -2.08747 
-0.452192 -1.57218 
-0.572803 -0.840041 
-0.614407 0.00796586 
-0.571265 0.854874 
-0.449328 1.58387 
0.6 0.6 
0.616552 -0.268966 
0.548062 -1.10083 
0.403977 -1.78086 
0.204172 -2.21525 
-0.0237956 -2.34409 
-0.248481 -2.14961 
-0.438893 -1.65863 
-0.568768 -0.938871 
-0.620192 -0.0896143 
-0.586072 0.772003 
-0.471115 1.52714 
0.6 0.7 
0.626207 -0.175862 
0.56604 -1.02747 
0.427799 -1.73735 
0.230552 -2.2076 
0.00150355 -2.37336 
-0.227752 -2.21175 
-0.425593 -1.74508 
-0.564732 -1.0377 
-0.625977 -0.187195 
-0.60088 0.689132 
-0.492903 1.47041 
0.6 0.8 
0.635862 -0.0827586 
0.584019 -0.954102 
0.451622 -1.69385 
0.256932 -2.19996 
0.0268027 -2.40262 
-0.207023 -2.27389 
-0.412294 -1.83152 
-0.560697 -1.13653 
-0.631762 -0.284775 
-0.615688 0.606261 
-0.514691 1.41367 
0.6 0.9 
0.645517 0.0103448 
0.601998 -0.880737 
0.475444 -1.65034 
0.283312 -2.19231 
0.0521019 -2.43189 
-0.186294 -2.33604 
-0.398995 -1.91797 
-0.556661 -1.23536 
-0.637547 -0.382355 
-0.630495 0.52339 
-0.536479 1.35694 
0.6 1 
0.655172 0.103448 
0.619976 -0.807372 
0.499266 -1.60683 
0.309692 -2.18466 
0.0774011 -2.46115 
-0.165565 -2.39818 
-0.385695 -2.00442 
-0.552626 -1.33419 
-0.643332 -0.479935 
-0.645303 0.440519 
-0.558267 1.30021 
0.7 -1 
0.555172 -1.89655 
0.333769 -2.53151 
0.0663291 -2.81729 
-0.21026 -2.71449 
-0.457848 -2.23727 
-0.642284 -1.45146 
-0.738129 -0.465449 
-0.732164 0.58476 
-0.62521 1.55431 
-0.432021 2.30948 
-0.179242 2.74609 
0.7 -0.9 
0.564828 -1.80345 
0.351748 -2.45815 
0.0901513 -2.77379 
-0.18388 -2.70684 
-0.432549 -2.26653 
-0.621555 -1.5136 
-0.72483 -0.551897 
-0.728128 0.48593 
-0.630995 1.45673 
-0.446828 2.22661 
-0.20103 2.68936 
0.7 -0.8 
0.574483 -1.71034 
0.369727 -2.38478 
0.113974 -2.73028 
-0.1575 -2.69919 
-0.407249 -2.2958 
-0.600826 -1.57574 
-0.711531 -0.638345 
-0.724093 0.3871 
-0.63678 1.35915 
-0.461636 2.14374 
-0.222818 2.63263 
0.7 -0.7 
0.584138 -1.61724 
0.387705 -2.31141 
0.137796 -2.68677 
-0.13112 -2.69154 
-0.38195 -2.32506 
-0.580098 -1.63789 
-0.698231 -0.724793 
-0.720058 0.28827 
-0.642566 1.26157 
-0.476444 2.06086 
-0.244605 2.5759 
0.7 -0.6 
0.593793 -1.52414 
0.405684 -2.23805 
0.161618 -2.64327 
-0.10474 -2.68389 
-0.356651 -2.35433 
-0.559369 -1.70003 
-0.684932 -0.811241 
-0.716022 0.18944 
-0.648351 1.16399 
-0.491251 1.97799 
-0.266393 2.51917 
0.7 -0.5 
0.603448 -1.43103 
0.423662 -2.16468 
0.18544 -2.59976 
-0.0783599 -2.67624 
-0.331352 -2.38359 
-0.53864 -1.76217 
-0.671633 -0.897689 
-0.711987 0.0906103 
-0.654136 1.06641 
-0.506059 1.89512 
-0.288181 2.46244 
0.7 -0.4 
0.613103 -1.33793 
0.441641 -2.09132 
0.209262 -2.55625 
-0.0519799 -2.6686 
-0.306053 -2.41286 
-0.517911 -1.82431 
-0.658334 -0.984138 
-0.707951 -0.00821966 
-0.659921 0.968832 
-0.520867 1.81225 
-0.309969 2.40571 
0.7 -0.3 
0.622759 -1.24483 
0.45962 -2.01795 
0.233085 -2.51274 
-0.0255999 -2.66095 
-0.280753 -2.44212 
-0.497182 -1.88645 
-0.645034 -1.07059 
-0.703916 -0.10705 
-0.665706 0.871252 
-0.535674 1.72938 
-0.331757 2.34897 
0.7 -0.2 
0.632414 -1.15172 
0.477598 -1.94459 
0.256907 -2.46924 
0.000780086 -2.6533 
-0.255454 -2.47139 
-0.476453 -1.9486 
-0.631735 -1.15703 
-0.699881 -0.20588 
-0.671491 0.773672 
-0.550482 1.64651 
-0.353544 2.29224 
0.7 -0.1 
0.642069 -1.05862 
0.495577 -1.87122 
0.280729 -2.42573 
0.0271601 -2.64565 
-0.230155 -2.50065 
-0.455725 -2.01074 
-0.618436 -1.24348 
-0.695845 -0.30471 
-0.677276 0.676091 
-0.56529 1.56364 
-0.375332 2.23551 
0.7 -1.38778e-16 
0.651724 -0.965517 
0.513555 -1.79786 
0.304551 -2.38222 
0.0535401 -2.638 
-0.204856 -2.52992 
-0.434996 -2.07288 
-0.605136 -1.32993 
-0.69181 -0.40354 
-0.683061 0.578511 
-0.580097 1.48077 
-0.39712 2.17878 
0.7 0.1 
0.661379 -0.872414 
0.531534 -1.72449 
0.328373 -2.33871 
0.0799201 -2.63035 
-0.179557 -2.55918 
-0.414267 -2.13502 
-0.591837 -1.41638 
-0.687774 -0.50237 
-0.688846 0.480931 
-0.594905 1.3979 
-0.418908 2.12205 
0.7 0.2 
0.671034 -0.77931 
0.549512 -1.65113 
0.352196 -2.29521 
0.1063 -2.6227 
-0.154257 -2.58845 
-0.393538 -2.19717 
-0.578538 -1.50283 
-0.683739 -0.6012 
-0.694632 0.383351 
-0.609713 1.31503 
-0.440696 2.06532 
0.7 0.3 
0.68069 -0.686207 
0.567491 -1.57776 
0.376018 -2.2517 
0.13268 -2.61506 
-0.128958 -2.61771 
-0.372809 -2.25931 
-0.565239 -1.58927 
-0.679704 -0.70003 
-0.700417 0.285771 
-0.62452 1.23215 
-0.462483 2.00859 
0.7 0.4 
0.690345 -0.593103 
0.58547 -1.5044 
0.39984 -2.20819 
0.15906 -2.60741 
-0.103659 -2.64698 
-0.352081 -2.32145 
-0.551939 -1.67572 
-0.675668 -0.79886 
-0.706202 0.188191 
-0.639328 1.14928 
-0.484271 1.95185 
0.7 0.5 
0.7 -0.5 
0.603448 -1.43103 
0.423662 -2.16468 
0.18544 -2.59976 
-0.0783599 -2.67624 
-0.331352 -2.38359 
-0.53864 -1.76217 
-0.671633 -0.897689 
-0.711987 0.0906103 
-0.654136 1.06641 
-0.506059 1.89512 
0.7 0.6 
0.709655 -0.406897 
0.621427 -1.35767 
0.447485 -2.12118 
0.21182 -2.59211 
-0.0530608 -2.70551 
-0.310623 -2.44573 
-0.525341 -1.84862 
-0.667598 -0.996519 
-0.717772 -0.00696986 
-0.668943 0.983541 
-0.527847 1.83839 
0.7 0.7 
0.71931 -0.313793 
0.639405 -1.2843 
0.471307 -2.07767 
0.2382 -2.58446 
-0.0277616 -2.73477 
-0.289894 -2.50788 
-0.512041 -1.93507 
-0.663562 -1.09535 
-0.723557 -0.10455 
-0.683751 0.90067 
-0.549635 1.78166 
0.7 0.8 
0.728966 -0.22069 
0.657384 -1.21094 
0.495129 -2.03416 
0.26458 -2.57681 
-0.00246239 -2.76404 
-0.269165 -2.57002 
-0.498742 -2.02151 
-0.659527 -1.19418 
-0.729342 -0.20213 
-0.698559 0.817799 
-0.571422 1.72493 
0.7 0.9 
0.738621 -0.127586 
0.675363 -1.13757 
0.518951 -1.99066 
0.29096 -2.56916 
0.0228368 -2.7933 
-0.248437 -2.63216 
-0.485443 -2.10796 
-0.655491 -1.29301 
-0.735127 -0.29971 
-0.713366 0.734928 
-0.59321 1.6682 
0.7 1 
0.748276 -0.0344828 
0.693341 -1.06421 
0.542773 -1.94715 
0.31734 -2.56152 
0.048136 -2.82257 
-0.227708 -2.6943 
-0.472143 -2.19441 
-0.651456 -1.39184 
-0.740912 -0.397291 
-0.728174 0.652057 
-0.614998 1.61147 
0.8 -1 
0.648276 -2.03448 
0.407134 -2.78835 
0.109836 -3.15761 
-0.202611 -3.09134 
-0.487113 -2.59868 
-0.704426 -1.74758 
-0.824577 -0.655439 
-0.830994 0.527112 
-0.72279 1.63696 
-0.514892 2.52102 
-0.235973 3.05735 
0.8 -0.9 
0.657931 -1.94138 
0.425113 -2.71498 
0.133659 -3.1141 
-0.176231 -3.0837 
-0.461814 -2.62795 
-0.683697 -1.80973 
-0.811278 -0.741887 
-0.826958 0.428282 
-0.728575 1.53938 
-0.529699 2.43815 
-0.257761 3.00062 
0.8 -0.8 
0.667586 -1.84828 
0.443092 -2.64162 
0.157481 -3.0706 
-0.149851 -3.07605 
-0.436514 -2.65721 
-0.662969 -1.87187 
-0.797979 -0.828335 
-0.822923 0.329452 
-0.734361 1.4418 
-0.544507 2.35527 
-0.279549 2.94389 
0.8 -0.7 
0.677241 -1.75517 
0.46107 -2.56825 
0.181303 -3.02709 
-0.123471 -3.0684 
-0.411215 -2.68648 
-0.64224 -1.93401 
-0.78468 -0.914783 
-0.818888 0.230622 
-0.740146 1.34422 
-0.559315 2.2724 
-0.301337 2.88715 
0.8 -0.6 
0.686897 -1.66207 
0.479049 -2.49489 
0.205125 -2.98358 
-0.0970914 -3.06075 
-0.385916 -2.71574 
-0.621511 -1.99615 
-0.77138 -1.00123 
-0.814852 0.131792 
-0.745931 1.24664 
-0.574122 2.18953 
-0.323125 2.83042 
0.8 -0.5 
0.696552 -1.56897 
0.497027 -2.42152 
0.228947 -2.94008 
-0.0707114 -3.0531 
-0.360617 -2.74501 
-0.600782 -2.0583 
-0.758081 -1.08768 
-0.810817 0.0329618 
-0.751716 1.14906 
-0.58893 2.10666 
-0.344912 2.77369 
0.8 -0.4 
0.706207 -1.47586 
0.515006 -2.34816 
0.25277 -2.89657 
-0.0443313 -3.04545 
-0.335318 -2.77427 
-0.580053 -2.12044 
-0.744782 -1.17413 
-0.806781 -0.0658682 
-0.757501 1.05148 
-0.603738 2.02379 
-0.3667 2.71696 
0.8 -0.3 
0.715862 -1.38276 
0.532985 -2.27479 
0.276592 -2.85306 
-0.0179513 -3.0378 
-0.310019 -2.80354 
-0.559325 -2.18258 
-0.731482 -1.26058 
-0.802746 -0.164698 
-0.763286 0.953896 
-0.618545 1.94092 
-0.388488 2.66023 
0.8 -0.2 
0.725517 -1.28966 
0.550963 -2.20143 
0.300414 -2.80955 
0.00842867 -3.03016 
-0.284719 -2.8328 
-0.538596 -2.24472 
-0.718183 -1.34702 
-0.798711 -0.263528 
-0.769071 0.856316 
-0.633353 1.85805 
-0.410276 2.6035 
0.8 -0.1 
0.735172 -1.19655 
0.568942 -2.12806 
0.324236 -2.76605 
0.0348087 -3.02251 
-0.25942 -2.86207 
-0.517867 -2.30687 
-0.704884 -1.43347 
-0.794675 -0.362358 
-0.774856 0.758736 
-0.648161 1.77518 
-0.432064 2.54677 
0.8 -1.38778e-16 
0.744828 -1.10345 
0.58692 -2.0547 
0.348059 -2.72254 
0.0611887 -3.01486 
-0.234121 -2.89134 
-0.497138 -2.36901 
-0.691584 -1.51992 
-0.79064 -0.461188 
-0.780641 0.661156 
-0.662968 1.69231 
-0.453851 2.49003 
0.8 0.1 
0.754483 -1.01034 
0.604899 -1.98133 
0.371881 -2.67903 
0.0875687 -3.00721 
-0.208822 -2.9206 
-0.476409 -2.43115 
-0.678285 -1.60637 
-0.786604 -0.560018 
-0.786427 0.563576 
-0.677776 1.60943 
-0.475639 2.4333 
0.8 0.2 
0.764138 -0.917241 
0.622878 -1.90797 
0.395703 -2.63552 
0.113949 -2.99956 
-0.183523 -2.94987 
-0.45568 -2.49329 
-0.664986 -1.69282 
-0.782569 -0.658848 
-0.792212 0.465995 
-0.692584 1.52656 
-0.497427 2.37657 
0.8 0.3 
0.773793 -0.824138 
0.640856 -1.8346 
0.419525 -2.59202 
0.140329 -2.99191 
-0.158223 -2.97913 
-0.434952 -2.55543 
-0.651687 -1.77926 
-0.778534 -0.757678 
-0.797997 0.368415 
-0.707391 1.44369 
-0.519215 2.31984 
0.8 0.4 
0.783448 -0.731034 
0.658835 -1.76124 
0.443347 -2.54851 
0.166709 -2.98426 
-0.132924 -3.0084 
-0.414223 -2.61758 
-0.638387 -1.86571 
-0.774498 -0.856508 
-0.803782 0.270835 
-0.722199 1.36082 
-0.541003 2.26311 
0.8 0.5 
0.793103 -0.637931 
0.676813 -1.68787 
0.46717 -2.505 
0.193089 -2.97662 
-0.107625 -3.03766 
-0.393494 -2.67972 
-0.625088 -1.95216 
-0.770463 -0.955338 
-0.809567 0.173255 
-0.737007 1.27795 
-0.56279 2.20638 
0.8 0.6 
0.802759 -0.544828 
0.694792 -1.61451 
0.490992 -2.46149 
0.219469 -2.96897 
-0.0823259 -3.06693 
-0.372765 -2.74186 
-0.611789 -2.03861 
-0.766427 -1.05417 
-0.815352 0.0756746 
-0.751814 1.19508 
-0.584578 2.14965 
0.8 0.7 
0.812414 -0.451724 
0.712771 -1.54114 
0.514814 -2.41799 
0.245849 -2.96132 
-0.0570267 -3.09619 
-0.352036 -2.804 
-0.598489 -2.12506 
-0.762392 -1.153 
-0.821137 -0.0219056 
-0.766622 1.11221 
-0.606366 2.09291 
0.8 0.8 
0.822069 -0.358621 
0.730749 -1.46778 
0.538636 -2.37448 
0.272229 -2.95367 
-0.0317275 -3.12546 
-0.331308 -2.86615 
-0.58519 -2.2115 
-0.758357 -1.25183 
-0.826922 -0.119486 
-0.78143 1.02934 
-0.628154 2.03618 
0.8 0.9 
0.831724 -0.265517 
0.748728 -1.39441 
0.562458 -2.33097 
0.298609 -2.94602 
-0.00642833 -3.15472 
-0.310579 -2.92829 
-0.571891 -2.29795 
-0.754321 -1.35066 
-0.832707 -0.217066 
-0.796237 0.946466 
-0.649942 1.97945 
0.8 1 
0.841379 -0.172414 
0.766706 -1.32105 
0.586281 -2.28747 
0.324989 -2.93837 
0.0188708 -3.18399 
-0.28985 -2.99043 
-0.558591 -2.3844 
-0.750286 -1.44949 
-0.838493 -0.314646 
-0.811045 0.863595 
-0.671729 1.92272 
0.9 -1 
0.741379 -2.17241 
0.480499 -3.04518 
0.153344 -3.49793 
-0.194963 -3.4682 
-0.516378 -2.9601 
-0.766569 -2.04371 
-0.911026 -0.845429 
-0.929824 0.469463 
-0.820371 1.7196 
-0.597763 2.73255 
-0.292705 3.3686 
0.9 -0.9 
0.751034 -2.07931 
0.498478 -2.97182 
0.177166 -3.45442 
-0.168583 -3.46055 
-0.491079 -2.98937 
-0.74584 -2.10585 
-0.897726 -0.931877 
-0.925788 0.370633 
-0.826156 1.62202 
-0.61257 2.64968 
-0.314493 3.31187 
0.9 -0.8 
0.76069 -1.98621 
0.516457 -2.89845 
0.200988 -3.41091 
-0.142203 -3.4529 
-0.46578 -3.01863 
-0.725111 -2.168 
-0.884427 -1.01833 
-0.921753 0.271803 
-0.831941 1.52444 
-0.627378 2.56681 
-0.33628 3.25514 
0.9 -0.7 
0.770345 -1.8931 
0.534435 -2.82509 
0.22481 -3.36741 
-0.115823 -3.44526 
-0.44048 -3.0479 
-0.704382 -2.23014 
-0.871128 -1.10477 
-0.917718 0.172973 
-0.837726 1.42686 
-0.642186 2.48394 
-0.358068 3.19841 
0.9 -0.6 
0.78 -1.8 
0.552414 -2.75172 
0.248633 -3.3239 
-0.0894428 -3.43761 
-0.415181 -3.07716 
-0.683653 -2.29228 
-0.857828 -1.19122 
-0.913682 0.0741433 
-0.843511 1.32928 
-0.656993 2.40107 
-0.379856 3.14168 
0.9 -0.5 
0.789655 -1.7069 
0.570392 -2.67836 
0.272455 -3.28039 
-0.0630628 -3.42996 
-0.389882 -3.10643 
-0.662924 -2.35442 
-0.844529 -1.27767 
-0.909647 -0.0246867 
-0.849296 1.2317 
-0.671801 2.3182 
-0.401644 3.08495 
0.9 -0.4 
0.79931 -1.61379 
0.588371 -2.60499 
0.296277 -3.23689 
-0.0366828 -3.42231 
-0.364583 -3.13569 
-0.642196 -2.41656 
-0.83123 -1.36412 
-0.905611 -0.123517 
-0.855081 1.13412 
-0.686609 2.23533 
-0.423432 3.02821 
0.9 -0.3 
0.808966 -1.52069 
0.60635 -2.53163 
0.320099 -3.19338 
-0.0103028 -3.41466 
-0.339284 -3.16496 
-0.621467 -2.47871 
-0.81793 -1.45057 
-0.901576 -0.222347 
-0.860866 1.03654 
-0.701416 2.15246 
-0.445219 2.97148 
0.9 -0.2 
0.818621 -1.42759 
0.624328 -2.45826 
0.343921 -3.14987 
0.0160773 -3.40701 
-0.313984 -3.19422 
-0.600738 -2.54085 
-0.804631 -1.53701 
-0.897541 -0.321177 
-0.866651 0.938961 
-0.716224 2.06959 
-0.467007 2.91475 
0.9 -0.1 
0.828276 -1.33448 
0.642307 -2.3849 
0.367744 -3.10636 
0.0424573 -3.39936 
-0.288685 -3.22349 
-0.580009 -2.60299 
-0.791332 -1.62346 
-0.893505 -0.420007 
-0.872437 0.84138 
-0.731032 1.98671 
-0.488795 2.85802 
0.9 -1.38778e-16 
0.837931 -1.24138 
0.660285 -2.31153 
0.391566 -3.06286 
0.0688373 -3.39172 
-0.263386 -3.25275 
-0.55928 -2.66513 
-0.778033 -1.70991 
-0.88947 -0.518837 
-0.878222 0.7438 
-0.745839 1.90384 
-0.510583 2.80129 
0.9 0.1 
0.847586 -1.14828 
0.678264 -2.23817 
0.415388 -3.01935 
0.0952173 -3.38407 
-0.238087 -3.28202 
-0.538552 -2.72728 
-0.764733 -1.79636 
-0.885434 -0.617667 
-0.884007 0.64622 
-0.760647 1.82097 
-0.532371 2.74456 
0.9 0.2 
0.857241 -1.05517 
0.696243 -2.1648 
0.43921 -2.97584 
0.121597 -3.37642 
-0.212788 -3.31128 
-0.517823 -2.78942 
-0.751434 -1.88281 
-0.881399 -0.716497 
-0.889792 0.54864 
-0.775455 1.7381 
-0.554158 2.68783 
0.9 0.3 
0.866897 -0.962069 
0.714221 -2.09144 
0.463033 -2.93233 
0.147977 -3.36877 
-0.187489 -3.34055 
-0.497094 -2.85156 
-0.738135 -1.96925 
-0.877364 -0.815327 
-0.895577 0.45106 
-0.790262 1.65523 
-0.575946 2.63109 
0.9 0.4 
0.876552 -0.868966 
0.7322 -2.01807 
0.486855 -2.88883 
0.174357 -3.36112 
-0.162189 -3.36981 
-0.476365 -2.9137 
-0.724835 -2.0557 
-0.873328 -0.914157 
-0.901362 0.353479 
-0.80507 1.57236 
-0.597734 2.57436 
0.9 0.5 
0.886207 -0.775862 
0.750178 -1.94471 
0.510677 -2.84532 
0.200737 -3.35347 
-0.13689 -3.39908 
-0.455636 -2.97584 
-0.711536 -2.14215 
-0.869293 -1.01299 
-0.907147 0.255899 
-0.819878 1.48949 
-0.619522 2.51763 
0.9 0.6 
0.895862 -0.682759 
0.768157 -1.87134 
0.534499 -2.80181 
0.227117 -3.34582 
-0.111591 -3.42834 
-0.434907 -3.03799 
-0.698237 -2.2286 
-0.865257 -1.11182 
-0.912932 0.158319 
-0.834686 1.40662 
-0.64131 2.4609 
0.9 0.7 
0.905517 -0.589655 
0.786136 -1.79798 
0.558321 -2.7583 
0.253497 -3.33818 
-0.0862918 -3.45761 
-0.414179 -3.10013 
-0.684937 -2.31505 
-0.861222 -1.21065 
-0.918717 0.0607389 
-0.849493 1.32375 
-0.663097 2.40417 
0.9 0.8 
0.915172 -0.496552 
0.804114 -1.72461 
0.582144 -2.7148 
0.279877 -3.33053 
-0.0609926 -3.48687 
-0.39345 -3.16227 
-0.671638 -2.40149 
-0.857187 -1.30948 
-0.924503 -0.0368413 
-0.864301 1.24088 
-0.684885 2.34744 
0.9 0.9 
0.924828 -0.403448 
0.822093 -1.65125 
0.605966 -2.67129 
0.306257 -3.32288 
-0.0356935 -3.51614 
-0.372721 -3.22441 
-0.658339 -2.48794 
-0.853151 -1.40831 
-0.930288 -0.134421 
-0.879109 1.158 
-0.706673 2.29071 
0.9 1 
0.934483 -0.310345 
0.840071 -1.57788 
0.629788 -2.62778 
0.332637 -3.31523 
-0.0103943 -3.5454 
-0.351992 -3.28656 
-0.64504 -2.57439 
-0.849116 -1.50714 
-0.936073 -0.232002 
-0.893916 1.07513 
-0.728461 2.23397 
1 -1 
0.834483 -2.31034 
0.553864 -3.30202 
0.196851 -3.83825 
-0.187314 -3.84506 
-0.545643 -3.32152 
-0.828711 -2.33984 
-0.997474 -1.03542 
-1.02865 0.411815 
-0.917951 1.80225 
-0.680634 2.94409 
-0.349436 3.67986 
1 -0.9 
0.844138 -2.21724 
0.571843 -3.22866 
0.220673 -3.79474 
-0.160934 -3.83741 
-0.520344 -3.35078 
-0.807982 -2.40198 
-0.984174 -1.12187 
-1.02462 0.312985 
-0.923736 1.70467 
-0.695441 2.86122 
-0.371224 3.62313 
1 -0.8 
0.853793 -2.12414 
0.589822 -3.15529 
0.244495 -3.75123 
-0.134554 -3.82976 
-0.495045 -3.38005 
-0.787253 -2.46412 
-0.970875 -1.20832 
-1.02058 0.214155 
-0.929521 1.60709 
-0.710249 2.77835 
-0.393012 3.56639 
1 -0.7 
0.863448 -2.03103 
0.6078 -3.08193 
0.268318 -3.70772 
-0.108174 -3.82211 
-0.469746 -3.40931 
-0.766524 -2.52626 
-0.957576 -1.29476 
-1.01655 0.115325 
-0.935306 1.50951 
-0.725057 2.69548 
-0.4148 3.50966 
1 -0.6 
0.873103 -1.93793 
0.625779 -3.00856 
0.29214 -3.66422 
-0.0817942 -3.81446 
-0.444446 -3.43858 
-0.745796 -2.58841 
-0.944276 -1.38121 
-1.01251 0.0164948 
-0.941091 1.41193 
-0.739864 2.61261 
-0.436587 3.45293 
1 -0.5 
0.882759 -1.84483 
0.643757 -2.9352 
0.315962 -3.62071 
-0.0554142 -3.80682 
-0.419147 -3.46784 
-0.725067 -2.65055 
-0.930977 -1.46766 
-1.00848 -0.0823352 
-0.946876 1.31435 
-0.754672 2.52974 
-0.458375 3.3962 
1 -0.4 
0.892414 -1.75172 
0.661736 -2.86183 
0.339784 -3.5772 
-0.0290342 -3.79917 
-0.393848 -3.49711 
-0.704338 -2.71269 
-0.917678 -1.55411 
-1.00444 -0.181165 
-0.952661 1.21677 
-0.76948 2.44687 
-0.480163 3.33947 
1 -0.3 
0.902069 -1.65862 
0.679715 -2.78847 
0.363607 -3.5337 
-0.00265416 -3.79152 
-0.368549 -3.52637 
-0.683609 -2.77483 
-0.904378 -1.64056 
-1.00041 -0.279995 
-0.958447 1.11919 
-0.784287 2.364 
-0.501951 3.28274 
1 -0.2 
0.911724 -1.56552 
0.697693 -2.7151 
0.387429 -3.49019 
0.0237258 -3.78387 
-0.34325 -3.55564 
-0.66288 -2.83697 
-0.891079 -1.727 
-0.996371 -0.378825 
-0.964232 1.02161 
-0.799095 2.28112 
-0.523739 3.22601 
1 -0.1 
0.921379 -1.47241 
0.715672 -2.64174 
0.411251 -3.44668 
0.0501059 -3.77622 
-0.31795 -3.5849 
-0.642151 -2.89912 
-0.87778 -1.81345 
-0.992335 -0.477655 
-0.970017 0.924025 
-0.813903 2.19825 
-0.545526 3.16927 
1 -1.38778e-16 
0.931034 -1.37931 
0.73365 -2.56837 
0.435073 -3.40317 
0.0764859 -3.76857 
-0.292651 -3.61417 
-0.621423 -2.96126 
-0.864481 -1.8999 
-0.9883 -0.576485 
-0.975802 0.826445 
-0.828711 2.11538 
-0.567314 3.11254 
1 0.1 
0.94069 -1.28621 
0.751629 -2.49501 
0.458895 -3.35967 
0.102866 -3.76092 
-0.267352 -3.64343 
-0.600694 -3.0234 
-0.851181 -1.98635 
-0.984264 -0.675315 
-0.981587 0.728864 
-0.843518 2.03251 
-0.589102 3.05581 
1 0.2 
0.950345 -1.1931 
0.769608 -2.42164 
0.482718 -3.31616 
0.129246 -3.75328 
-0.242053 -3.6727 
-0.579965 -3.08554 
-0.837882 -2.0728 
-0.980229 -0.774145 
-0.987372 0.631284 
-0.858326 1.94964 
-0.61089 2.99908 
1 0.3 
0.96 -1.1 
0.787586 -2.34828 
0.50654 -3.27265 
0.155626 -3.74563 
-0.216754 -3.70196 
-0.559236 -3.14769 
-0.824583 -2.15924 
-0.976194 -0.872975 
-0.993157 0.533704 
-0.873134 1.86677 
-0.632678 2.94235 
1 0.4 
0.969655 -1.0069 
0.805565 -2.27491 
0.530362 -3.22914 
0.182006 -3.73798 
-0.191454 -3.73123 
-0.538507 -3.20983 
-0.811283 -2.24569 
-0.972158 -0.971805 
-0.998942 0.436124 
-0.887941 1.7839 
-0.654465 2.88562 
1 0.5 
0.97931 -0.913793 
0.823543 -2.20155 
0.554184 -3.18564 
0.208386 -3.73033 
-0.166155 -3.76049 
-0.517779 -3.27197 
-0.797984 -2.33214 
-0.968123 -1.07064 
-1.00473 0.338544 
-0.902749 1.70103 
-0.676253 2.82889 
1 0.6 
0.988966 -0.82069 
0.841522 -2.12818 
0.578006 -3.14213 
0.234766 -3.72268 
-0.140856 -3.78976 
-0.49705 -3.33411 
-0.784685 -2.41859 
-0.964087 -1.16947 
-1.01051 0.240964 
-0.917557 1.61816 
-0.698041 2.77215 
1 0.7 
0.998621 -0.727586 
0.859501 -2.05482 
0.601829 -3.09862 
0.261146 -3.71503 
-0.115557 -3.81902 
-0.476321 -3.39625 
-0.771385 -2.50504 
-0.960052 -1.2683 
-1.0163 0.143383 
-0.932364 1.53528 
-0.719829 2.71542 
1 0.8 
1.00828 -0.634483 
0.877479 -1.98145 
0.625651 -3.05512 
0.287526 -3.70738 
-0.0902578 -3.84829 
-0.455592 -3.4584 
-0.758086 -2.59148 
-0.956017 -1.36712 
-1.02208 0.0458032 
-0.947172 1.45241 
-0.741617 2.65869 
1 0.9 
1.01793 -0.541379 
0.895458 -1.90809 
0.649473 -3.01161 
0.313906 -3.69974 
-0.0649586 -3.87756 
-0.434863 -3.52054 
-0.744787 -2.67793 
-0.951981 -1.46595 
-1.02787 -0.051777 
-0.96198 1.36954 
-0.763404 2.60196 
1 1 
1.02759 -0.448276 
0.913436 -1.83472 
0.673295 -2.9681 
0.340286 -3.69209 
-0.0396594 -3.90682 
-0.414135 -3.58268 
-0.731488 -2.76438 
-0.947946 -1.56478 
-1.03365 -0.149357 
-0.976787 1.28667 
-0.785192 2.54523 
