-11 -11 
-10.9803 -11.0373 
-10.9604 -11.0748 
-10.9404 -11.1123 
-10.9201 -11.1501 
-10.8997 -11.188 
-10.8791 -11.226 
-10.8584 -11.2642 
-10.8374 -11.3025 
-10.8163 -11.3409 
-10.795 -11.3796 
-10.7735 -11.4183 
-10.7518 -11.4572 
-10.73 -11.4963 
-10.7079 -11.5355 
-10.6856 -11.5749 
-10.6632 -11.6145 
-10.6406 -11.6542 
-10.6177 -11.694 
-10.5947 -11.734 
-10.5715 -11.7742 
-10.5481 -11.8145 
-10.5245 -11.855 
-10.5006 -11.8957 
-10.4766 -11.9365 
-10.4524 -11.9775 
-10.4279 -12.0187 
-10.4033 -12.06 
-10.3784 -12.1015 
-10.3534 -12.1432 
-10.3281 -12.185 
-10.3026 -12.227 
-10.2769 -12.2692 
-10.2509 -12.3116 
-10.2248 -12.3541 
-10.1984 -12.3969 
-10.1718 -12.4398 
-10.145 -12.4829 
-10.118 -12.5261 
-10.0907 -12.5696 
-10.0632 -12.6132 
-10.0354 -12.6571 
-10.0075 -12.7011 
-9.97925 -12.7453 
-9.95081 -12.7897 
-9.92213 -12.8343 
-9.8932 -12.8791 
-9.86403 -12.9241 
-9.83462 -12.9693 
-9.80496 -13.0147 
-9.77505 -13.0602 
-9.74489 -13.106 
-9.71448 -13.152 
-9.68381 -13.1982 
-9.65288 -13.2446 
-9.6217 -13.2913 
-9.59025 -13.3381 
-9.55855 -13.3851 
-9.52657 -13.4324 
-9.49433 -13.4799 
-9.46182 -13.5276 
-9.42904 -13.5755 
-9.39598 -13.6236 
-9.36264 -13.672 
-9.32903 -13.7205 
-9.29514 -13.7694 
-9.26096 -13.8184 
-9.2265 -13.8677 
-9.19175 -13.9172 
-9.1567 -13.9669 
-9.12137 -14.0169 
-9.08574 -14.0671 
-9.04981 -14.1175 
-9.01359 -14.1682 
-8.97705 -14.2192 
-8.94022 -14.2703 
-8.90307 -14.3218 
-8.86562 -14.3735 
-8.82785 -14.4254 
-8.78977 -14.4776 
-8.75137 -14.53 
-8.71264 -14.5827 
-8.67359 -14.6357 
-8.63422 -14.6889 
-8.59451 -14.7424 
-8.55448 -14.7962 
-8.51411 -14.8503 
-8.47339 -14.9046 
-8.43234 -14.9592 
-8.39095 -15.014 
-8.3492 -15.0692 
-8.30711 -15.1246 
-8.26466 -15.1803 
-8.22186 -15.2363 
-8.17869 -15.2926 
-8.13516 -15.3492 
-8.09127 -15.4061 
-8.04701 -15.4633 
-8.00237 -15.5208 
-7.95736 -15.5786 
-7.91197 -15.6367 
-7.8662 -15.6951 
-7.82003 -15.7538 
-7.77348 -15.8129 
-7.72654 -15.8722 
-7.6792 -15.9319 
-7.63146 -15.9919 
-7.58331 -16.0522 
-7.53475 -16.1129 
-7.48579 -16.1739 
-7.4364 -16.2352 
-7.3866 -16.2969 
-7.33638 -16.3589 
-7.28572 -16.4213 
-7.23464 -16.484 
-7.18312 -16.547 
-7.13116 -16.6105 
-7.07875 -16.6742 
-7.0259 -16.7384 
-6.9726 -16.8029 
-6.91883 -16.8678 
-6.86461 -16.9331 
-6.80992 -16.9987 
-6.75477 -17.0647 
-6.69913 -17.1311 
-6.64302 -17.1979 
-6.58642 -17.2651 
-6.52934 -17.3327 
-6.47176 -17.4007 
-6.41369 -17.4691 
-6.35511 -17.5379 
-6.29602 -17.6071 
-6.23642 -17.6767 
-6.1763 -17.7468 
-6.11566 -17.8173 
-6.05448 -17.8882 
-5.99278 -17.9596 
-5.93053 -18.0313 
-5.86774 -18.1036 
-5.8044 -18.1763 
-5.74051 -18.2494 
-5.67605 -18.323 
-5.61102 -18.3971 
-5.54542 -18.4716 
-5.47924 -18.5466 
-5.41248 -18.6221 
-5.34512 -18.6981 
-5.27717 -18.7745 
-5.20861 -18.8515 
-5.13944 -18.929 
-5.06966 -19.0069 
-4.99925 -19.0854 
-4.92821 -19.1644 
-4.85654 -19.2439 
-4.78422 -19.3239 
-4.71125 -19.4045 
-4.63762 -19.4856 
-4.56333 -19.5673 
-4.48837 -19.6495 
-4.41273 -19.7322 
-4.3364 -19.8156 
-4.25938 -19.8995 
-4.18165 -19.984 
-4.10322 -20.069 
-4.02407 -20.1547 
-3.94419 -20.241 
-3.86358 -20.3278 
-3.78223 -20.4153 
-3.70013 -20.5034 
-3.61726 -20.5921 
-3.53363 -20.6815 
-3.44923 -20.7715 
-3.36404 -20.8621 
-3.27805 -20.9534 
-3.19127 -21.0454 
-3.10366 -21.138 
-3.01524 -21.2313 
-2.92599 -21.3254 
-2.83589 -21.4201 
-2.74494 -21.5155 
-2.65313 -21.6116 
-2.56045 -21.7085 
-2.46688 -21.8061 
-2.37243 -21.9044 
-2.27707 -22.0035 
-2.18079 -22.1033 
-2.08359 -22.2039 
-1.98545 -22.3053 
-1.88636 -22.4075 
-1.78631 -22.5105 
-1.6853 -22.6143 
-1.58329 -22.7189 
-1.48029 -22.8244 
-1.37628 -22.9307 
-1.27125 -23.0378 
-1.16518 -23.1459 
-1.05807 -23.2548 
-0.949894 -23.3645 
-0.840644 -23.4752 
-0.730305 -23.5868 
-0.618864 -23.6993 
-0.506306 -23.8128 
-0.392616 -23.9272 
-0.277779 -24.0426 
-0.161781 -24.1589 
-0.044606 -24.2763 
0.0737617 -24.3946 
0.193338 -24.514 
0.314139 -24.6344 
0.436181 -24.7558 
0.559482 -24.8783 
0.684058 -25.0019 
0.809927 -25.1266 
0.937106 -25.2524 
1.06561 -25.3793 
1.19547 -25.5073 
1.32669 -25.6365 
1.4593 -25.7669 
1.59331 -25.8984 
1.72874 -26.0312 
1.86562 -26.1652 
2.00397 -26.3005 
2.1438 -26.437 
2.28514 -26.5748 
2.42801 -26.7139 
2.57243 -26.8543 
2.71843 -26.9961 
2.86603 -27.1392 
3.01525 -27.2837 
3.16611 -27.4296 
3.31865 -27.5769 
3.47288 -27.7257 
3.62884 -27.876 
3.78654 -28.0278 
3.94602 -28.1811 
4.1073 -28.3359 
4.27041 -28.4923 
4.43538 -28.6503 
4.60224 -28.8099 
4.77102 -28.9712 
4.94175 -29.1341 
5.11445 -29.2988 
5.28917 -29.4652 
5.46593 -29.6333 
5.64477 -29.8033 
5.82572 -29.975 
6.00881 -30.1486 
6.19409 -30.3241 
6.38158 -30.5016 
6.57133 -30.6809 
6.76336 -30.8623 
6.95774 -31.0457 
7.15448 -31.2311 
7.35363 -31.4187 
7.55523 -31.6083 
7.75933 -31.8002 
7.96597 -31.9942 
8.1752 -32.1905 
8.38705 -32.3891 
8.60158 -32.59 
8.81883 -32.7933 
9.03886 -32.999 
9.2617 -33.2072 
9.48743 -33.4179 
9.71608 -33.6312 
9.94771 -33.8471 
10.1824 -34.0657 
10.4201 -34.2869 
10.6611 -34.511 
10.9052 -34.7378 
11.1526 -34.9676 
11.4033 -35.2002 
11.6575 -35.4359 
11.9151 -35.6746 
12.1762 -35.9165 
12.441 -36.1615 
12.7094 -36.4098 
12.9816 -36.6614 
13.2576 -36.9164 
13.5375 -37.1749 
13.8214 -37.4369 
14.1094 -37.7025 
14.4015 -37.9718 
14.6979 -38.2449 
14.9986 -38.5218 
15.3037 -38.8026 
15.6134 -39.0875 
15.9276 -39.3765 
16.2466 -39.6697 
16.5704 -39.9672 
16.8991 -40.2692 
17.2329 -40.5756 
17.5718 -40.8866 
17.916 -41.2024 
18.2655 -41.523 
18.6206 -41.8485 
18.9813 -42.1791 
19.3478 -42.5149 
19.7202 -42.856 
20.0987 -43.2026 
20.4833 -43.5548 
20.8743 -43.9126 
21.2718 -44.2764 
21.676 -44.6461 
22.087 -45.0221 
22.505 -45.4044 
22.9301 -45.7932 
23.3627 -46.1886 
23.8027 -46.5909 
24.2506 -47.0003 
24.7064 -47.4169 
25.1703 -47.8409 
25.6427 -48.2725 
26.1236 -48.712 
26.6134 -49.1596 
27.1123 -49.6154 
27.6205 -50.0798 
28.1383 -50.553 
28.666 -51.0352 
29.2039 -51.5267 
29.7522 -52.0279 
30.3113 -52.5389 
30.8815 -53.06 
31.4631 -53.5917 
32.0564 -54.1342 
32.6619 -54.6878 
33.2799 -55.253 
33.9108 -55.8301 
34.5549 -56.4194 
35.2128 -57.0214 
35.8848 -57.6365 
36.5715 -58.2651 
37.2732 -58.9077 
37.9906 -59.5648 
38.7241 -60.2369 
39.4743 -60.9245 
40.2418 -61.6282 
41.0272 -62.3485 
41.8311 -63.086 
42.6542 -63.8414 
43.4971 -64.6154 
44.3607 -65.4086 
45.2457 -66.2219 
46.1529 -67.0558 
47.0831 -67.9114 
48.0373 -68.7894 
49.0163 -69.6907 
50.0213 -70.6164 
51.0532 -71.5673 
52.1131 -72.5447 
53.2023 -73.5495 
54.322 -74.5831 
55.4734 -75.6466 
56.658 -76.7413 
57.8772 -77.8688 
59.1326 -79.0305 
60.4258 -80.228 
61.7586 -81.463 
63.133 -82.7373 
64.5507 -84.0529 
66.0141 -85.4117 
67.5254 -86.816 
69.0869 -88.2681 
70.7012 -89.7705 
72.3712 -91.3259 
74.0998 -92.9373 
75.8902 -94.6075 
77.7458 -96.3401 
79.6703 -98.1385 
81.6676 -100.007 
83.742 -101.949 
85.8982 -103.969 
88.1412 -106.072 
90.4763 -108.265 
92.9095 -110.551 
95.4471 -112.938 
98.0962 -115.432 
100.864 -118.041 
103.76 -120.772 
106.792 -123.636 
109.971 -126.641 
113.307 -129.799 
116.813 -133.12 
120.503 -136.62 
124.391 -140.312 
128.494 -144.212 
132.83 -148.34 
137.421 -152.714 
142.29 -157.359 
147.464 -162.3 
152.971 -167.567 
158.847 -173.193 
165.129 -179.216 
171.862 -185.679 
179.098 -192.634 
186.895 -200.138 
195.322 -208.259 
204.461 -217.078 
214.405 -226.687 
225.269 -237.198 
237.187 -248.746 
250.322 -261.491 
264.875 -275.631 
281.089 -291.408 
299.271 -309.125 
319.806 -329.164 
343.188 -352.015 
370.061 -378.317 
401.28 -408.919 
438.006 -444.972 
481.857 -488.086 
535.158 -540.573 
601.383 -605.888 
685.968 -689.442 
797.947 -800.233 
953.592 -954.476 
1185.76 -1184.93 
1573.85 -1570.81 
2390.86 -2384.65 
12442.3 -12424.2 
6072 -6039.06 
8724.1 -8679.31 
10361.4 -10301.3 
92502.4 -92359.9 
-1.46847e+07 9.7773e+06 
1.00186e+10 -8.35309e+09 
-5 5 
-4.99721 4.9892 
-4.99444 4.97843 
-4.99168 4.96768 
-4.98895 4.95696 
-4.98624 4.94626 
-4.98355 4.93558 
-4.98088 4.92493 
-4.97823 4.9143 
-4.9756 4.9037 
-4.97298 4.89312 
-4.97039 4.88257 
-4.96782 4.87204 
-4.96527 4.86153 
-4.96273 4.85104 
-4.96022 4.84058 
-4.95772 4.83015 
-4.95525 4.81973 
-4.95279 4.80934 
-4.95035 4.79897 
-4.94793 4.78863 
-4.94553 4.77831 
-4.94315 4.76801 
-4.94079 4.75773 
-4.93845 4.74747 
-4.93612 4.73724 
-4.93381 4.72703 
-4.93152 4.71684 
-4.92925 4.70667 
-4.927 4.69653 
-4.92477 4.6864 
-4.92255 4.6763 
-4.92035 4.66622 
-4.91818 4.65616 
-4.91601 4.64613 
-4.91387 4.63611 
-4.91174 4.62612 
-4.90963 4.61614 
-4.90754 4.60619 
-4.90547 4.59626 
-4.90341 4.58635 
-4.90137 4.57646 
-4.89935 4.56659 
-4.89735 4.55674 
-4.89536 4.54691 
-4.89339 4.5371 
-4.89144 4.52731 
-4.8895 4.51754 
-4.88758 4.50779 
-4.88568 4.49806 
-4.88379 4.48835 
-4.88192 4.47866 
-4.88007 4.46899 
-4.87824 4.45934 
-4.87642 4.44971 
-4.87461 4.4401 
-4.87283 4.43051 
-4.87106 4.42094 
-4.8693 4.41138 
-4.86756 4.40185 
-4.86584 4.39233 
-4.86414 4.38283 
-4.86245 4.37335 
-4.86077 4.36389 
-4.85911 4.35445 
-4.85747 4.34503 
-4.85584 4.33562 
-4.85423 4.32624 
-4.85264 4.31687 
-4.85106 4.30752 
-4.84949 4.29818 
-4.84795 4.28887 
-4.84641 4.27957 
-4.84489 4.27029 
-4.84339 4.26103 
-4.8419 4.25179 
-4.84043 4.24256 
-4.83897 4.23335 
-4.83753 4.22416 
-4.8361 4.21499 
-4.83469 4.20583 
-4.83329 4.19669 
-4.83191 4.18757 
-4.83054 4.17846 
-4.82919 4.16937 
-4.82785 4.1603 
-4.82652 4.15124 
-4.82521 4.1422 
-4.82392 4.13318 
-4.82264 4.12417 
-4.82137 4.11519 
-4.82012 4.10621 
-4.81888 4.09725 
-4.81765 4.08831 
-4.81644 4.07939 
-4.81525 4.07048 
-4.81407 4.06159 
-4.8129 4.05271 
-4.81174 4.04385 
-4.8106 4.035 
-4.80948 4.02617 
-4.80837 4.01736 
-4.80727 4.00856 
-4.80618 3.99978 
-4.80511 3.99101 
-4.80405 3.98225 
-4.80301 3.97352 
-4.80198 3.96479 
-4.80096 3.95609 
-4.79996 3.94739 
-4.79896 3.93872 
-4.79799 3.93005 
-4.79702 3.92141 
-4.79607 3.91277 
-4.79513 3.90415 
-4.79421 3.89555 
-4.7933 3.88696 
-4.7924 3.87839 
-4.79151 3.86983 
-4.79064 3.86128 
-4.78978 3.85275 
-4.78893 3.84423 
-4.7881 3.83572 
-4.78728 3.82724 
-4.78647 3.81876 
-4.78567 3.8103 
-4.78489 3.80185 
-4.78412 3.79342 
-4.78336 3.78499 
-4.78261 3.77659 
-4.78188 3.76819 
-4.78115 3.75981 
-4.78044 3.75145 
-4.77975 3.7431 
-4.77906 3.73476 
-4.77839 3.72643 
-4.77773 3.71812 
-4.77708 3.70982 
-4.77645 3.70153 
-4.77582 3.69326 
-4.77521 3.685 
-4.77461 3.67675 
-4.77402 3.66851 
-4.77344 3.66029 
-4.77288 3.65208 
-4.77233 3.64388 
-4.77178 3.6357 
-4.77125 3.62753 
-4.77074 3.61937 
-4.77023 3.61122 
-4.76973 3.60309 
-4.76925 3.59497 
-4.76878 3.58686 
-4.76832 3.57876 
-4.76787 3.57067 
-4.76743 3.5626 
-4.76701 3.55454 
-4.76659 3.54649 
-4.76619 3.53845 
-4.7658 3.53042 
-4.76541 3.52241 
-4.76504 3.51441 
-4.76469 3.50642 
-4.76434 3.49844 
-4.764 3.49047 
-4.76367 3.48252 
-4.76336 3.47457 
-4.76306 3.46664 
-4.76276 3.45872 
-4.76248 3.45081 
-4.76221 3.44291 
-4.76195 3.43502 
-4.7617 3.42714 
-4.76146 3.41928 
-4.76123 3.41143 
-4.76101 3.40358 
-4.7608 3.39575 
-4.76061 3.38793 
-4.76042 3.38012 
-4.76025 3.37232 
-4.76008 3.36453 
-4.75993 3.35675 
-4.75978 3.34898 
-4.75965 3.34122 
-4.75952 3.33348 
-4.75941 3.32574 
-4.75931 3.31801 
-4.75921 3.3103 
-4.75913 3.30259 
-4.75906 3.2949 
-4.75899 3.28721 
-4.75894 3.27954 
-4.7589 3.27188 
-4.75887 3.26422 
-4.75884 3.25658 
-4.75883 3.24894 
-4.75883 3.24132 
-4.75884 3.2337 
-4.75885 3.2261 
-4.75888 3.2185 
-4.75892 3.21092 
-4.75896 3.20334 
-4.75902 3.19578 
-4.75909 3.18822 
-4.75916 3.18067 
-4.75925 3.17314 
-4.75934 3.16561 
-4.75945 3.15809 
-4.75956 3.15058 
-4.75968 3.14308 
-4.75982 3.13559 
-4.75996 3.12811 
-4.76011 3.12064 
-4.76027 3.11318 
-4.76044 3.10572 
-4.76062 3.09828 
-4.76081 3.09084 
-4.76101 3.08342 
-4.76122 3.076 
-4.76143 3.06859 
-4.76166 3.06119 
-4.7619 3.0538 
-4.76214 3.04642 
-4.76239 3.03904 
-4.76266 3.03168 
-4.76293 3.02432 
-4.76321 3.01697 
-4.7635 3.00963 
-4.7638 3.0023 
-4.7641 2.99498 
-4.76442 2.98767 
-4.76475 2.98036 
-4.76508 2.97306 
-4.76542 2.96577 
-4.76577 2.95849 
-4.76614 2.95122 
-4.7665 2.94396 
-4.76688 2.9367 
-4.76727 2.92945 
-4.76766 2.92221 
-4.76807 2.91498 
-4.76848 2.90776 
-4.7689 2.90054 
-4.76933 2.89333 
-4.76977 2.88613 
-4.77022 2.87894 
-4.77067 2.87175 
-4.77113 2.86457 
-4.77161 2.8574 
-4.77209 2.85024 
-4.77258 2.84309 
-4.77307 2.83594 
-4.77358 2.8288 
-4.77409 2.82167 
-4.77461 2.81454 
-4.77514 2.80743 
-4.77568 2.80032 
-4.77623 2.79321 
-4.77678 2.78612 
-4.77735 2.77903 
-4.77792 2.77195 
-4.7785 2.76488 
-4.77908 2.75781 
-4.77968 2.75075 
-4.78028 2.7437 
-4.78089 2.73665 
-4.78151 2.72961 
-4.78214 2.72258 
-4.78277 2.71556 
-4.78342 2.70854 
-4.78407 2.70153 
-4.78473 2.69452 
-4.78539 2.68753 
-4.78607 2.68054 
-4.78675 2.67355 
-4.78744 2.66657 
-4.78814 2.6596 
-4.78884 2.65264 
-4.78955 2.64568 
-4.79027 2.63873 
-4.791 2.63179 
-4.79174 2.62485 
-4.79248 2.61792 
-4.79323 2.61099 
-4.79399 2.60407 
-4.79476 2.59716 
-4.79553 2.59025 
-4.79631 2.58335 
-4.7971 2.57646 
-4.79789 2.56957 
-4.7987 2.56269 
-4.79951 2.55581 
-4.80033 2.54894 
-4.80115 2.54208 
-4.80198 2.53522 
-4.80282 2.52837 
-4.80367 2.52152 
-4.80452 2.51468 
-4.80539 2.50785 
-4.80625 2.50102 
-4.80713 2.4942 
-4.80801 2.48738 
-4.8089 2.48057 
-4.8098 2.47377 
-4.81071 2.46697 
-4.81162 2.46017 
-4.81254 2.45338 
-4.81346 2.4466 
-4.81439 2.43982 
-4.81533 2.43305 
-4.81628 2.42629 
-4.81723 2.41952 
-4.81819 2.41277 
-4.81916 2.40602 
-4.82014 2.39927 
-4.82112 2.39253 
-4.82211 2.3858 
-4.8231 2.37907 
-4.8241 2.37235 
-4.82511 2.36563 
-4.82613 2.35891 
-4.82715 2.35221 
-4.82818 2.3455 
-4.82921 2.3388 
-4.83025 2.33211 
-4.8313 2.32542 
-4.83236 2.31874 
-4.83342 2.31206 
-4.83449 2.30539 
-4.83556 2.29872 
-4.83665 2.29206 
-4.83773 2.2854 
-4.83883 2.27874 
-4.83993 2.27209 
-4.84104 2.26545 
-4.84215 2.25881 
-4.84327 2.25217 
-4.8444 2.24554 
-4.84553 2.23892 
-4.84667 2.23229 
-4.84782 2.22568 
-4.84897 2.21907 
-4.85013 2.21246 
-4.8513 2.20585 
-4.85247 2.19925 
-4.85365 2.19266 
-4.85483 2.18607 
-4.85602 2.17948 
-4.85722 2.1729 
-4.85842 2.16632 
-4.85963 2.15975 
-4.86085 2.15318 
-4.86207 2.14662 
-4.86329 2.14006 
-4.86453 2.1335 
-4.86577 2.12695 
-4.86701 2.1204 
-4.86827 2.11386 
-4.86952 2.10732 
-4.87079 2.10078 
-4.87206 2.09425 
-4.87333 2.08772 
-4.87461 2.0812 
-4.8759 2.07467 
-4.8772 2.06816 
-4.8785 2.06165 
-4.8798 2.05514 
-4.88111 2.04863 
-4.88243 2.04213 
-4.88375 2.03563 
-4.88508 2.02914 
-4.88642 2.02265 
-4.88776 2.01616 
-4.8891 2.00968 
-4.89046 2.0032 
-4.89181 1.99672 
-4.89318 1.99025 
-4.89455 1.98378 
-4.89592 1.97732 
-4.8973 1.97086 
-4.89869 1.9644 
-4.90008 1.95794 
-4.90148 1.95149 
-4.90288 1.94504 
-4.90429 1.9386 
-4.9057 1.93216 
-4.90712 1.92572 
-4.90855 1.91928 
-4.90998 1.91285 
-4.91142 1.90642 
-4.91286 1.9 
-4.91431 1.89357 
-4.91576 1.88716 
-4.91722 1.88074 
-4.91868 1.87433 
-4.92015 1.86792 
-4.92162 1.86151 
-4.9231 1.85511 
-4.92459 1.8487 
-4.92608 1.84231 
-4.92757 1.83591 
-4.92908 1.82952 
-4.93058 1.82313 
-4.93209 1.81674 
-4.93361 1.81036 
-4.93513 1.80398 
-4.93666 1.7976 
-4.93819 1.79123 
-4.93973 1.78485 
-4.94127 1.77848 
-4.94282 1.77212 
-4.94437 1.76575 
-4.94593 1.75939 
-4.9475 1.75303 
-4.94906 1.74667 
-4.95064 1.74032 
-4.95222 1.73397 
-4.9538 1.72762 
-4.95539 1.72127 
-4.95698 1.71493 
-4.95858 1.70859 
-4.96019 1.70225 
-4.96179 1.69591 
-4.96341 1.68958 
-4.96503 1.68324 
-4.96665 1.67691 
-4.96828 1.67059 
-4.96991 1.66426 
-4.97155 1.65794 
-4.97319 1.65162 
-4.97484 1.6453 
-4.97649 1.63898 
-4.97815 1.63267 
-4.97981 1.62636 
-4.98148 1.62005 
-4.98315 1.61374 
-4.98483 1.60743 
-4.98651 1.60113 
-4.98819 1.59483 
-4.98988 1.58853 
-4.99158 1.58223 
-4.99328 1.57593 
-4.99498 1.56964 
-4.99669 1.56335 
-4.99841 1.55706 
-5.00013 1.55077 
-5.00185 1.54448 
-5.00358 1.5382 
-5.00531 1.53191 
-5.00705 1.52563 
-5.00879 1.51935 
-5.01053 1.51308 
-5.01228 1.5068 
-5.01404 1.50053 
-5.0158 1.49425 
-5.01756 1.48798 
-5.01933 1.48171 
-5.0211 1.47544 
-5.02288 1.46918 
-5.02466 1.46291 
-5.02645 1.45665 
-5.02824 1.45039 
-5.03003 1.44413 
-5.03183 1.43787 
-5.03363 1.43161 
-5.03544 1.42536 
-5.03725 1.4191 
-5.03907 1.41285 
-5.04089 1.4066 
-5.04271 1.40035 
-5.04454 1.3941 
-5.04638 1.38785 
-5.04821 1.3816 
-5.05005 1.37536 
-5.0519 1.36912 
-5.05375 1.36287 
-5.0556 1.35663 
-5.05746 1.35039 
-5.05932 1.34415 
-5.06119 1.33791 
-5.06306 1.33168 
-5.06493 1.32544 
-5.06681 1.3192 
-5.0687 1.31297 
-5.07058 1.30674 
-5.07247 1.30051 
-5.07437 1.29427 
-5.07627 1.28804 
-5.07817 1.28182 
-5.08008 1.27559 
-5.08199 1.26936 
-5.0839 1.26313 
-5.08582 1.25691 
-5.08774 1.25068 
-5.08967 1.24446 
-5.0916 1.23824 
-5.09353 1.23201 
-5.09547 1.22579 
-5.09741 1.21957 
-5.09936 1.21335 
-5.1013 1.20713 
-5.10326 1.20091 
-5.10521 1.19469 
-5.10717 1.18848 
-5.10914 1.18226 
-5.11111 1.17604 
-5.11308 1.16983 
-5.11505 1.16361 
-5.11703 1.1574 
-5.11902 1.15118 
-5.121 1.14497 
-5.12299 1.13876 
-5.12499 1.13254 
-5.12698 1.12633 
-5.12898 1.12012 
-5.13099 1.11391 
-5.133 1.10769 
-5.13501 1.10148 
-5.13702 1.09527 
-5.13904 1.08906 
-5.14106 1.08285 
-5.14309 1.07664 
-5.14512 1.07043 
-5.14715 1.06422 
-5.14919 1.05801 
-5.15123 1.05181 
-5.15327 1.0456 
-5.15532 1.03939 
-5.15737 1.03318 
-5.15942 1.02697 
-5.16148 1.02076 
-5.16354 1.01455 
-5.1656 1.00835 
-5.16767 1.00214 
-5.16974 0.995929 
-5.17181 0.989721 
-5.17389 0.983513 
-5.17597 0.977304 
-5.17805 0.971096 
-5.18013 0.964887 
-5.18222 0.958679 
-5.18432 0.95247 
-5.18641 0.946261 
-5.18851 0.940052 
-5.19061 0.933843 
-5.19272 0.927633 
-5.19483 0.921423 
-5.19694 0.915214 
-5.19906 0.909003 
-5.20117 0.902793 
-5.20329 0.896582 
-5.20542 0.890371 
-5.20755 0.88416 
-5.20968 0.877948 
-5.21181 0.871736 
-5.21395 0.865523 
-5.21609 0.85931 
-5.21823 0.853097 
-5.22037 0.846883 
-5.22252 0.840668 
-5.22467 0.834454 
-5.22683 0.828238 
-5.22898 0.822022 
-5.23114 0.815806 
-5.23331 0.809589 
-5.23547 0.803371 
-5.23764 0.797153 
-5.23981 0.790934 
-5.24199 0.784715 
-5.24416 0.778495 
-5.24634 0.772274 
-5.24853 0.766053 
-5.25071 0.75983 
-5.2529 0.753608 
-5.25509 0.747384 
