-13 -13 
-12.9714 -13.0494 
-12.9426 -13.0989 
-12.9135 -13.1488 
-12.8841 -13.1988 
-12.8545 -13.2491 
-12.8245 -13.2996 
-12.7943 -13.3503 
-12.7638 -13.4013 
-12.733 -13.4525 
-12.7019 -13.5039 
-12.6706 -13.5556 
-12.6389 -13.6075 
-12.607 -13.6597 
-12.5747 -13.7121 
-12.5421 -13.7648 
-12.5093 -13.8177 
-12.4761 -13.8709 
-12.4426 -13.9243 
-12.4088 -13.978 
-12.3747 -14.032 
-12.3403 -14.0862 
-12.3056 -14.1407 
-12.2705 -14.1954 
-12.2351 -14.2504 
-12.1994 -14.3057 
-12.1633 -14.3613 
-12.1269 -14.4171 
-12.0902 -14.4732 
-12.0532 -14.5296 
-12.0157 -14.5863 
-11.978 -14.6433 
-11.9399 -14.7006 
-11.9014 -14.7581 
-11.8626 -14.816 
-11.8234 -14.8741 
-11.7839 -14.9326 
-11.744 -14.9913 
-11.7037 -15.0504 
-11.663 -15.1097 
-11.622 -15.1694 
-11.5806 -15.2294 
-11.5388 -15.2897 
-11.4967 -15.3503 
-11.4541 -15.4112 
-11.4111 -15.4725 
-11.3678 -15.5341 
-11.324 -15.5961 
-11.2798 -15.6583 
-11.2353 -15.7209 
-11.1903 -15.7839 
-11.1449 -15.8472 
-11.0991 -15.9108 
-11.0528 -15.9748 
-11.0061 -16.0391 
-10.959 -16.1038 
-10.9115 -16.1689 
-10.8635 -16.2343 
-10.815 -16.3001 
-10.7661 -16.3663 
-10.7168 -16.4328 
-10.667 -16.4998 
-10.6167 -16.5671 
-10.566 -16.6348 
-10.5148 -16.7029 
-10.4631 -16.7713 
-10.4109 -16.8402 
-10.3583 -16.9095 
-10.3052 -16.9792 
-10.2515 -17.0493 
-10.1974 -17.1198 
-10.1427 -17.1907 
-10.0876 -17.2621 
-10.0319 -17.3339 
-9.97569 -17.4061 
-9.91897 -17.4788 
-9.86171 -17.5519 
-9.80391 -17.6254 
-9.74557 -17.6994 
-9.68668 -17.7739 
-9.62723 -17.8488 
-9.56723 -17.9242 
-9.50665 -18 
-9.44551 -18.0763 
-9.38378 -18.1531 
-9.32147 -18.2304 
-9.25857 -18.3082 
-9.19507 -18.3865 
-9.13097 -18.4652 
-9.06626 -18.5445 
-9.00093 -18.6243 
-8.93498 -18.7046 
-8.8684 -18.7855 
-8.80118 -18.8669 
-8.73332 -18.9488 
-8.66481 -19.0312 
-8.59563 -19.1142 
-8.5258 -19.1977 
-8.45529 -19.2818 
-8.3841 -19.3665 
-8.31223 -19.4518 
-8.23965 -19.5376 
-8.16638 -19.624 
-8.0924 -19.711 
-8.01769 -19.7986 
-7.94226 -19.8868 
-7.8661 -19.9757 
-7.78919 -20.0651 
-7.71152 -20.1552 
-7.6331 -20.2459 
-7.55391 -20.3372 
-7.47394 -20.4292 
-7.39318 -20.5219 
-7.31163 -20.6152 
-7.22927 -20.7092 
-7.14609 -20.8039 
-7.06209 -20.8993 
-6.97726 -20.9954 
-6.89158 -21.0922 
-6.80504 -21.1897 
-6.71764 -21.2879 
-6.62936 -21.3869 
-6.5402 -21.4866 
-6.45014 -21.587 
-6.35918 -21.6883 
-6.26729 -21.7903 
-6.17447 -21.893 
-6.08071 -21.9966 
-5.986 -22.101 
-5.89033 -22.2062 
-5.79367 -22.3122 
-5.69603 -22.419 
-5.59738 -22.5267 
-5.49772 -22.6353 
-5.39703 -22.7447 
-5.2953 -22.855 
-5.19251 -22.9662 
-5.08866 -23.0782 
-4.98373 -23.1912 
-4.8777 -23.3052 
-4.77056 -23.42 
-4.66229 -23.5359 
-4.55289 -23.6526 
-4.44233 -23.7704 
-4.3306 -23.8892 
-4.21768 -24.0089 
-4.10357 -24.1297 
-3.98823 -24.2515 
-3.87166 -24.3744 
-3.75384 -24.4983 
-3.63475 -24.6233 
-3.51438 -24.7494 
-3.3927 -24.8766 
-3.2697 -25.005 
-3.14536 -25.1344 
-3.01966 -25.2651 
-2.89258 -25.3969 
-2.76411 -25.5299 
-2.63422 -25.6641 
-2.50289 -25.7995 
-2.3701 -25.9362 
-2.23583 -26.0742 
-2.10006 -26.2134 
-1.96277 -26.354 
-1.82393 -26.4958 
-1.68352 -26.6391 
-1.54153 -26.7836 
-1.39791 -26.9296 
-1.25266 -27.077 
-1.10575 -27.2258 
-0.957141 -27.376 
-0.806821 -27.5278 
-0.654759 -27.681 
-0.50093 -27.8358 
-0.345305 -27.9921 
-0.187857 -28.1499 
-0.0285563 -28.3094 
0.132625 -28.4705 
0.295717 -28.6333 
0.460751 -28.7977 
0.627756 -28.9638 
0.796766 -29.1317 
0.967812 -29.3013 
1.14093 -29.4728 
1.31615 -29.646 
1.49351 -29.8211 
1.67304 -29.9981 
1.85478 -30.177 
2.03877 -30.3579 
2.22504 -30.5408 
2.41364 -30.7256 
2.6046 -30.9126 
2.79796 -31.1016 
2.99377 -31.2928 
3.19207 -31.4861 
3.39289 -31.6817 
3.5963 -31.8795 
3.80232 -32.0796 
4.01102 -32.282 
4.22243 -32.4868 
4.43661 -32.6941 
4.6536 -32.9038 
4.87345 -33.116 
5.09623 -33.3308 
5.32199 -33.5482 
5.55077 -33.7683 
5.78263 -33.9911 
6.01765 -34.2167 
6.25586 -34.4451 
6.49735 -34.6763 
6.74216 -34.9105 
6.99037 -35.1477 
7.24203 -35.388 
7.49722 -35.6314 
7.75602 -35.878 
8.01848 -36.1278 
8.28468 -36.381 
8.55471 -36.6375 
8.82863 -36.8975 
9.10654 -37.161 
9.3885 -37.4282 
9.67461 -37.699 
9.96495 -37.9736 
10.2596 -38.2521 
10.5587 -38.5345 
10.8623 -38.8209 
11.1705 -39.1115 
11.4834 -39.4063 
11.8011 -39.7053 
12.1237 -40.0088 
12.4514 -40.3168 
12.7842 -40.6294 
13.1222 -40.9467 
13.4656 -41.2688 
13.8146 -41.5959 
14.1692 -41.9281 
14.5295 -42.2654 
14.8957 -42.6081 
15.268 -42.9562 
15.6465 -43.3099 
16.0313 -43.6693 
16.4225 -44.0346 
16.8205 -44.406 
17.2252 -44.7834 
17.637 -45.1673 
18.0559 -45.5576 
18.4822 -45.9546 
18.916 -46.3585 
19.3575 -46.7694 
19.807 -47.1875 
20.2646 -47.613 
20.7307 -48.0462 
21.2053 -48.4872 
21.6887 -48.9363 
22.1812 -49.3937 
22.6831 -49.8596 
23.1945 -50.3343 
23.7158 -50.8181 
24.2473 -51.3111 
24.7892 -51.8138 
25.3418 -52.3263 
25.9055 -52.8489 
26.4807 -53.3821 
27.0675 -53.9261 
27.6665 -54.4812 
28.2779 -55.0479 
28.9022 -55.6264 
29.5398 -56.2172 
30.1911 -56.8207 
30.8566 -57.4372 
31.5366 -58.0673 
32.2317 -58.7114 
32.9425 -59.3699 
33.6693 -60.0434 
34.4128 -60.7324 
35.1736 -61.4375 
35.9523 -62.1591 
36.7494 -62.898 
37.5657 -63.6548 
38.4018 -64.4301 
39.2586 -65.2247 
40.1367 -66.0392 
41.0369 -66.8745 
41.9602 -67.7313 
42.9074 -68.6106 
43.8795 -69.5131 
44.8775 -70.44 
45.9023 -71.3921 
46.9552 -72.3706 
48.0372 -73.3766 
49.1497 -74.4112 
50.2939 -75.4758 
51.4712 -76.5716 
52.6831 -77.7001 
53.9311 -78.8628 
55.2169 -80.0612 
56.5423 -81.2971 
57.9091 -82.5722 
59.3193 -83.8885 
60.775 -85.2481 
62.2786 -86.6531 
63.8323 -88.1058 
65.4388 -89.6088 
67.1008 -91.1647 
68.8214 -92.7764 
70.6036 -94.447 
72.4509 -96.1797 
74.367 -97.9783 
76.3559 -99.8464 
78.4217 -101.788 
80.5692 -103.808 
82.8032 -105.912 
85.1293 -108.103 
87.5533 -110.389 
90.0815 -112.775 
92.721 -115.268 
95.4793 -117.876 
98.3648 -120.606 
101.387 -123.468 
104.555 -126.471 
107.88 -129.626 
111.375 -132.946 
115.053 -136.442 
118.929 -140.13 
123.019 -144.027 
127.342 -148.15 
131.92 -152.52 
136.774 -157.159 
141.932 -162.094 
147.423 -167.353 
153.282 -172.971 
159.546 -178.985 
166.26 -185.438 
173.475 -192.38 
181.249 -199.87 
189.652 -207.976 
198.763 -216.776 
208.677 -226.364 
219.507 -236.852 
231.388 -248.371 
244.481 -261.084 
258.985 -275.184 
275.144 -290.915 
293.261 -308.577 
313.719 -328.549 
337.009 -351.318 
363.77 -377.518 
394.85 -407.991 
431.4 -443.879 
475.023 -486.776 
528.02 -538.97 
593.826 -603.877 
677.805 -686.838 
788.86 -796.719 
942.983 -949.454 
1172.34 -1177.12 
1554.19 -1556.78 
2350.23 -2349.7 
4682.59 -4676.43 
7837.44 -7821.25 
-16334.6 16344 
-1447.44 1442.57 
-1116.42 1109.5 
-911.917 903.37 
-772.37 762.474 
-670.883 659.831 
-593.692 581.628 
-532.986 520.019 
-483.989 470.208 
-443.613 429.089 
-409.77 394.563 
-380.998 365.157 
-356.239 339.809 
-334.714 317.73 
-315.83 298.326 
-299.133 281.136 
-284.266 265.802 
-270.947 252.038 
-258.947 239.614 
-248.083 228.343 
-238.201 218.072 
-229.175 208.672 
-220.901 200.038 
-213.29 192.079 
-206.265 184.718 
-199.764 177.891 
-193.729 171.542 
-188.115 165.621 
-182.878 160.088 
-177.983 154.904 
-173.398 150.038 
-169.096 145.461 
-165.051 141.148 
-161.241 137.077 
-157.647 133.228 
-154.252 129.583 
-151.04 126.127 
-147.997 122.845 
-145.111 119.723 
-142.369 116.752 
-139.763 113.919 
-137.281 111.215 
-134.916 108.633 
-132.661 106.163 
-130.507 103.798 
-128.449 101.533 
-126.48 99.3595 
-124.595 97.2735 
-122.789 95.2694 
-121.057 93.3425 
-119.395 91.4883 
-117.8 89.7027 
-116.267 87.982 
-114.792 86.3227 
-113.374 84.7214 
-112.008 83.1753 
-110.692 81.6814 
-109.424 80.2371 
-108.202 78.8399 
-107.022 77.4876 
-105.883 76.178 
-104.782 74.9091 
-103.719 73.679 
-102.691 72.4859 
-101.697 71.3281 
-100.735 70.2041 
-99.8042 69.1123 
-98.9025 68.0515 
-98.0289 67.0202 
-97.1823 66.0173 
-96.3615 65.0415 
-95.5655 64.0918 
-94.7932 63.1671 
-94.0437 62.2664 
-93.3161 61.3887 
-92.6095 60.5332 
-91.9231 59.699 
-91.2561 58.8854 
-90.6078 58.0915 
-89.9775 57.3165 
-89.3646 56.56 
-88.7683 55.821 
-88.1881 55.0992 
-87.6235 54.3937 
-87.0738 53.7041 
-86.5385 53.0298 
-86.0172 52.3704 
-85.5094 51.7252 
-85.0146 51.0938 
-84.5324 50.4759 
-84.0624 49.8708 
-83.6041 49.2783 
-83.1572 48.6978 
-82.7214 48.1292 
-82.2962 47.5718 
-81.8814 47.0255 
-81.4766 46.4899 
-81.0815 45.9647 
-80.6958 45.4494 
-80.3193 44.944 
-79.9516 44.4479 
-79.5925 43.9611 
-79.2418 43.4832 
-78.8992 43.0139 
-78.5645 42.5531 
-78.2374 42.1004 
-77.9177 41.6557 
-77.6053 41.2188 
-77.2999 40.7893 
-77.0013 40.3672 
-76.7094 39.9522 
-76.424 39.5441 
-76.1448 39.1428 
-75.8718 38.748 
-75.6047 38.3597 
-75.3435 37.9775 
-75.0879 37.6015 
-74.8378 37.2313 
-74.5931 36.867 
-74.3537 36.5083 
-74.1193 36.155 
-73.89 35.8071 
-73.6655 35.4645 
-73.4457 35.1269 
-73.2306 34.7943 
-73.02 34.4666 
-72.8137 34.1436 
-72.6118 33.8252 
-72.4141 33.5114 
-72.2205 33.2019 
-72.0309 32.8968 
-71.8452 32.5959 
-71.6634 32.2991 
-71.4853 32.0064 
-71.3108 31.7176 
-71.1399 31.4326 
-70.9725 31.1514 
-70.8086 30.8739 
-70.648 30.6 
-70.4906 30.3297 
-70.3364 30.0627 
-70.1854 29.7992 
-70.0375 29.5389 
-69.8925 29.2819 
-69.7505 29.0281 
-69.6113 28.7773 
-69.475 28.5296 
-69.3415 28.2849 
-69.2106 28.0431 
-69.0824 27.8041 
-68.9567 27.5679 
-68.8337 27.3345 
-68.7131 27.1038 
-68.5949 26.8757 
-68.4792 26.6501 
-68.3658 26.4272 
-68.2547 26.2066 
-68.1458 25.9886 
-68.0392 25.7729 
-67.9347 25.5595 
-67.8324 25.3485 
-67.7321 25.1397 
-67.6339 24.9331 
-67.5378 24.7287 
-67.4436 24.5264 
-67.3513 24.3261 
-67.2609 24.128 
-67.1725 23.9318 
-67.0858 23.7377 
-67.0009 23.5454 
-66.9179 23.3551 
-66.8365 23.1667 
-66.7569 22.98 
-66.6789 22.7952 
-66.6026 22.6122 
-66.5279 22.4309 
-66.4548 22.2513 
-66.3833 22.0734 
-66.3133 21.8971 
-66.2448 21.7225 
-66.1778 21.5494 
-66.1122 21.3779 
-66.0481 21.208 
-65.9854 21.0395 
-65.9241 20.8726 
-65.8641 20.7071 
-65.8055 20.5431 
-65.7483 20.3804 
-65.6923 20.2192 
-65.6376 20.0593 
-65.5841 19.9008 
-65.5319 19.7436 
-65.4809 19.5877 
-65.4311 19.433 
-65.3825 19.2796 
-65.335 19.1275 
-65.2887 18.9766 
-65.2435 18.8269 
-65.1994 18.6783 
-65.1564 18.5309 
-65.1145 18.3847 
-65.0736 18.2395 
-65.0338 18.0955 
-64.995 17.9526 
-64.9572 17.8107 
-64.9204 17.6699 
-64.8845 17.5301 
-64.8497 17.3914 
-64.8158 17.2536 
-64.7828 17.1169 
-64.7507 16.9811 
-64.7196 16.8462 
-64.6893 16.7124 
-64.6599 16.5794 
-64.6314 16.4474 
-64.6038 16.3162 
-64.577 16.1859 
-64.551 16.0566 
-64.5258 15.928 
-64.5015 15.8004 
-64.4779 15.6735 
-64.4551 15.5475 
-64.4331 15.4223 
-64.4119 15.2979 
-64.3914 15.1742 
-64.3717 15.0514 
-64.3526 14.9293 
-64.3343 14.8079 
-64.3168 14.6873 
-64.2999 14.5674 
-64.2837 14.4482 
-64.2682 14.3298 
-64.2533 14.212 
-64.2391 14.0949 
-64.2256 13.9785 
-64.2127 13.8628 
-64.2005 13.7477 
-64.1889 13.6333 
-64.1779 13.5195 
-64.1675 13.4063 
-64.1577 13.2938 
-64.1485 13.1818 
-64.1399 13.0705 
-64.1318 12.9597 
-64.1244 12.8496 
-64.1175 12.74 
-64.1111 12.6309 
-64.1053 12.5225 
-64.1001 12.4145 
-64.0953 12.3072 
-64.0912 12.2003 
-64.0875 12.094 
-64.0843 11.9882 
-64.0816 11.8829 
-64.0795 11.7781 
-64.0778 11.6738 
-64.0766 11.57 
-64.0759 11.4666 
-64.0757 11.3638 
-64.0759 11.2614 
-64.0766 11.1595 
-64.0778 11.058 
-64.0794 10.957 
-64.0814 10.8564 
-64.0839 10.7562 
-64.0868 10.6565 
-64.0901 10.5572 
-64.0939 10.4583 
-64.0981 10.3598 
-64.1027 10.2617 
-64.1076 10.164 
-64.113 10.0667 
-64.1188 9.96984 
-64.125 9.87331 
-64.1315 9.77715 
-64.1384 9.68136 
-64.1458 9.58593 
-64.1534 9.49086 
-64.1615 9.39614 
-64.1699 9.30177 
-64.1786 9.20773 
-64.1877 9.11404 
-64.1971 9.02067 
-64.2069 8.92762 
-64.217 8.8349 
-64.2275 8.74249 
-64.2383 8.6504 
-64.2494 8.5586 
-64.2608 8.46711 
-64.2725 8.37592 
-64.2846 8.28501 
-64.2969 8.19439 
-64.3096 8.10406 
-64.3225 8.014 
-64.3358 7.92421 
-64.3493 7.83469 
-64.3631 7.74544 
-64.3772 7.65644 
-64.3916 7.5677 
-64.4062 7.47922 
-64.4212 7.39098 
-64.4364 7.30298 
-64.4518 7.21522 
-64.4675 7.12769 
-64.4835 7.0404 
-64.4997 6.95333 
-64.5162 6.86648 
-64.5329 6.77985 
-64.5499 6.69344 
-64.5671 6.60724 
-64.5845 6.52124 
-64.6021 6.43545 
-64.62 6.34986 
-64.6381 6.26446 
-64.6565 6.17926 
-64.675 6.09424 
-64.6938 6.00941 
-64.7128 5.92476 
-64.732 5.84029 
-64.7514 5.75599 
-64.771 5.67186 
-64.7907 5.5879 
-64.8107 5.5041 
-64.8309 5.42047 
-64.8513 5.33699 
-64.8718 5.25366 
-64.8926 5.17049 
-64.9135 5.08746 
-64.9346 5.00458 
-64.9559 4.92183 
-64.9773 4.83922 
-64.9989 4.75675 
-65.0207 4.67441 
-65.0426 4.5922 
-65.0647 4.51011 
-65.087 4.42814 
-65.1094 4.34629 
-65.132 4.26455 
-65.1547 4.18293 
-65.1775 4.10142 
-65.2006 4.02001 
-65.2237 3.93871 
-65.247 3.85751 
-65.2704 3.7764 
-65.2939 3.69539 
-65.3176 3.61447 
-65.3414 3.53364 
-65.3653 3.45289 
-65.3894 3.37223 
-65.4135 3.29165 
-65.4378 3.21114 
-65.4622 3.13071 
-65.4867 3.05035 
-65.5113 2.97006 
-65.536 2.88983 
-65.5609 2.80967 
-65.5858 2.72957 
-65.6108 2.64952 
-65.6359 2.56953 
-65.6611 2.48959 
-65.6864 2.4097 
-65.7118 2.32986 
-65.7373 2.25006 
-65.7628 2.17031 
-65.7884 2.09059 
-65.8141 2.01091 
-65.8399 1.93126 
-65.8658 1.85164 
-65.8917 1.77205 
-65.9177 1.69248 
-65.9437 1.61294 
-65.9698 1.53341 
-65.996 1.45391 
-66.0222 1.37442 
-66.0485 1.29494 
-66.0749 1.21547 
-66.1012 1.13601 
-66.1277 1.05655 
-66.1542 0.977096 
-66.1807 0.897639 
-66.2072 0.818179 
-66.2338 0.738714 
-66.2604 0.65924 
-66.2871 0.579755 
-66.3138 0.500256 
-66.3405 0.420741 
-66.3672 0.341208 
-66.394 0.261653 
-66.4208 0.182074 
-66.4476 0.102469 
-66.4744 0.0228353 
-66.5012 -0.0568301 
-66.528 -0.13653 
-66.5549 -0.216266 
-66.5817 -0.296041 
-66.6086 -0.375858 
-66.6354 -0.455719 
-66.6622 -0.535627 
-66.6891 -0.615584 
-66.7159 -0.695593 
-66.7427 -0.775657 
-66.7695 -0.855778 
-66.7963 -0.935958 
-66.823 -1.0162 
-66.8498 -1.09651 
-66.8765 -1.17688 
-66.9032 -1.25733 
-66.9298 -1.33785 
-66.9565 -1.41844 
-66.983 -1.49911 
-67.0096 -1.57986 
-67.0361 -1.66069 
-67.0626 -1.74161 
-67.089 -1.82262 
-67.1154 -1.90372 
-67.1417 -1.98491 
-67.168 -2.0662 
-67.1942 -2.14758 
-67.2203 -2.22907 
-67.2464 -2.31067 
-67.2724 -2.39236 
-67.2984 -2.47417 
-67.3243 -2.55609 
-67.3501 -2.63813 
-67.3758 -2.72028 
-67.4015 -2.80256 
-67.427 -2.88496 
-67.4525 -2.96748 
-67.4779 -3.05013 
-67.5032 -3.13291 
-67.5285 -3.21583 
-67.5536 -3.29889 
-67.5786 -3.38208 
-67.6035 -3.46542 
-67.6283 -3.5489 
-67.653 -3.63253 
-67.6776 -3.71632 
-67.7021 -3.80025 
-67.7265 -3.88435 
-67.7507 -3.9686 
-67.7748 -4.05302 
-67.7988 -4.1376 
-67.8226 -4.22235 
-67.8464 -4.30728 
-67.8699 -4.39238 
-67.8934 -4.47766 
-67.9167 -4.56311 
-67.9398 -4.64876 
-67.9628 -4.73459 
-67.9857 -4.82061 
-68.0084 -4.90682 
-68.0309 -4.99323 
-68.0533 -5.07984 
-68.0755 -5.16666 
-68.0975 -5.25368 
-68.1193 -5.34091 
-68.141 -5.42835 
-68.1625 -5.51601 
-68.1838 -5.60389 
-68.2049 -5.69199 
-68.2259 -5.78032 
-68.2466 -5.86888 
-68.2671 -5.95767 
-68.2874 -6.04669 
-68.3076 -6.13596 
-68.3275 -6.22547 
-68.3472 -6.31523 
-68.3666 -6.40524 
-68.3859 -6.4955 
-68.4049 -6.58603 
-68.4237 -6.67681 
-68.4422 -6.76786 
-68.4606 -6.85918 
-68.4786 -6.95077 
-68.4964 -7.04264 
-68.514 -7.13478 
-68.5313 -7.22722 
-68.5484 -7.31994 
-68.5652 -7.41295 
-68.5817 -7.50627 
-68.5979 -7.59988 
-68.6139 -7.69379 
-68.6296 -7.78802 
-68.645 -7.88256 
-68.6601 -7.97741 
-68.6749 -8.07259 
-68.6894 -8.16809 
-68.7035 -8.26392 
-68.7174 -8.36009 
-68.731 -8.4566 
-68.7442 -8.55345 
-68.7571 -8.65064 
-68.7697 -8.74819 
-68.782 -8.8461 
-68.7939 -8.94437 
-68.8054 -9.04301 
-68.8166 -9.14201 
-68.8275 -9.2414 
-68.8379 -9.34116 
-68.8481 -9.44131 
-68.8578 -9.54186 
-68.8671 -9.6428 
-68.8761 -9.74414 
-68.8847 -9.84588 
-68.8928 -9.94804 
-68.9006 -10.0506 
-68.908 -10.1536 
-68.9149 -10.257 
-68.9214 -10.3609 
-68.9275 -10.4652 
-68.9332 -10.57 
-68.9384 -10.6751 
-68.9432 -10.7808 
-68.9475 -10.8869 
-68.9513 -10.9935 
-68.9547 -11.1006 
-68.9576 -11.2081 
-68.96 -11.3161 
-68.9619 -11.4246 
-68.9634 -11.5337 
-68.9643 -11.6432 
-68.9647 -11.7532 
-68.9646 -11.8638 
-68.964 -11.9749 
-68.9628 -12.0865 
-68.9611 -12.1986 
-68.9588 -12.3113 
-68.956 -12.4246 
-68.9527 -12.5384 
-68.9487 -12.6528 
-68.9442 -12.7678 
-68.939 -12.8833 
-68.9333 -12.9994 
-68.927 -13.1162 
-68.92 -13.2335 
-68.9124 -13.3515 
-68.9042 -13.4701 
-68.8954 -13.5893 
-68.8858 -13.7091 
-68.8757 -13.8296 
-68.8648 -13.9508 
-68.8533 -14.0726 
-68.8411 -14.1951 
-68.8281 -14.3183 
-68.8145 -14.4421 
-68.8001 -14.5667 
-68.785 -14.692 
-68.7692 -14.818 
-68.7526 -14.9447 
-68.7352 -15.0722 
-68.717 -15.2004 
-68.6981 -15.3294 
-68.6784 -15.4591 
-68.6578 -15.5897 
-68.6364 -15.721 
-68.6142 -15.8531 
-68.5911 -15.9861 
-68.5672 -16.1198 
-68.5424 -16.2544 
-68.5167 -16.3899 
-68.4901 -16.5262 
-68.4626 -16.6634 
-68.4341 -16.8015 
-68.4047 -16.9404 
-68.3744 -17.0803 
-68.3431 -17.2211 
-68.3108 -17.3629 
-68.2775 -17.5055 
-68.2431 -17.6492 
-68.2078 -17.7938 
-68.1714 -17.9394 
-68.1339 -18.0861 
-68.0954 -18.2337 
-68.0557 -18.3824 
-68.015 -18.5321 
-67.9731 -18.6829 
-67.93 -18.8348 
-67.8858 -18.9877 
-67.8404 -19.1418 
-67.7938 -19.297 
-67.746 -19.4534 
-67.6969 -19.6109 
-67.6466 -19.7696 
-67.595 -19.9295 
-67.5421 -20.0907 
-67.4879 -20.253 
-67.4323 -20.4167 
-67.3753 -20.5815 
-67.317 -20.7477 
-67.2573 -20.9152 
-67.1961 -21.0841 
-67.1335 -21.2543 
-67.0694 -21.4258 
-67.0038 -21.5988 
-66.9366 -21.7732 
-66.868 -21.9491 
-66.7977 -22.1264 
-66.7258 -22.3052 
-66.6523 -22.4855 
-66.5771 -22.6674 
-66.5003 -22.8508 
-66.4217 -23.0358 
-66.3414 -23.2224 
-66.2593 -23.4107 
-66.1754 -23.6007 
-66.0896 -23.7923 
-66.002 -23.9857 
-65.9125 -24.1809 
-65.8211 -24.3778 
-65.7277 -24.5766 
-65.6322 -24.7772 
-65.5348 -24.9797 
-65.4353 -25.1841 
-65.3336 -25.3904 
-65.2298 -25.5988 
-65.1239 -25.8091 
-65.0157 -26.0216 
-64.9052 -26.2361 
-64.7924 -26.4527 
-64.6773 -26.6715 
-64.5597 -26.8925 
-64.4398 -27.1158 
-64.3173 -27.3414 
-64.1923 -27.5693 
-64.0648 -27.7995 
-63.9346 -28.0322 
-63.8017 -28.2674 
-63.6661 -28.5051 
-63.5277 -28.7453 
-63.3865 -28.9882 
-63.2424 -29.2337 
-63.0953 -29.4819 
-62.9453 -29.7329 
-62.7921 -29.9867 
-62.6359 -30.2434 
-62.4764 -30.5031 
-62.3137 -30.7657 
-62.1477 -31.0314 
-61.9783 -31.3002 
-61.8054 -31.5722 
-61.629 -31.8474 
