14 14 
14.0446 13.9779 
14.0891 13.9559 
14.1335 13.9341 
14.1777 13.9125 
14.2219 13.8911 
14.266 13.8698 
14.31 13.8487 
14.3538 13.8278 
14.3976 13.8071 
14.4413 13.7865 
14.4849 13.766 
14.5284 13.7458 
14.5718 13.7257 
14.6151 13.7058 
14.6583 13.686 
14.7014 13.6664 
14.7444 13.6469 
14.7874 13.6276 
14.8303 13.6085 
14.873 13.5895 
14.9157 13.5707 
14.9583 13.552 
15.0008 13.5335 
15.0433 13.5151 
15.0856 13.4969 
15.1279 13.4788 
15.1701 13.4609 
15.2122 13.4431 
15.2542 13.4255 
15.2962 13.408 
15.338 13.3906 
15.3798 13.3734 
15.4216 13.3564 
15.4632 13.3395 
15.5048 13.3227 
15.5463 13.306 
15.5877 13.2895 
15.6291 13.2732 
15.6704 13.2569 
15.7116 13.2408 
15.7528 13.2249 
15.7939 13.2091 
15.8349 13.1934 
15.8758 13.1778 
15.9167 13.1624 
15.9575 13.1471 
15.9983 13.1319 
16.039 13.1169 
16.0796 13.1019 
16.1202 13.0872 
16.1607 13.0725 
16.2012 13.058 
16.2416 13.0435 
16.2819 13.0293 
16.3222 13.0151 
16.3624 13.001 
16.4026 12.9871 
16.4427 12.9733 
16.4827 12.9596 
16.5227 12.9461 
16.5627 12.9326 
16.6026 12.9193 
16.6424 12.9061 
16.6822 12.893 
16.7219 12.88 
16.7616 12.8671 
16.8012 12.8544 
16.8408 12.8417 
16.8803 12.8292 
16.9198 12.8168 
16.9593 12.8045 
16.9987 12.7923 
17.038 12.7802 
17.0773 12.7682 
17.1165 12.7563 
17.1558 12.7446 
17.1949 12.7329 
17.234 12.7214 
17.2731 12.7099 
17.3122 12.6986 
17.3511 12.6873 
17.3901 12.6762 
17.429 12.6652 
17.4679 12.6543 
17.5067 12.6434 
17.5455 12.6327 
17.5843 12.6221 
17.623 12.6116 
17.6617 12.6011 
17.7003 12.5908 
17.7389 12.5806 
17.7775 12.5705 
17.816 12.5604 
17.8545 12.5505 
17.893 12.5407 
17.9314 12.5309 
17.9698 12.5213 
18.0082 12.5117 
18.0465 12.5022 
18.0848 12.4929 
18.1231 12.4836 
18.1613 12.4744 
18.1995 12.4653 
18.2377 12.4563 
18.2759 12.4474 
18.314 12.4386 
18.3521 12.4299 
18.3902 12.4212 
18.4282 12.4127 
18.4662 12.4042 
18.5042 12.3958 
18.5421 12.3875 
18.5801 12.3793 
18.618 12.3712 
18.6559 12.3632 
18.6937 12.3552 
18.7316 12.3474 
18.7694 12.3396 
18.8072 12.3319 
18.8449 12.3243 
18.8827 12.3167 
18.9204 12.3093 
18.9581 12.3019 
18.9958 12.2946 
19.0334 12.2874 
19.0711 12.2803 
19.1087 12.2733 
19.1463 12.2663 
19.1838 12.2594 
19.2214 12.2526 
19.259 12.2459 
19.2965 12.2392 
19.334 12.2327 
19.3715 12.2262 
19.4089 12.2198 
19.4464 12.2134 
19.4838 12.2072 
19.5213 12.201 
19.5587 12.1948 
19.5961 12.1888 
19.6335 12.1828 
19.6708 12.1769 
19.7082 12.1711 
19.7455 12.1654 
19.7829 12.1597 
19.8202 12.1541 
19.8575 12.1486 
19.8948 12.1431 
19.932 12.1377 
19.9693 12.1324 
20.0066 12.1272 
20.0438 12.122 
20.0811 12.1169 
20.1183 12.1118 
20.1555 12.1069 
20.1927 12.102 
20.2299 12.0971 
20.2671 12.0924 
20.3043 12.0877 
20.3415 12.0831 
20.3786 12.0785 
20.4158 12.074 
20.453 12.0696 
20.4901 12.0652 
20.5273 12.0609 
20.5644 12.0567 
20.6015 12.0525 
20.6387 12.0484 
20.6758 12.0444 
20.7129 12.0404 
20.75 12.0365 
20.7871 12.0326 
20.8242 12.0289 
20.8613 12.0251 
20.8984 12.0215 
20.9355 12.0179 
20.9726 12.0143 
21.0097 12.0109 
21.0468 12.0075 
21.0839 12.0041 
21.121 12.0008 
21.1581 11.9976 
21.1952 11.9944 
21.2323 11.9913 
21.2694 11.9882 
21.3064 11.9852 
21.3435 11.9823 
21.3806 11.9794 
21.4177 11.9766 
21.4548 11.9739 
21.4919 11.9711 
21.529 11.9685 
21.5661 11.9659 
21.6032 11.9634 
21.6403 11.9609 
21.6774 11.9585 
21.7145 11.9561 
21.7516 11.9538 
21.7888 11.9516 
21.8259 11.9494 
21.863 11.9472 
21.9001 11.9451 
21.9373 11.9431 
21.9744 11.9411 
22.0116 11.9392 
22.0487 11.9373 
22.0859 11.9355 
22.123 11.9338 
22.1602 11.9321 
22.1974 11.9304 
22.2346 11.9288 
22.2718 11.9272 
22.309 11.9257 
22.3462 11.9243 
22.3834 11.9229 
22.4206 11.9215 
22.4579 11.9202 
22.4951 11.919 
22.5324 11.9178 
22.5696 11.9167 
22.6069 11.9156 
22.6442 11.9145 
22.6815 11.9135 
22.7188 11.9126 
22.7561 11.9117 
22.7934 11.9108 
22.8307 11.91 
22.8681 11.9093 
22.9054 11.9086 
22.9428 11.9079 
22.9802 11.9073 
23.0176 11.9068 
23.055 11.9063 
23.0924 11.9058 
23.1298 11.9054 
23.1673 11.905 
23.2047 11.9047 
23.2422 11.9044 
23.2797 11.9042 
23.3172 11.904 
23.3547 11.9039 
23.3922 11.9038 
23.4298 11.9037 
23.4673 11.9037 
23.5049 11.9038 
23.5425 11.9039 
23.5801 11.904 
23.6177 11.9042 
23.6553 11.9044 
23.693 11.9047 
23.7307 11.905 
23.7683 11.9053 
23.806 11.9057 
23.8438 11.9062 
23.8815 11.9066 
23.9193 11.9072 
23.957 11.9077 
23.9948 11.9083 
24.0326 11.909 
24.0704 11.9097 
24.1083 11.9104 
24.1461 11.9112 
24.184 11.912 
24.2219 11.9129 
24.2598 11.9138 
24.2978 11.9147 
24.3357 11.9157 
24.3737 11.9168 
24.4117 11.9178 
24.4497 11.9189 
24.4878 11.9201 
24.5258 11.9213 
24.5639 11.9225 
24.602 11.9238 
24.6402 11.9251 
24.6783 11.9264 
24.7165 11.9278 
24.7547 11.9292 
24.7929 11.9307 
24.8311 11.9322 
24.8694 11.9338 
24.9076 11.9353 
24.946 11.937 
24.9843 11.9386 
25.0226 11.9403 
25.061 11.942 
25.0994 11.9438 
25.1378 11.9456 
25.1763 11.9475 
25.2147 11.9494 
25.2532 11.9513 
25.2917 11.9532 
25.3303 11.9552 
25.3689 11.9573 
25.4075 11.9593 
25.4461 11.9614 
25.4847 11.9636 
25.5234 11.9657 
25.5621 11.968 
25.6008 11.9702 
25.6396 11.9725 
25.6783 11.9748 
25.7171 11.9772 
25.756 11.9796 
25.7948 11.982 
25.8337 11.9844 
25.8726 11.9869 
25.9116 11.9895 
25.9505 11.992 
25.9895 11.9946 
26.0285 11.9973 
26.0676 11.9999 
26.1067 12.0026 
26.1458 12.0054 
26.1849 12.0081 
26.2241 12.0109 
26.2633 12.0138 
26.3025 12.0166 
26.3418 12.0195 
26.3811 12.0225 
26.4204 12.0254 
26.4597 12.0284 
26.4991 12.0315 
26.5385 12.0345 
26.5779 12.0376 
26.6174 12.0408 
26.6569 12.0439 
26.6964 12.0471 
26.736 12.0504 
26.7756 12.0536 
26.8152 12.0569 
26.8549 12.0602 
26.8945 12.0636 
26.9343 12.067 
26.974 12.0704 
27.0138 12.0739 
27.0536 12.0773 
27.0935 12.0808 
27.1333 12.0844 
27.1733 12.088 
27.2132 12.0916 
27.2532 12.0952 
27.2932 12.0989 
27.3333 12.1026 
27.3734 12.1063 
27.4135 12.11 
27.4536 12.1138 
27.4938 12.1176 
27.534 12.1215 
27.5743 12.1253 
27.6146 12.1292 
27.6549 12.1332 
27.6953 12.1371 
27.7357 12.1411 
27.7761 12.1452 
27.8166 12.1492 
27.8571 12.1533 
27.8976 12.1574 
27.9382 12.1615 
27.9788 12.1657 
28.0195 12.1699 
28.0602 12.1741 
28.1009 12.1783 
28.1416 12.1826 
28.1824 12.1869 
28.2233 12.1913 
28.2642 12.1956 
28.3051 12.2 
28.346 12.2044 
28.387 12.2089 
28.428 12.2133 
28.4691 12.2178 
28.5102 12.2224 
28.5513 12.2269 
28.5925 12.2315 
28.6337 12.2361 
28.675 12.2407 
28.7163 12.2454 
28.7576 12.2501 
28.799 12.2548 
28.8404 12.2595 
28.8819 12.2643 
28.9234 12.2691 
28.9649 12.2739 
29.0065 12.2788 
29.0481 12.2836 
29.0898 12.2885 
29.1315 12.2935 
29.1732 12.2984 
29.215 12.3034 
29.2568 12.3084 
29.2987 12.3134 
29.3406 12.3185 
29.3825 12.3235 
29.4245 12.3287 
29.4666 12.3338 
29.5086 12.3389 
29.5508 12.3441 
29.5929 12.3493 
29.6351 12.3545 
29.6774 12.3598 
29.7196 12.3651 
29.762 12.3704 
29.8043 12.3757 
29.8468 12.3811 
29.8892 12.3864 
29.9317 12.3918 
29.9743 12.3973 
30.0169 12.4027 
30.0595 12.4082 
30.1022 12.4137 
30.1449 12.4192 
30.1877 12.4247 
30.2305 12.4303 
30.2734 12.4359 
30.3163 12.4415 
30.3592 12.4471 
30.4022 12.4528 
30.4453 12.4585 
30.4883 12.4642 
30.5315 12.4699 
30.5747 12.4757 
30.6179 12.4815 
30.6611 12.4873 
30.7045 12.4931 
30.7478 12.4989 
30.7912 12.5048 
30.8347 12.5107 
30.8782 12.5166 
30.9218 12.5226 
30.9654 12.5285 
31.009 12.5345 
31.0527 12.5405 
31.0964 12.5465 
31.1402 12.5526 
31.1841 12.5587 
31.2279 12.5647 
31.2719 12.5709 
31.3159 12.577 
31.3599 12.5832 
31.404 12.5893 
31.4481 12.5955 
31.4923 12.6018 
31.5365 12.608 
31.5808 12.6143 
31.6251 12.6206 
31.6695 12.6269 
31.7139 12.6332 
31.7584 12.6396 
31.8029 12.646 
31.8475 12.6523 
31.8921 12.6588 
31.9368 12.6652 
31.9815 12.6717 
32.0263 12.6781 
32.0711 12.6846 
32.116 12.6912 
32.1609 12.6977 
32.2059 12.7043 
32.2509 12.7109 
32.296 12.7175 
32.3412 12.7241 
32.3863 12.7307 
32.4316 12.7374 
32.4769 12.7441 
32.5222 12.7508 
32.5676 12.7575 
32.6131 12.7643 
32.6586 12.771 
32.7041 12.7778 
32.7497 12.7846 
32.7954 12.7915 
32.8411 12.7983 
32.8869 12.8052 
32.9327 12.8121 
32.9786 12.819 
33.0245 12.8259 
33.0705 12.8328 
33.1165 12.8398 
33.1626 12.8468 
33.2088 12.8538 
33.255 12.8608 
33.3012 12.8679 
33.3475 12.8749 
33.3939 12.882 
33.4403 12.8891 
33.4868 12.8962 
33.5333 12.9034 
33.5799 12.9105 
33.6266 12.9177 
33.6733 12.9249 
33.72 12.9321 
33.7668 12.9393 
33.8137 12.9466 
33.8606 12.9539 
33.9076 12.9611 
33.9546 12.9684 
34.0017 12.9758 
34.0489 12.9831 
34.0961 12.9905 
34.1433 12.9979 
34.1907 13.0053 
34.238 13.0127 
34.2855 13.0201 
34.333 13.0276 
34.3805 13.035 
34.4281 13.0425 
34.4758 13.05 
34.5235 13.0576 
34.5713 13.0651 
34.6192 13.0727 
34.6671 13.0803 
34.715 13.0879 
34.7631 13.0955 
34.8111 13.1031 
34.8593 13.1108 
34.9075 13.1184 
34.9557 13.1261 
35.0041 13.1338 
35.0524 13.1415 
35.1009 13.1493 
35.1494 13.157 
35.1979 13.1648 
35.2466 13.1726 
35.2952 13.1804 
35.344 13.1882 
35.3928 13.1961 
35.4417 13.2039 
35.4906 13.2118 
35.5396 13.2197 
35.5886 13.2276 
35.6377 13.2356 
35.6869 13.2435 
35.7361 13.2515 
35.7854 13.2594 
35.8348 13.2674 
35.8842 13.2754 
35.9337 13.2835 
35.9832 13.2915 
36.0328 13.2996 
36.0825 13.3077 
36.1322 13.3158 
36.182 13.3239 
36.2319 13.332 
36.2818 13.3402 
36.3318 13.3483 
36.3818 13.3565 
36.432 13.3647 
36.4821 13.3729 
36.5324 13.3811 
36.5827 13.3894 
36.6331 13.3976 
36.6835 13.4059 
36.734 13.4142 
36.7846 13.4225 
36.8352 13.4308 
36.8859 13.4392 
36.9366 13.4475 
36.9875 13.4559 
37.0384 13.4643 
37.0893 13.4727 
37.1403 13.4811 
37.1914 13.4896 
37.2426 13.498 
37.2938 13.5065 
37.3451 13.515 
37.3964 13.5235 
37.4479 13.532 
37.4993 13.5405 
37.5509 13.5491 
37.6025 13.5576 
37.6542 13.5662 
37.706 13.5748 
37.7578 13.5834 
37.8097 13.592 
37.8616 13.6007 
37.9137 13.6093 
37.9658 13.618 
38.0179 13.6267 
38.0702 13.6354 
38.1225 13.6441 
38.1748 13.6528 
38.2273 13.6616 
38.2798 13.6703 
38.3323 13.6791 
38.385 13.6879 
38.4377 13.6967 
38.4905 13.7055 
38.5433 13.7144 
38.5963 13.7232 
38.6492 13.7321 
38.7023 13.741 
38.7554 13.7499 
38.8086 13.7588 
38.8619 13.7677 
38.9153 13.7766 
38.9687 13.7856 
39.0222 13.7946 
39.0757 13.8035 
39.1293 13.8125 
39.183 13.8216 
39.2368 13.8306 
39.2906 13.8396 
39.3446 13.8487 
39.3985 13.8578 
39.4526 13.8668 
39.5067 13.876 
39.5609 13.8851 
39.6152 13.8942 
39.6696 13.9033 
39.724 13.9125 
39.7785 13.9217 
39.833 13.9309 
39.8877 13.9401 
39.9424 13.9493 
39.9972 13.9585 
40.052 13.9678 
40.107 13.977 
40.162 13.9863 
40.217 13.9956 
40.2722 14.0049 
40.3274 14.0142 
40.3827 14.0235 
40.4381 14.0329 
40.4936 14.0422 
40.5491 14.0516 
40.6047 14.061 
40.6604 14.0704 
40.7161 14.0798 
40.7719 14.0892 
40.8278 14.0987 
40.8838 14.1081 
40.9399 14.1176 
40.996 14.1271 
41.0522 14.1366 
41.1085 14.1461 
41.1649 14.1556 
41.2213 14.1651 
41.2778 14.1747 
41.3344 14.1843 
41.3911 14.1938 
41.4478 14.2034 
41.5046 14.213 
41.5615 14.2227 
41.6185 14.2323 
41.6756 14.2419 
41.7327 14.2516 
41.7899 14.2613 
41.8472 14.271 
41.9046 14.2807 
41.962 14.2904 
42.0195 14.3001 
42.0771 14.3098 
42.1348 14.3196 
42.1926 14.3294 
42.2504 14.3391 
42.3084 14.3489 
42.3663 14.3588 
42.4244 14.3686 
42.4826 14.3784 
42.5408 14.3883 
42.5991 14.3981 
42.6575 14.408 
42.716 14.4179 
42.7746 14.4278 
42.8332 14.4377 
42.8919 14.4476 
42.9508 14.4576 
43.0096 14.4675 
43.0686 14.4775 
43.1276 14.4875 
43.1868 14.4975 
43.246 14.5075 
43.3053 14.5175 
43.3647 14.5275 
43.4241 14.5376 
43.4836 14.5476 
43.5433 14.5577 
43.603 14.5678 
43.6628 14.5779 
43.7226 14.588 
43.7826 14.5981 
43.8426 14.6082 
43.9027 14.6184 
43.9629 14.6285 
44.0232 14.6387 
44.0836 14.6489 
44.144 14.6591 
44.2046 14.6693 
44.2652 14.6795 
44.3259 14.6898 
44.3867 14.7 
44.4476 14.7103 
44.5085 14.7206 
44.5696 14.7308 
44.6307 14.7411 
44.6919 14.7515 
44.7532 14.7618 
44.8146 14.7721 
44.8761 14.7825 
44.9377 14.7928 
44.9993 14.8032 
45.061 14.8136 
45.1228 14.824 
45.1848 14.8344 
45.2467 14.8448 
45.3088 14.8553 
45.371 14.8657 
45.4332 14.8762 
45.4956 14.8867 
45.558 14.8972 
45.6205 14.9077 
45.6831 14.9182 
45.7458 14.9287 
45.8086 14.9392 
45.8715 14.9498 
45.9344 14.9604 
45.9975 14.9709 
46.0606 14.9815 
46.1238 14.9921 
46.1871 15.0027 
46.2505 15.0134 
46.314 15.024 
46.3776 15.0346 
46.4413 15.0453 
46.505 15.056 
46.5689 15.0667 
46.6328 15.0774 
46.6968 15.0881 
46.7609 15.0988 
46.8252 15.1095 
46.8894 15.1203 
46.9538 15.131 
47.0183 15.1418 
47.0829 15.1526 
47.1476 15.1634 
47.2123 15.1742 
47.2772 15.185 
47.3421 15.1959 
47.4071 15.2067 
47.4723 15.2176 
47.5375 15.2284 
47.6028 15.2393 
47.6682 15.2502 
47.7337 15.2611 
47.7993 15.272 
47.8649 15.2829 
47.9307 15.2939 
47.9966 15.3048 
48.0625 15.3158 
48.1286 15.3268 
48.1947 15.3378 
48.261 15.3488 
48.3273 15.3598 
48.3937 15.3708 
48.4603 15.3818 
48.5269 15.3929 
48.5936 15.404 
48.6604 15.415 
48.7273 15.4261 
48.7943 15.4372 
48.8614 15.4483 
48.9286 15.4594 
48.9959 15.4706 
49.0632 15.4817 
49.1307 15.4929 
49.1983 15.504 
49.266 15.5152 
49.3337 15.5264 
49.4016 15.5376 
49.4696 15.5488 
49.5376 15.5601 
49.6058 15.5713 
49.674 15.5826 
49.7424 15.5938 
49.8108 15.6051 
49.8794 15.6164 
49.948 15.6277 
50.0168 15.639 
50.0856 15.6503 
50.1545 15.6616 
50.2236 15.673 
50.2927 15.6843 
50.3619 15.6957 
50.4313 15.7071 
50.5007 15.7185 
50.5702 15.7299 
50.6399 15.7413 
50.7096 15.7527 
50.7794 15.7642 
50.8494 15.7756 
50.9194 15.7871 
50.9895 15.7986 
51.0598 15.81 
51.1301 15.8215 
51.2006 15.833 
51.2711 15.8446 
51.3417 15.8561 
51.4125 15.8676 
51.4833 15.8792 
51.5543 15.8908 
51.6253 15.9024 
51.6965 15.9139 
51.7677 15.9255 
51.8391 15.9372 
51.9105 15.9488 
51.9821 15.9604 
52.0537 15.9721 
52.1255 15.9837 
52.1974 15.9954 
52.2694 16.0071 
52.3414 16.0188 
52.4136 16.0305 
52.4859 16.0422 
52.5583 16.0539 
52.6308 16.0657 
52.7034 16.0774 
52.7761 16.0892 
52.8489 16.101 
52.9218 16.1128 
52.9948 16.1246 
53.0679 16.1364 
53.1412 16.1482 
53.2145 16.16 
53.288 16.1719 
53.3615 16.1837 
53.4352 16.1956 
53.5089 16.2075 
53.5828 16.2194 
53.6568 16.2313 
53.7308 16.2432 
53.805 16.2551 
53.8793 16.2671 
53.9537 16.279 
54.0282 16.291 
54.1029 16.3029 
54.1776 16.3149 
54.2524 16.3269 
54.3274 16.3389 
54.4024 16.3509 
54.4776 16.363 
54.5528 16.375 
54.6282 16.3871 
54.7037 16.3991 
54.7793 16.4112 
54.855 16.4233 
54.9308 16.4354 
55.0068 16.4475 
55.0828 16.4596 
55.159 16.4718 
55.2352 16.4839 
55.3116 16.4961 
55.3881 16.5082 
55.4647 16.5204 
55.5414 16.5326 
55.6182 16.5448 
55.6951 16.557 
55.7721 16.5692 
55.8493 16.5815 
55.9265 16.5937 
56.0039 16.606 
56.0814 16.6183 
56.159 16.6305 
56.2367 16.6428 
56.3145 16.6551 
56.3925 16.6675 
56.4705 16.6798 
56.5487 16.6921 
56.627 16.7045 
56.7054 16.7168 
56.7839 16.7292 
56.8625 16.7416 
56.9412 16.754 
57.0201 16.7664 
57.0991 16.7788 
57.1781 16.7913 
57.2573 16.8037 
57.3367 16.8161 
57.4161 16.8286 
57.4956 16.8411 
57.5753 16.8536 
57.6551 16.8661 
57.735 16.8786 
57.815 16.8911 
57.8951 16.9036 
57.9753 16.9162 
58.0557 16.9288 
58.1362 16.9413 
58.2168 16.9539 
58.2975 16.9665 
58.3783 16.9791 
58.4593 16.9917 
58.5403 17.0043 
58.6215 17.017 
58.7028 17.0296 
58.7842 17.0423 
58.8658 17.055 
58.9475 17.0676 
59.0292 17.0803 
59.1111 17.093 
59.1932 17.1058 
59.2753 17.1185 
59.3576 17.1312 
59.4399 17.144 
59.5224 17.1567 
59.6051 17.1695 
59.6878 17.1823 
59.7707 17.1951 
59.8537 17.2079 
59.9368 17.2207 
60.02 17.2336 
60.1033 17.2464 
60.1868 17.2593 
60.2704 17.2721 
60.3541 17.285 
60.438 17.2979 
60.5219 17.3108 
60.606 17.3237 
60.6902 17.3366 
60.7746 17.3496 
60.859 17.3625 
60.9436 17.3755 
61.0283 17.3884 
61.1131 17.4014 
61.1981 17.4144 
61.2832 17.4274 
61.3684 17.4404 
61.4537 17.4535 
61.5392 17.4665 
61.6247 17.4795 
61.7105 17.4926 
61.7963 17.5057 
61.8822 17.5188 
61.9683 17.5319 
62.0545 17.545 
62.1409 17.5581 
62.2273 17.5712 
62.3139 17.5844 
62.4006 17.5975 
62.4875 17.6107 
62.5745 17.6239 
62.6616 17.637 
62.7488 17.6502 
62.8361 17.6635 
62.9236 17.6767 
63.0112 17.6899 
63.099 17.7032 
63.1869 17.7164 
63.2749 17.7297 
63.363 17.743 
63.4513 17.7563 
63.5396 17.7696 
63.6282 17.7829 
63.7168 17.7962 
63.8056 17.8095 
63.8945 17.8229 
63.9836 17.8363 
64.0727 17.8496 
64.162 17.863 
64.2515 17.8764 
64.341 17.8898 
64.4307 17.9032 
64.5206 17.9167 
64.6105 17.9301 
64.7006 17.9436 
64.7909 17.957 
64.8812 17.9705 
64.9717 17.984 
65.0624 17.9975 
65.1531 18.011 
65.244 18.0245 
65.3351 18.0381 
65.4262 18.0516 
65.5175 18.0652 
65.609 18.0787 
65.7005 18.0923 
65.7922 18.1059 
65.8841 18.1195 
65.9761 18.1331 
66.0682 18.1468 
66.1604 18.1604 
66.2528 18.1741 
66.3453 18.1877 
66.438 18.2014 
66.5308 18.2151 
66.6237 18.2288 
66.7168 18.2425 
66.81 18.2562 
66.9033 18.27 
66.9968 18.2837 
67.0904 18.2975 
67.1842 18.3112 
67.2781 18.325 
67.3721 18.3388 
67.4663 18.3526 
67.5606 18.3664 
67.6551 18.3802 
67.7497 18.3941 
67.8444 18.4079 
67.9393 18.4218 
