-3 -3 
-2.9996 -3.00521 
-2.99919 -3.01042 
-2.99877 -3.01564 
-2.99835 -3.02087 
-2.99792 -3.0261 
-2.99748 -3.03134 
-2.99704 -3.03658 
-2.99659 -3.04183 
-2.99614 -3.04708 
-2.99568 -3.05234 
-2.99521 -3.05761 
-2.99473 -3.06288 
-2.99425 -3.06816 
-2.99376 -3.07344 
-2.99326 -3.07873 
-2.99276 -3.08403 
-2.99225 -3.08933 
-2.99174 -3.09464 
-2.99121 -3.09995 
-2.99069 -3.10527 
-2.99015 -3.1106 
-2.98961 -3.11593 
-2.98906 -3.12127 
-2.9885 -3.12661 
-2.98794 -3.13196 
-2.98736 -3.13732 
-2.98679 -3.14268 
-2.9862 -3.14805 
-2.98561 -3.15342 
-2.98501 -3.1588 
-2.98441 -3.16419 
-2.98379 -3.16958 
-2.98317 -3.17498 
-2.98255 -3.18038 
-2.98191 -3.18579 
-2.98127 -3.19121 
-2.98062 -3.19663 
-2.97997 -3.20206 
-2.9793 -3.20749 
-2.97863 -3.21294 
-2.97796 -3.21838 
-2.97727 -3.22384 
-2.97658 -3.2293 
-2.97588 -3.23476 
-2.97517 -3.24024 
-2.97446 -3.24571 
-2.97374 -3.2512 
-2.97301 -3.25669 
-2.97227 -3.26219 
-2.97153 -3.26769 
-2.97078 -3.2732 
-2.97002 -3.27872 
-2.96925 -3.28424 
-2.96848 -3.28977 
-2.9677 -3.2953 
-2.96691 -3.30085 
-2.96611 -3.30639 
-2.9653 -3.31195 
-2.96449 -3.31751 
-2.96367 -3.32308 
-2.96284 -3.32865 
-2.96201 -3.33423 
-2.96117 -3.33982 
-2.96031 -3.34541 
-2.95946 -3.35101 
-2.95859 -3.35662 
-2.95771 -3.36223 
-2.95683 -3.36785 
-2.95594 -3.37347 
-2.95504 -3.37911 
-2.95414 -3.38474 
-2.95322 -3.39039 
-2.9523 -3.39604 
-2.95137 -3.4017 
-2.95043 -3.40736 
-2.94948 -3.41304 
-2.94853 -3.41871 
-2.94756 -3.4244 
-2.94659 -3.43009 
-2.94561 -3.43579 
-2.94462 -3.44149 
-2.94363 -3.4472 
-2.94262 -3.45292 
-2.94161 -3.45865 
-2.94059 -3.46438 
-2.93956 -3.47012 
-2.93852 -3.47586 
-2.93748 -3.48161 
-2.93642 -3.48737 
-2.93536 -3.49314 
-2.93429 -3.49891 
-2.93321 -3.50469 
-2.93212 -3.51047 
-2.93102 -3.51627 
-2.92992 -3.52207 
-2.9288 -3.52787 
-2.92768 -3.53368 
-2.92655 -3.5395 
-2.92541 -3.54533 
-2.92426 -3.55116 
-2.9231 -3.55701 
-2.92193 -3.56285 
-2.92076 -3.56871 
-2.91957 -3.57457 
-2.91838 -3.58044 
-2.91718 -3.58631 
-2.91597 -3.59219 
-2.91475 -3.59808 
-2.91352 -3.60398 
-2.91228 -3.60988 
-2.91103 -3.61579 
-2.90978 -3.62171 
-2.90851 -3.62764 
-2.90724 -3.63357 
-2.90595 -3.63951 
-2.90466 -3.64545 
-2.90336 -3.65141 
-2.90205 -3.65737 
-2.90073 -3.66333 
-2.8994 -3.66931 
-2.89806 -3.67529 
-2.89671 -3.68128 
-2.89535 -3.68727 
-2.89398 -3.69328 
-2.89261 -3.69929 
-2.89122 -3.70531 
-2.88983 -3.71133 
-2.88842 -3.71736 
-2.88701 -3.7234 
-2.88558 -3.72945 
-2.88415 -3.7355 
-2.88271 -3.74156 
-2.88125 -3.74763 
-2.87979 -3.75371 
-2.87832 -3.75979 
-2.87683 -3.76588 
-2.87534 -3.77198 
-2.87384 -3.77809 
-2.87233 -3.7842 
-2.87081 -3.79032 
-2.86928 -3.79645 
-2.86773 -3.80259 
-2.86618 -3.80873 
-2.86462 -3.81488 
-2.86305 -3.82104 
-2.86147 -3.8272 
-2.85988 -3.83338 
-2.85828 -3.83956 
-2.85666 -3.84575 
-2.85504 -3.85194 
-2.85341 -3.85815 
-2.85177 -3.86436 
-2.85011 -3.87058 
-2.84845 -3.8768 
-2.84678 -3.88304 
-2.84509 -3.88928 
-2.8434 -3.89553 
-2.8417 -3.90178 
-2.83998 -3.90805 
-2.83826 -3.91432 
-2.83652 -3.9206 
-2.83477 -3.92689 
-2.83302 -3.93319 
-2.83125 -3.93949 
-2.82947 -3.9458 
-2.82768 -3.95212 
-2.82588 -3.95845 
-2.82407 -3.96478 
-2.82225 -3.97113 
-2.82042 -3.97748 
-2.81857 -3.98384 
-2.81672 -3.9902 
-2.81485 -3.99658 
-2.81298 -4.00296 
-2.81109 -4.00935 
-2.80919 -4.01575 
-2.80728 -4.02216 
-2.80536 -4.02857 
-2.80343 -4.03499 
-2.80149 -4.04143 
-2.79954 -4.04786 
-2.79757 -4.05431 
-2.79559 -4.06077 
-2.79361 -4.06723 
-2.79161 -4.0737 
-2.7896 -4.08018 
-2.78758 -4.08667 
-2.78554 -4.09316 
-2.7835 -4.09967 
-2.78144 -4.10618 
-2.77938 -4.1127 
-2.7773 -4.11923 
-2.77521 -4.12577 
-2.7731 -4.13231 
-2.77099 -4.13887 
-2.76887 -4.14543 
-2.76673 -4.152 
-2.76458 -4.15858 
-2.76242 -4.16516 
-2.76024 -4.17176 
-2.75806 -4.17836 
-2.75586 -4.18497 
-2.75365 -4.1916 
-2.75143 -4.19822 
-2.7492 -4.20486 
-2.74696 -4.21151 
-2.7447 -4.21816 
-2.74243 -4.22483 
-2.74015 -4.2315 
-2.73786 -4.23818 
-2.73555 -4.24487 
-2.73323 -4.25156 
-2.7309 -4.25827 
-2.72856 -4.26499 
-2.7262 -4.27171 
-2.72384 -4.27844 
-2.72146 -4.28518 
-2.71906 -4.29193 
-2.71666 -4.29869 
-2.71424 -4.30546 
-2.71181 -4.31223 
-2.70937 -4.31902 
-2.70691 -4.32581 
-2.70444 -4.33261 
-2.70196 -4.33942 
-2.69947 -4.34624 
-2.69696 -4.35307 
-2.69444 -4.35991 
-2.69191 -4.36675 
-2.68936 -4.37361 
-2.6868 -4.38047 
-2.68423 -4.38735 
-2.68164 -4.39423 
-2.67905 -4.40112 
-2.67643 -4.40802 
-2.67381 -4.41493 
-2.67117 -4.42185 
-2.66852 -4.42878 
-2.66586 -4.43571 
-2.66318 -4.44266 
-2.66049 -4.44961 
-2.65778 -4.45658 
-2.65506 -4.46355 
-2.65233 -4.47053 
-2.64958 -4.47752 
-2.64683 -4.48452 
-2.64405 -4.49153 
-2.64127 -4.49855 
-2.63846 -4.50558 
-2.63565 -4.51262 
-2.63282 -4.51967 
-2.62998 -4.52672 
-2.62712 -4.53379 
-2.62425 -4.54086 
-2.62137 -4.54795 
-2.61847 -4.55504 
-2.61556 -4.56215 
-2.61263 -4.56926 
-2.60969 -4.57638 
-2.60674 -4.58352 
-2.60377 -4.59066 
-2.60078 -4.59781 
-2.59779 -4.60497 
-2.59477 -4.61214 
-2.59175 -4.61932 
-2.58871 -4.62651 
-2.58565 -4.63371 
-2.58258 -4.64092 
-2.5795 -4.64814 
-2.5764 -4.65537 
-2.57328 -4.6626 
-2.57015 -4.66985 
-2.56701 -4.67711 
-2.56385 -4.68438 
-2.56068 -4.69165 
-2.55749 -4.69894 
-2.55428 -4.70624 
-2.55106 -4.71355 
-2.54783 -4.72086 
-2.54458 -4.72819 
-2.54132 -4.73553 
-2.53804 -4.74287 
-2.53474 -4.75023 
-2.53143 -4.7576 
-2.52811 -4.76498 
-2.52477 -4.77236 
-2.52141 -4.77976 
-2.51804 -4.78717 
-2.51465 -4.79459 
-2.51125 -4.80201 
-2.50783 -4.80945 
-2.5044 -4.8169 
-2.50095 -4.82436 
-2.49748 -4.83183 
-2.494 -4.8393 
-2.4905 -4.84679 
-2.48699 -4.85429 
-2.48346 -4.8618 
-2.47991 -4.86932 
-2.47635 -4.87685 
-2.47277 -4.8844 
-2.46918 -4.89195 
-2.46557 -4.89951 
-2.46194 -4.90708 
-2.4583 -4.91466 
-2.45464 -4.92226 
-2.45096 -4.92986 
-2.44727 -4.93748 
-2.44356 -4.9451 
-2.43984 -4.95274 
-2.43609 -4.96039 
-2.43234 -4.96804 
-2.42856 -4.97571 
-2.42477 -4.98339 
-2.42096 -4.99108 
-2.41713 -4.99878 
-2.41329 -5.00649 
-2.40943 -5.01421 
-2.40555 -5.02195 
-2.40166 -5.02969 
-2.39775 -5.03744 
-2.39382 -5.04521 
-2.38987 -5.05299 
-2.38591 -5.06077 
-2.38193 -5.06857 
-2.37793 -5.07638 
-2.37392 -5.0842 
-2.36988 -5.09204 
-2.36583 -5.09988 
-2.36176 -5.10773 
-2.35768 -5.1156 
-2.35357 -5.12347 
-2.34945 -5.13136 
-2.34531 -5.13926 
-2.34115 -5.14717 
-2.33698 -5.15509 
-2.33279 -5.16303 
-2.32857 -5.17097 
-2.32434 -5.17893 
-2.3201 -5.18689 
-2.31583 -5.19487 
-2.31155 -5.20286 
-2.30724 -5.21086 
-2.30292 -5.21888 
-2.29858 -5.2269 
-2.29422 -5.23494 
-2.28985 -5.24299 
-2.28545 -5.25105 
-2.28104 -5.25912 
-2.2766 -5.2672 
-2.27215 -5.27529 
-2.26768 -5.2834 
-2.26319 -5.29152 
-2.25868 -5.29965 
-2.25416 -5.30779 
-2.24961 -5.31594 
-2.24504 -5.32411 
-2.24046 -5.33229 
-2.23585 -5.34048 
-2.23123 -5.34868 
-2.22658 -5.35689 
-2.22192 -5.36512 
-2.21724 -5.37335 
-2.21254 -5.3816 
-2.20781 -5.38986 
-2.20307 -5.39814 
-2.19831 -5.40642 
-2.19353 -5.41472 
-2.18873 -5.42303 
-2.18391 -5.43136 
-2.17907 -5.43969 
-2.17421 -5.44804 
-2.16932 -5.4564 
-2.16442 -5.46477 
-2.1595 -5.47316 
-2.15456 -5.48155 
-2.1496 -5.48996 
-2.14461 -5.49838 
-2.13961 -5.50682 
-2.13458 -5.51527 
-2.12954 -5.52373 
-2.12447 -5.5322 
-2.11939 -5.54068 
-2.11428 -5.54918 
-2.10915 -5.55769 
-2.104 -5.56622 
-2.09883 -5.57475 
-2.09364 -5.5833 
-2.08842 -5.59186 
-2.08319 -5.60044 
-2.07793 -5.60903 
-2.07266 -5.61763 
-2.06736 -5.62624 
-2.06204 -5.63487 
-2.0567 -5.64351 
-2.05133 -5.65216 
-2.04595 -5.66083 
-2.04054 -5.66951 
-2.03511 -5.6782 
-2.02966 -5.6869 
-2.02419 -5.69562 
-2.01869 -5.70436 
-2.01318 -5.7131 
-2.00764 -5.72186 
-2.00208 -5.73063 
-1.99649 -5.73942 
-1.99089 -5.74822 
-1.98526 -5.75703 
-1.97961 -5.76586 
-1.97393 -5.7747 
-1.96823 -5.78355 
-1.96251 -5.79242 
-1.95677 -5.8013 
-1.95101 -5.8102 
-1.94522 -5.81911 
-1.93941 -5.82803 
-1.93357 -5.83696 
-1.92771 -5.84591 
-1.92183 -5.85488 
-1.91593 -5.86386 
-1.91 -5.87285 
-1.90405 -5.88185 
-1.89807 -5.89088 
-1.89207 -5.89991 
-1.88605 -5.90896 
-1.88 -5.91802 
-1.87393 -5.9271 
-1.86784 -5.93619 
-1.86172 -5.94529 
-1.85558 -5.95441 
-1.84941 -5.96355 
-1.84322 -5.9727 
-1.837 -5.98186 
-1.83076 -5.99104 
-1.8245 -6.00023 
-1.81821 -6.00943 
-1.81189 -6.01865 
-1.80555 -6.02789 
-1.79919 -6.03714 
-1.7928 -6.04641 
-1.78639 -6.05569 
-1.77995 -6.06498 
-1.77349 -6.07429 
-1.767 -6.08361 
-1.76048 -6.09295 
-1.75394 -6.10231 
-1.74738 -6.11168 
-1.74079 -6.12106 
-1.73417 -6.13046 
-1.72753 -6.13988 
-1.72086 -6.1493 
-1.71417 -6.15875 
-1.70745 -6.16821 
-1.7007 -6.17769 
-1.69393 -6.18718 
-1.68713 -6.19668 
-1.6803 -6.2062 
-1.67345 -6.21574 
-1.66657 -6.22529 
-1.65967 -6.23486 
-1.65274 -6.24445 
-1.64578 -6.25404 
-1.6388 -6.26366 
-1.63178 -6.27329 
-1.62475 -6.28294 
-1.61768 -6.2926 
-1.61059 -6.30228 
-1.60347 -6.31197 
-1.59632 -6.32168 
-1.58914 -6.33141 
-1.58194 -6.34115 
-1.57471 -6.35091 
-1.56745 -6.36068 
-1.56017 -6.37047 
-1.55285 -6.38028 
-1.54551 -6.3901 
-1.53814 -6.39994 
-1.53074 -6.4098 
-1.52332 -6.41967 
-1.51586 -6.42956 
-1.50838 -6.43946 
-1.50087 -6.44938 
-1.49333 -6.45932 
-1.48576 -6.46928 
-1.47816 -6.47925 
-1.47053 -6.48924 
-1.46288 -6.49924 
-1.45519 -6.50926 
-1.44748 -6.5193 
-1.43973 -6.52936 
-1.43196 -6.53943 
-1.42416 -6.54952 
-1.41633 -6.55963 
-1.40846 -6.56975 
-1.40057 -6.57989 
-1.39265 -6.59005 
-1.3847 -6.60023 
-1.37672 -6.61042 
-1.36871 -6.62063 
-1.36066 -6.63086 
-1.35259 -6.6411 
-1.34449 -6.65137 
-1.33635 -6.66165 
-1.32819 -6.67195 
-1.31999 -6.68226 
-1.31177 -6.6926 
-1.30351 -6.70295 
-1.29522 -6.71332 
-1.2869 -6.7237 
-1.27855 -6.73411 
-1.27017 -6.74453 
-1.26175 -6.75497 
-1.25331 -6.76543 
-1.24483 -6.77591 
-1.23632 -6.78641 
-1.22778 -6.79692 
-1.21921 -6.80745 
-1.2106 -6.81801 
-1.20197 -6.82858 
-1.1933 -6.83916 
-1.18459 -6.84977 
-1.17586 -6.8604 
-1.16709 -6.87104 
-1.15829 -6.8817 
-1.14946 -6.89238 
-1.14059 -6.90308 
-1.13169 -6.9138 
-1.12276 -6.92454 
-1.11379 -6.9353 
-1.10479 -6.94608 
-1.09576 -6.95687 
-1.08669 -6.96769 
-1.07759 -6.97852 
-1.06845 -6.98937 
-1.05928 -7.00025 
-1.05008 -7.01114 
-1.04084 -7.02205 
-1.03157 -7.03298 
-1.02227 -7.04394 
-1.01292 -7.05491 
-1.00355 -7.0659 
-0.994138 -7.07691 
-0.984692 -7.08794 
-0.975211 -7.09899 
-0.965695 -7.11006 
-0.956143 -7.12115 
-0.946556 -7.13226 
-0.936933 -7.14339 
-0.927275 -7.15454 
-0.917581 -7.16571 
-0.907851 -7.17691 
-0.898084 -7.18812 
-0.888282 -7.19935 
-0.878443 -7.2106 
-0.868568 -7.22188 
-0.858656 -7.23317 
-0.848707 -7.24449 
-0.838722 -7.25583 
-0.828699 -7.26718 
-0.81864 -7.27856 
-0.808543 -7.28996 
-0.798409 -7.30138 
-0.788237 -7.31283 
-0.778028 -7.32429 
-0.767781 -7.33577 
-0.757496 -7.34728 
-0.747174 -7.35881 
-0.736813 -7.37036 
-0.726413 -7.38193 
-0.715976 -7.39352 
-0.7055 -7.40514 
-0.694985 -7.41677 
-0.684431 -7.42843 
-0.673838 -7.44011 
-0.663207 -7.45181 
-0.652536 -7.46354 
-0.641826 -7.47529 
-0.631076 -7.48705 
-0.620286 -7.49885 
-0.609457 -7.51066 
-0.598588 -7.5225 
-0.587679 -7.53436 
-0.57673 -7.54624 
-0.56574 -7.55814 
-0.55471 -7.57007 
-0.54364 -7.58202 
-0.532528 -7.59399 
-0.521376 -7.60599 
-0.510182 -7.61801 
-0.498948 -7.63005 
-0.487672 -7.64212 
-0.476355 -7.65421 
-0.464996 -7.66632 
-0.453595 -7.67846 
-0.442152 -7.69062 
-0.430667 -7.7028 
-0.41914 -7.71501 
-0.407571 -7.72724 
-0.395959 -7.73949 
-0.384304 -7.75177 
-0.372607 -7.76408 
-0.360867 -7.7764 
-0.349083 -7.78876 
-0.337256 -7.80113 
-0.325386 -7.81353 
-0.313472 -7.82596 
-0.301515 -7.83841 
-0.289513 -7.85088 
-0.277468 -7.86338 
-0.265378 -7.87591 
-0.253244 -7.88846 
-0.241065 -7.90103 
-0.228842 -7.91363 
-0.216573 -7.92626 
-0.20426 -7.93891 
-0.191902 -7.95158 
-0.179498 -7.96428 
-0.167048 -7.97701 
-0.154553 -7.98976 
-0.142012 -8.00254 
-0.129425 -8.01535 
-0.116792 -8.02818 
-0.104113 -8.04103 
-0.0913869 -8.05392 
-0.0786142 -8.06682 
-0.0657947 -8.07976 
-0.0529281 -8.09272 
-0.0400143 -8.10571 
-0.0270532 -8.11872 
-0.0140445 -8.13177 
-0.00098803 -8.14483 
0.0121163 -8.15793 
0.0252687 -8.17105 
0.0384694 -8.1842 
0.0517184 -8.19738 
0.0650161 -8.21058 
0.0783626 -8.22381 
0.0917581 -8.23707 
0.105203 -8.25036 
0.118697 -8.26367 
0.13224 -8.27702 
0.145833 -8.29039 
0.159476 -8.30379 
0.173169 -8.31721 
0.186913 -8.33067 
0.200706 -8.34415 
0.214551 -8.35766 
0.228446 -8.3712 
0.242392 -8.38477 
0.25639 -8.39837 
0.270439 -8.412 
0.284539 -8.42565 
0.298691 -8.43934 
0.312895 -8.45305 
0.327152 -8.4668 
0.34146 -8.48057 
0.355822 -8.49437 
0.370236 -8.50821 
0.384703 -8.52207 
0.399223 -8.53596 
0.413796 -8.54988 
0.428423 -8.56384 
0.443104 -8.57782 
0.457839 -8.59183 
0.472628 -8.60588 
0.487471 -8.61995 
0.502369 -8.63406 
0.517322 -8.64819 
0.532329 -8.66236 
0.547392 -8.67656 
0.562511 -8.69079 
0.577685 -8.70505 
0.592914 -8.71934 
0.6082 -8.73366 
0.623542 -8.74802 
0.638941 -8.76241 
0.654396 -8.77683 
0.669909 -8.79128 
0.685478 -8.80576 
0.701105 -8.82028 
0.716789 -8.83483 
0.732531 -8.84941 
0.748332 -8.86402 
0.76419 -8.87867 
0.780107 -8.89335 
0.796083 -8.90807 
0.812118 -8.92281 
0.828212 -8.93759 
0.844365 -8.95241 
0.860578 -8.96725 
0.87685 -8.98214 
0.893183 -8.99705 
0.909577 -9.012 
0.92603 -9.02698 
0.942545 -9.042 
0.959121 -9.05706 
0.975758 -9.07214 
0.992456 -9.08727 
1.00922 -9.10242 
1.02604 -9.11762 
1.04292 -9.13284 
1.05987 -9.14811 
1.07688 -9.16341 
1.09395 -9.17874 
1.11109 -9.19411 
1.12829 -9.20952 
1.14555 -9.22496 
1.16288 -9.24044 
1.18027 -9.25595 
1.19773 -9.27151 
1.21525 -9.28709 
1.23284 -9.30272 
1.25049 -9.31838 
1.26821 -9.33408 
1.28599 -9.34982 
1.30384 -9.3656 
1.32175 -9.38141 
1.33973 -9.39726 
1.35778 -9.41315 
1.3759 -9.42908 
1.39408 -9.44504 
1.41234 -9.46105 
1.43066 -9.47709 
1.44904 -9.49317 
1.4675 -9.50929 
1.48602 -9.52545 
1.50462 -9.54165 
1.52328 -9.55789 
1.54202 -9.57417 
1.56082 -9.59049 
1.57969 -9.60685 
1.59864 -9.62325 
1.61765 -9.63969 
1.63674 -9.65617 
1.6559 -9.67269 
1.67513 -9.68925 
1.69443 -9.70585 
1.7138 -9.7225 
1.73325 -9.73918 
1.75277 -9.75591 
1.77236 -9.77268 
1.79203 -9.78949 
1.81177 -9.80635 
1.83158 -9.82325 
1.85147 -9.84019 
1.87144 -9.85717 
1.89148 -9.87419 
1.91159 -9.89126 
1.93178 -9.90837 
1.95205 -9.92553 
1.97239 -9.94273 
1.99281 -9.95997 
2.01331 -9.97726 
2.03388 -9.9946 
2.05453 -10.012 
2.07526 -10.0294 
2.09607 -10.0469 
2.11695 -10.0644 
2.13792 -10.0819 
2.15896 -10.0995 
2.18009 -10.1172 
2.20129 -10.1349 
2.22258 -10.1526 
2.24395 -10.1704 
2.26539 -10.1883 
2.28692 -10.2061 
2.30853 -10.2241 
2.33022 -10.242 
2.352 -10.2601 
2.37386 -10.2781 
2.3958 -10.2963 
2.41782 -10.3144 
2.43993 -10.3327 
2.46212 -10.3509 
2.4844 -10.3692 
2.50677 -10.3876 
2.52921 -10.406 
2.55175 -10.4245 
2.57437 -10.443 
2.59708 -10.4616 
2.61987 -10.4802 
2.64275 -10.4988 
2.66572 -10.5176 
2.68878 -10.5363 
2.71192 -10.5552 
2.73516 -10.574 
2.75848 -10.593 
2.7819 -10.6119 
2.8054 -10.631 
2.82899 -10.65 
2.85268 -10.6692 
2.87646 -10.6884 
2.90033 -10.7076 
2.92429 -10.7269 
2.94834 -10.7463 
2.97249 -10.7657 
2.99673 -10.7851 
3.02106 -10.8046 
3.04549 -10.8242 
3.07001 -10.8438 
3.09463 -10.8635 
3.11934 -10.8833 
3.14415 -10.903 
3.16906 -10.9229 
3.19406 -10.9428 
3.21916 -10.9628 
3.24436 -10.9828 
3.26966 -11.0029 
3.29505 -11.023 
3.32055 -11.0432 
3.34614 -11.0635 
3.37183 -11.0838 
3.39763 -11.1041 
3.42352 -11.1246 
3.44952 -11.1451 
3.47562 -11.1656 
3.50182 -11.1862 
3.52813 -11.2069 
3.55454 -11.2277 
3.58105 -11.2485 
3.60767 -11.2693 
3.63439 -11.2902 
3.66122 -11.3112 
3.68815 -11.3323 
3.71519 -11.3534 
3.74233 -11.3746 
3.76959 -11.3958 
3.79695 -11.4171 
3.82442 -11.4385 
3.852 -11.4599 
3.87969 -11.4814 
3.90749 -11.503 
3.9354 -11.5246 
3.96342 -11.5463 
3.99155 -11.568 
4.0198 -11.5899 
4.04816 -11.6118 
4.07663 -11.6337 
4.10521 -11.6558 
4.13391 -11.6779 
4.16273 -11.7 
4.19166 -11.7223 
4.2207 -11.7446 
4.24987 -11.767 
4.27915 -11.7894 
4.30854 -11.8119 
4.33806 -11.8345 
4.3677 -11.8572 
4.39745 -11.8799 
4.42733 -11.9027 
4.45732 -11.9256 
4.48744 -11.9486 
4.51768 -11.9716 
4.54804 -11.9947 
4.57853 -12.0179 
4.60914 -12.0411 
4.63987 -12.0645 
4.67073 -12.0879 
4.70172 -12.1114 
4.73283 -12.1349 
4.76407 -12.1585 
4.79544 -12.1823 
4.82693 -12.206 
4.85856 -12.2299 
4.89031 -12.2539 
4.9222 -12.2779 
4.95421 -12.302 
4.98636 -12.3262 
5.01864 -12.3505 
5.05105 -12.3748 
5.0836 -12.3992 
5.11628 -12.4237 
5.1491 -12.4483 
5.18205 -12.473 
5.21514 -12.4978 
5.24837 -12.5226 
5.28173 -12.5476 
5.31524 -12.5726 
5.34888 -12.5977 
5.38266 -12.6229 
5.41659 -12.6482 
5.45066 -12.6735 
5.48487 -12.699 
5.51922 -12.7245 
5.55372 -12.7501 
5.58836 -12.7759 
5.62315 -12.8017 
5.65808 -12.8276 
5.69316 -12.8536 
5.72839 -12.8796 
5.76377 -12.9058 
5.7993 -12.9321 
5.83497 -12.9584 
5.8708 -12.9849 
5.90679 -13.0115 
5.94292 -13.0381 
5.97921 -13.0648 
6.01565 -13.0917 
6.05225 -13.1186 
6.08901 -13.1456 
6.12592 -13.1728 
6.16299 -13.2 
6.20022 -13.2273 
6.23761 -13.2548 
6.27516 -13.2823 
6.31288 -13.3099 
6.35075 -13.3377 
6.38879 -13.3655 
6.42699 -13.3934 
6.46536 -13.4215 
6.5039 -13.4496 
6.5426 -13.4779 
6.58147 -13.5063 
6.62051 -13.5347 
6.65972 -13.5633 
6.6991 -13.592 
6.73866 -13.6208 
6.77838 -13.6497 
6.81829 -13.6787 
6.85836 -13.7078 
6.89861 -13.7371 
6.93904 -13.7664 
6.97965 -13.7959 
7.02044 -13.8254 
7.06141 -13.8551 
7.10256 -13.8849 
7.14389 -13.9149 
7.18541 -13.9449 
7.22711 -13.9751 
7.26899 -14.0053 
7.31106 -14.0357 
7.35333 -14.0663 
7.39578 -14.0969 
7.43842 -14.1277 
7.48125 -14.1585 
7.52427 -14.1895 
7.56749 -14.2207 
7.61091 -14.2519 
7.65452 -14.2833 
7.69832 -14.3148 
7.74233 -14.3465 
7.78653 -14.3782 
7.83094 -14.4101 
7.87555 -14.4422 
7.92036 -14.4743 
7.96538 -14.5066 
8.0106 -14.5391 
8.05603 -14.5716 
8.10167 -14.6043 
8.14752 -14.6372 
8.19358 -14.6701 
8.23985 -14.7033 
8.28634 -14.7365 
8.33304 -14.7699 
8.37996 -14.8034 
8.4271 -14.8371 
8.47445 -14.8709 
8.52203 -14.9049 
8.56983 -14.939 
8.61785 -14.9733 
8.6661 -15.0077 
8.71457 -15.0422 
8.76328 -15.0769 
8.81221 -15.1118 
8.86137 -15.1468 
8.91077 -15.182 
8.96039 -15.2173 
9.01026 -15.2528 
9.06036 -15.2884 
9.1107 -15.3242 
9.16128 -15.3601 
9.21211 -15.3962 
9.26317 -15.4325 
9.31449 -15.4689 
9.36604 -15.5055 
9.41785 -15.5423 
9.46991 -15.5792 
9.52222 -15.6163 
9.57478 -15.6536 
9.6276 -15.6911 
9.68067 -15.7287 
9.73401 -15.7665 
9.7876 -15.8044 
9.84146 -15.8425 
9.89558 -15.8809 
9.94996 -15.9194 
10.0046 -15.958 
10.0595 -15.9969 
10.1147 -16.0359 
10.1702 -16.0752 
10.2259 -16.1146 
10.282 -16.1542 
10.3383 -16.1939 
10.3948 -16.2339 
10.4517 -16.2741 
10.5089 -16.3145 
10.5663 -16.355 
10.624 -16.3958 
10.682 -16.4367 
10.7404 -16.4779 
