1
0.5
0.25
0.125
0.0625
0.03125
0.015625
0.0078125
0.00390625
0.00195313
0.000976563
0.000488281
0.000244141
0.00012207
6.10352e-05
3.05176e-05
1.52588e-05
7.62939e-06
3.8147e-06
1.90735e-06
9.53674e-07
4.76837e-07
2.38419e-07
1.19209e-07
5.96046e-08
2.98023e-08
1.49012e-08
7.45058e-09
3.72529e-09
1.86265e-09
9.31323e-10
4.65662e-10
2.32831e-10
1.16416e-10
5.82079e-11
2.91041e-11
1.45521e-11
7.27618e-12
3.6382e-12
1.81921e-12
9.09717e-13
4.54969e-13
2.27596e-13
1.13909e-13
5.70655e-14
2.86438e-14
1.44329e-14
7.32747e-15
3.77476e-15
1.9984e-15
1.11022e-15
6.66134e-16
