1
0.618047
0.381953
0.236065
0.145899
0.0901726
0.0557224
0.0344417
0.0212866
0.0131583
0.00813247
0.00502625
0.0031046
0.00191879
0.0011859
0.000733978
0.000453633
0.000280366
0.000172614
0.000106684
6.59355e-05
4.07512e-05
2.51862e-05
1.55662e-05
9.62067e-06
6.35211e-06
3.9259e-06
2.42639e-06
1.24844e-06
7.71593e-07
4.7688e-07
4.49924e-07
2.78074e-07
2.67778e-07
1.65499e-07
1.02286e-07
3.93267e-09
2.43057e-09
1.50221e-09
9.28435e-10
5.73817e-10
3.54646e-10
2.19188e-10
1.35468e-10
8.37257e-11
5.17464e-11
3.19818e-11
1.97662e-11
1.22165e-11
7.55029e-12
4.66649e-12
2.88414e-12
1.78257e-12
1.10167e-12
6.809e-13
4.20775e-13
2.60014e-13
1.60649e-13
9.92539e-14
6.13953e-14
3.79696e-14
2.34257e-14
1.44329e-14
8.88178e-15
5.44009e-15
3.33067e-15
2.10942e-15
1.33227e-15
7.77156e-16
