15 15 
15.0509 14.9733 
15.1015 14.9468 
15.152 14.9205 
15.2024 14.8945 
15.2526 14.8686 
15.3027 14.843 
15.3527 14.8176 
15.4025 14.7923 
15.4522 14.7673 
15.5018 14.7426 
15.5513 14.718 
15.6006 14.6936 
15.6498 14.6694 
15.6989 14.6454 
15.7479 14.6216 
15.7967 14.598 
15.8454 14.5747 
15.894 14.5515 
15.9425 14.5285 
15.9909 14.5056 
16.0392 14.483 
16.0874 14.4606 
16.1354 14.4383 
16.1833 14.4163 
16.2312 14.3944 
16.2789 14.3727 
16.3265 14.3512 
16.374 14.3299 
16.4215 14.3087 
16.4688 14.2877 
16.516 14.2669 
16.5631 14.2463 
16.6101 14.2259 
16.657 14.2056 
16.7039 14.1855 
16.7506 14.1656 
16.7972 14.1458 
16.8438 14.1262 
16.8902 14.1068 
16.9366 14.0875 
16.9828 14.0684 
17.029 14.0494 
17.0751 14.0307 
17.1211 14.012 
17.167 13.9936 
17.2129 13.9753 
17.2586 13.9571 
17.3043 13.9391 
17.3499 13.9213 
17.3954 13.9036 
17.4408 13.8861 
17.4861 13.8687 
17.5314 13.8515 
17.5766 13.8344 
17.6217 13.8175 
17.6668 13.8007 
17.7117 13.7841 
17.7566 13.7676 
17.8014 13.7512 
17.8462 13.735 
17.8909 13.719 
17.9355 13.703 
17.98 13.6873 
18.0245 13.6716 
18.0689 13.6561 
18.1132 13.6408 
18.1575 13.6255 
18.2017 13.6104 
18.2458 13.5955 
18.2899 13.5807 
18.3339 13.566 
18.3779 13.5514 
18.4218 13.537 
18.4656 13.5227 
18.5094 13.5086 
18.5531 13.4945 
18.5968 13.4806 
18.6404 13.4668 
18.6839 13.4532 
18.7274 13.4396 
18.7708 13.4262 
18.8142 13.413 
18.8575 13.3998 
18.9008 13.3868 
18.944 13.3739 
18.9872 13.3611 
19.0303 13.3484 
19.0734 13.3358 
19.1164 13.3234 
19.1593 13.3111 
19.2023 13.2989 
19.2451 13.2868 
19.288 13.2748 
19.3307 13.263 
19.3735 13.2513 
19.4162 13.2396 
19.4588 13.2281 
19.5014 13.2167 
19.544 13.2054 
19.5865 13.1942 
19.629 13.1832 
19.6714 13.1722 
19.7138 13.1614 
19.7561 13.1506 
19.7984 13.14 
19.8407 13.1294 
19.883 13.119 
19.9252 13.1087 
19.9673 13.0985 
20.0094 13.0884 
20.0515 13.0784 
20.0936 13.0685 
20.1356 13.0587 
20.1776 13.049 
20.2195 13.0393 
20.2615 13.0298 
20.3033 13.0204 
20.3452 13.0111 
20.387 13.0019 
20.4288 12.9928 
20.4706 12.9838 
20.5123 12.9749 
20.554 12.9661 
20.5957 12.9574 
20.6373 12.9488 
20.6789 12.9402 
20.7205 12.9318 
20.7621 12.9234 
20.8036 12.9152 
20.8451 12.907 
20.8866 12.899 
20.9281 12.891 
20.9695 12.8831 
21.0109 12.8753 
21.0523 12.8676 
21.0937 12.86 
21.135 12.8525 
21.1764 12.845 
21.2177 12.8377 
21.2589 12.8304 
21.3002 12.8232 
21.3414 12.8161 
21.3826 12.8091 
21.4238 12.8022 
21.465 12.7954 
21.5062 12.7886 
21.5473 12.782 
21.5885 12.7754 
21.6296 12.7689 
21.6707 12.7625 
21.7117 12.7561 
21.7528 12.7499 
21.7939 12.7437 
21.8349 12.7376 
21.8759 12.7316 
21.9169 12.7257 
21.9579 12.7198 
21.9989 12.714 
22.0398 12.7083 
22.0808 12.7027 
22.1217 12.6972 
22.1627 12.6917 
22.2036 12.6863 
22.2445 12.681 
22.2854 12.6758 
22.3263 12.6706 
22.3671 12.6655 
22.408 12.6605 
22.4489 12.6556 
22.4897 12.6507 
22.5305 12.6459 
22.5714 12.6412 
22.6122 12.6366 
22.653 12.632 
22.6938 12.6275 
22.7346 12.6231 
22.7754 12.6187 
22.8162 12.6144 
22.857 12.6102 
22.8978 12.6061 
22.9386 12.602 
22.9794 12.598 
23.0201 12.5941 
23.0609 12.5902 
23.1017 12.5864 
23.1424 12.5827 
23.1832 12.579 
23.224 12.5754 
23.2647 12.5719 
23.3055 12.5684 
23.3462 12.565 
23.387 12.5617 
23.4277 12.5584 
23.4685 12.5552 
23.5092 12.5521 
23.55 12.549 
23.5908 12.546 
23.6315 12.5431 
23.6723 12.5402 
23.713 12.5374 
23.7538 12.5346 
23.7946 12.5319 
23.8353 12.5293 
23.8761 12.5267 
23.9169 12.5242 
23.9577 12.5218 
23.9985 12.5194 
24.0392 12.5171 
24.08 12.5148 
24.1208 12.5126 
24.1616 12.5105 
24.2025 12.5084 
24.2433 12.5064 
24.2841 12.5044 
24.3249 12.5025 
24.3658 12.5007 
24.4066 12.4989 
24.4475 12.4971 
24.4883 12.4955 
24.5292 12.4939 
24.5701 12.4923 
24.6109 12.4908 
24.6518 12.4894 
24.6927 12.488 
24.7337 12.4866 
24.7746 12.4854 
24.8155 12.4841 
24.8565 12.483 
24.8974 12.4819 
24.9384 12.4808 
24.9793 12.4798 
25.0203 12.4789 
25.0613 12.478 
25.1023 12.4771 
25.1434 12.4763 
25.1844 12.4756 
25.2255 12.4749 
25.2665 12.4743 
25.3076 12.4737 
25.3487 12.4732 
25.3898 12.4727 
25.4309 12.4723 
25.472 12.4719 
25.5132 12.4716 
25.5543 12.4713 
25.5955 12.4711 
25.6367 12.471 
25.6779 12.4708 
25.7192 12.4708 
25.7604 12.4708 
25.8017 12.4708 
25.8429 12.4709 
25.8842 12.471 
25.9255 12.4712 
25.9669 12.4714 
26.0082 12.4717 
26.0496 12.472 
26.0909 12.4724 
26.1323 12.4728 
26.1738 12.4733 
26.2152 12.4738 
26.2567 12.4744 
26.2981 12.475 
26.3396 12.4756 
26.3811 12.4763 
26.4227 12.4771 
26.4642 12.4779 
26.5058 12.4787 
26.5474 12.4796 
26.589 12.4805 
26.6307 12.4815 
26.6723 12.4825 
26.714 12.4836 
26.7557 12.4847 
26.7974 12.4859 
26.8392 12.4871 
26.881 12.4883 
26.9228 12.4896 
26.9646 12.4909 
27.0064 12.4923 
27.0483 12.4937 
27.0902 12.4952 
27.1321 12.4967 
27.1741 12.4983 
27.216 12.4998 
27.258 12.5015 
27.3 12.5032 
27.3421 12.5049 
27.3841 12.5066 
27.4262 12.5084 
27.4683 12.5103 
27.5105 12.5122 
27.5527 12.5141 
27.5949 12.516 
27.6371 12.518 
27.6793 12.5201 
27.7216 12.5222 
27.7639 12.5243 
27.8062 12.5265 
27.8486 12.5287 
27.891 12.5309 
27.9334 12.5332 
27.9759 12.5355 
28.0183 12.5379 
28.0608 12.5403 
28.1034 12.5428 
28.1459 12.5452 
28.1885 12.5478 
28.2311 12.5503 
28.2738 12.5529 
28.3165 12.5555 
28.3592 12.5582 
28.4019 12.5609 
28.4447 12.5637 
28.4875 12.5665 
28.5304 12.5693 
28.5732 12.5721 
28.6161 12.575 
28.6591 12.578 
28.702 12.5809 
28.745 12.584 
28.788 12.587 
28.8311 12.5901 
28.8742 12.5932 
28.9173 12.5964 
28.9605 12.5995 
29.0037 12.6028 
29.0469 12.606 
29.0902 12.6093 
29.1335 12.6126 
29.1768 12.616 
29.2202 12.6194 
29.2636 12.6228 
29.307 12.6263 
29.3505 12.6298 
29.394 12.6334 
29.4375 12.6369 
29.4811 12.6405 
29.5247 12.6442 
29.5683 12.6479 
29.612 12.6516 
29.6557 12.6553 
29.6995 12.6591 
29.7433 12.6629 
29.7871 12.6667 
29.831 12.6706 
29.8749 12.6745 
29.9188 12.6785 
29.9628 12.6824 
30.0068 12.6864 
30.0509 12.6905 
30.095 12.6946 
30.1391 12.6987 
30.1833 12.7028 
30.2275 12.707 
30.2717 12.7112 
30.316 12.7154 
30.3603 12.7197 
30.4047 12.724 
30.4491 12.7283 
30.4936 12.7326 
30.538 12.737 
30.5826 12.7414 
30.6271 12.7459 
30.6717 12.7504 
30.7164 12.7549 
30.7611 12.7594 
30.8058 12.764 
30.8506 12.7686 
30.8954 12.7732 
30.9403 12.7779 
30.9852 12.7826 
31.0301 12.7873 
31.0751 12.7921 
31.1201 12.7968 
31.1652 12.8017 
31.2103 12.8065 
31.2554 12.8114 
31.3006 12.8163 
31.3459 12.8212 
31.3911 12.8262 
31.4365 12.8311 
31.4818 12.8362 
31.5272 12.8412 
31.5727 12.8463 
31.6182 12.8514 
31.6638 12.8565 
31.7093 12.8617 
31.755 12.8669 
31.8007 12.8721 
31.8464 12.8773 
31.8922 12.8826 
31.938 12.8879 
31.9838 12.8932 
32.0298 12.8986 
32.0757 12.9039 
32.1217 12.9093 
32.1678 12.9148 
32.2139 12.9202 
32.26 12.9257 
32.3062 12.9312 
32.3524 12.9368 
32.3987 12.9424 
32.445 12.948 
32.4914 12.9536 
32.5378 12.9592 
32.5843 12.9649 
32.6308 12.9706 
32.6774 12.9763 
32.724 12.9821 
32.7707 12.9879 
32.8174 12.9937 
32.8642 12.9995 
32.911 13.0054 
32.9578 13.0112 
33.0048 13.0172 
33.0517 13.0231 
33.0987 13.0291 
33.1458 13.035 
33.1929 13.041 
33.2401 13.0471 
33.2873 13.0531 
33.3346 13.0592 
33.3819 13.0653 
33.4292 13.0715 
33.4767 13.0776 
33.5241 13.0838 
33.5716 13.09 
33.6192 13.0963 
33.6668 13.1025 
33.7145 13.1088 
33.7622 13.1151 
33.81 13.1215 
33.8579 13.1278 
33.9057 13.1342 
33.9537 13.1406 
34.0017 13.147 
34.0497 13.1535 
34.0978 13.1599 
34.146 13.1664 
34.1942 13.173 
34.2424 13.1795 
34.2907 13.1861 
34.3391 13.1927 
34.3875 13.1993 
34.436 13.2059 
34.4845 13.2126 
34.5331 13.2193 
34.5817 13.226 
34.6304 13.2327 
34.6792 13.2395 
34.728 13.2462 
34.7769 13.253 
34.8258 13.2599 
34.8747 13.2667 
34.9238 13.2736 
34.9729 13.2805 
35.022 13.2874 
35.0712 13.2943 
35.1205 13.3013 
35.1698 13.3082 
35.2191 13.3152 
35.2686 13.3223 
35.318 13.3293 
35.3676 13.3364 
35.4172 13.3435 
35.4668 13.3506 
35.5165 13.3577 
35.5663 13.3649 
35.6161 13.372 
35.666 13.3792 
35.716 13.3864 
35.766 13.3937 
35.816 13.4009 
35.8662 13.4082 
35.9164 13.4155 
35.9666 13.4228 
36.0169 13.4302 
36.0673 13.4375 
36.1177 13.4449 
36.1682 13.4523 
36.2187 13.4598 
36.2693 13.4672 
36.32 13.4747 
36.3707 13.4822 
36.4215 13.4897 
36.4723 13.4972 
36.5232 13.5048 
36.5742 13.5123 
36.6252 13.5199 
36.6763 13.5275 
36.7275 13.5352 
36.7787 13.5428 
36.8299 13.5505 
36.8813 13.5582 
36.9327 13.5659 
36.9841 13.5736 
37.0357 13.5814 
37.0873 13.5891 
37.1389 13.5969 
37.1906 13.6047 
37.2424 13.6126 
37.2942 13.6204 
37.3461 13.6283 
37.3981 13.6362 
37.4501 13.6441 
37.5022 13.652 
37.5544 13.6599 
37.6066 13.6679 
37.6589 13.6759 
37.7113 13.6839 
37.7637 13.6919 
37.8162 13.6999 
37.8687 13.708 
37.9213 13.7161 
37.974 13.7242 
38.0268 13.7323 
38.0796 13.7404 
38.1324 13.7486 
38.1854 13.7568 
38.2384 13.7649 
38.2915 13.7732 
38.3446 13.7814 
38.3978 13.7896 
38.4511 13.7979 
38.5045 13.8062 
38.5579 13.8145 
38.6113 13.8228 
38.6649 13.8311 
38.7185 13.8395 
38.7722 13.8479 
38.8259 13.8563 
38.8797 13.8647 
38.9336 13.8731 
38.9876 13.8815 
39.0416 13.89 
39.0957 13.8985 
39.1499 13.907 
39.2041 13.9155 
39.2584 13.924 
39.3128 13.9326 
39.3672 13.9411 
39.4217 13.9497 
39.4763 13.9583 
39.5309 13.967 
39.5856 13.9756 
39.6404 13.9843 
39.6953 13.9929 
39.7502 14.0016 
39.8052 14.0103 
39.8603 14.0191 
39.9154 14.0278 
39.9706 14.0366 
40.0259 14.0453 
40.0813 14.0541 
40.1367 14.0629 
40.1922 14.0718 
40.2478 14.0806 
40.3034 14.0895 
40.3591 14.0984 
40.4149 14.1072 
40.4708 14.1162 
40.5267 14.1251 
40.5827 14.134 
40.6388 14.143 
40.695 14.152 
40.7512 14.161 
40.8075 14.17 
40.8639 14.179 
40.9203 14.1881 
40.9768 14.1971 
41.0334 14.2062 
41.0901 14.2153 
41.1468 14.2244 
41.2037 14.2335 
41.2606 14.2427 
41.3175 14.2518 
41.3746 14.261 
41.4317 14.2702 
41.4889 14.2794 
41.5462 14.2886 
41.6035 14.2979 
41.6609 14.3071 
41.7184 14.3164 
41.776 14.3257 
41.8337 14.335 
41.8914 14.3443 
41.9492 14.3536 
42.0071 14.363 
42.065 14.3724 
42.1231 14.3817 
42.1812 14.3911 
42.2394 14.4006 
42.2976 14.41 
42.356 14.4194 
42.4144 14.4289 
42.4729 14.4384 
42.5315 14.4479 
42.5901 14.4574 
42.6489 14.4669 
42.7077 14.4764 
42.7666 14.486 
42.8256 14.4955 
42.8846 14.5051 
42.9438 14.5147 
43.003 14.5243 
43.0623 14.534 
43.1216 14.5436 
43.1811 14.5533 
43.2406 14.5629 
43.3002 14.5726 
43.3599 14.5823 
43.4197 14.5921 
43.4795 14.6018 
43.5395 14.6116 
43.5995 14.6213 
43.6596 14.6311 
43.7198 14.6409 
43.78 14.6507 
43.8404 14.6605 
43.9008 14.6704 
43.9613 14.6802 
44.0219 14.6901 
44.0826 14.7 
44.1433 14.7099 
44.2041 14.7198 
44.2651 14.7297 
44.3261 14.7397 
44.3871 14.7496 
44.4483 14.7596 
44.5096 14.7696 
44.5709 14.7796 
44.6323 14.7896 
44.6938 14.7996 
44.7554 14.8097 
44.8171 14.8197 
44.8788 14.8298 
44.9407 14.8399 
45.0026 14.85 
45.0646 14.8601 
45.1267 14.8702 
45.1889 14.8804 
45.2512 14.8905 
45.3135 14.9007 
45.3759 14.9109 
45.4385 14.9211 
45.5011 14.9313 
45.5638 14.9415 
45.6265 14.9518 
45.6894 14.962 
45.7524 14.9723 
45.8154 14.9826 
45.8785 14.9929 
45.9418 15.0032 
46.0051 15.0135 
46.0685 15.0239 
46.1319 15.0342 
46.1955 15.0446 
46.2591 15.055 
46.3229 15.0654 
46.3867 15.0758 
46.4506 15.0862 
46.5146 15.0967 
46.5787 15.1071 
46.6429 15.1176 
46.7072 15.1281 
46.7716 15.1386 
46.836 15.1491 
46.9006 15.1596 
46.9652 15.1701 
47.0299 15.1807 
47.0947 15.1912 
47.1596 15.2018 
47.2246 15.2124 
47.2897 15.223 
47.3549 15.2336 
47.4201 15.2443 
47.4855 15.2549 
47.551 15.2656 
47.6165 15.2762 
47.6821 15.2869 
47.7478 15.2976 
47.8137 15.3083 
47.8796 15.319 
47.9456 15.3298 
48.0117 15.3405 
48.0778 15.3513 
48.1441 15.3621 
48.2105 15.3729 
48.2769 15.3837 
48.3435 15.3945 
48.4101 15.4053 
48.4769 15.4162 
48.5437 15.427 
48.6107 15.4379 
48.6777 15.4488 
48.7448 15.4597 
48.812 15.4706 
48.8793 15.4815 
48.9467 15.4925 
49.0142 15.5034 
49.0818 15.5144 
49.1495 15.5253 
49.2173 15.5363 
49.2852 15.5473 
49.3531 15.5584 
49.4212 15.5694 
49.4894 15.5804 
49.5576 15.5915 
49.626 15.6025 
49.6944 15.6136 
49.763 15.6247 
49.8316 15.6358 
49.9004 15.6469 
49.9692 15.6581 
50.0382 15.6692 
50.1072 15.6804 
50.1763 15.6916 
50.2456 15.7027 
50.3149 15.7139 
50.3843 15.7251 
50.4539 15.7364 
50.5235 15.7476 
50.5932 15.7589 
50.663 15.7701 
50.733 15.7814 
50.803 15.7927 
50.8731 15.804 
50.9433 15.8153 
51.0137 15.8266 
51.0841 15.838 
51.1546 15.8493 
51.2252 15.8607 
51.296 15.872 
51.3668 15.8834 
51.4377 15.8948 
51.5087 15.9062 
51.5799 15.9177 
51.6511 15.9291 
51.7224 15.9406 
51.7938 15.952 
51.8654 15.9635 
51.937 15.975 
52.0088 15.9865 
52.0806 15.998 
52.1525 16.0095 
52.2246 16.0211 
52.2967 16.0326 
52.369 16.0442 
52.4413 16.0558 
52.5138 16.0674 
52.5864 16.079 
52.659 16.0906 
52.7318 16.1022 
52.8047 16.1138 
52.8776 16.1255 
52.9507 16.1372 
53.0239 16.1488 
53.0972 16.1605 
53.1706 16.1722 
53.2441 16.1839 
53.3177 16.1957 
53.3914 16.2074 
53.4652 16.2192 
53.5392 16.2309 
53.6132 16.2427 
53.6873 16.2545 
53.7616 16.2663 
53.8359 16.2781 
53.9104 16.2899 
53.985 16.3018 
54.0596 16.3136 
54.1344 16.3255 
54.2093 16.3374 
54.2843 16.3492 
54.3594 16.3611 
54.4346 16.3731 
54.5099 16.385 
54.5853 16.3969 
54.6609 16.4089 
54.7365 16.4208 
54.8123 16.4328 
54.8881 16.4448 
54.9641 16.4568 
55.0402 16.4688 
55.1164 16.4808 
55.1927 16.4928 
55.2691 16.5049 
55.3456 16.517 
55.4223 16.529 
55.499 16.5411 
55.5758 16.5532 
55.6528 16.5653 
55.7299 16.5774 
55.8071 16.5896 
55.8844 16.6017 
55.9618 16.6139 
56.0393 16.626 
56.1169 16.6382 
56.1947 16.6504 
56.2725 16.6626 
56.3505 16.6748 
56.4286 16.6871 
56.5068 16.6993 
56.5851 16.7115 
56.6635 16.7238 
56.7421 16.7361 
56.8207 16.7484 
56.8995 16.7607 
56.9784 16.773 
57.0574 16.7853 
57.1365 16.7977 
57.2157 16.81 
57.295 16.8224 
57.3745 16.8347 
57.4541 16.8471 
57.5337 16.8595 
57.6135 16.8719 
57.6935 16.8844 
57.7735 16.8968 
57.8536 16.9092 
57.9339 16.9217 
58.0143 16.9342 
58.0948 16.9467 
58.1754 16.9591 
58.2561 16.9717 
58.337 16.9842 
58.4179 16.9967 
58.499 17.0092 
58.5802 17.0218 
58.6616 17.0344 
58.743 17.0469 
58.8246 17.0595 
58.9062 17.0721 
58.988 17.0848 
59.0699 17.0974 
59.152 17.11 
59.2341 17.1227 
59.3164 17.1353 
59.3988 17.148 
59.4813 17.1607 
59.5639 17.1734 
59.6467 17.1861 
59.7296 17.1988 
59.8126 17.2116 
59.8957 17.2243 
59.9789 17.2371 
60.0623 17.2498 
60.1458 17.2626 
60.2294 17.2754 
60.3131 17.2882 
60.3969 17.301 
60.4809 17.3139 
60.565 17.3267 
60.6492 17.3396 
60.7335 17.3524 
60.818 17.3653 
60.9026 17.3782 
60.9873 17.3911 
61.0721 17.404 
61.1571 17.4169 
61.2422 17.4299 
61.3274 17.4428 
61.4127 17.4558 
61.4981 17.4688 
61.5837 17.4817 
61.6694 17.4947 
61.7553 17.5077 
61.8412 17.5208 
61.9273 17.5338 
62.0135 17.5468 
62.0998 17.5599 
62.1863 17.573 
62.2729 17.5861 
62.3596 17.5991 
62.4464 17.6122 
62.5334 17.6254 
62.6205 17.6385 
62.7077 17.6516 
62.7951 17.6648 
62.8825 17.678 
62.9702 17.6911 
63.0579 17.7043 
63.1458 17.7175 
63.2337 17.7307 
63.3219 17.744 
63.4101 17.7572 
63.4985 17.7704 
63.587 17.7837 
63.6756 17.797 
63.7644 17.8102 
63.8533 17.8235 
63.9424 17.8369 
64.0315 17.8502 
64.1208 17.8635 
64.2102 17.8768 
64.2998 17.8902 
64.3895 17.9036 
64.4793 17.9169 
64.5692 17.9303 
64.6593 17.9437 
64.7495 17.9572 
64.8399 17.9706 
64.9304 17.984 
65.021 17.9975 
65.1117 18.0109 
65.2026 18.0244 
65.2936 18.0379 
65.3848 18.0514 
65.4761 18.0649 
65.5675 18.0784 
65.659 18.092 
65.7507 18.1055 
65.8425 18.1191 
65.9345 18.1326 
66.0266 18.1462 
66.1188 18.1598 
66.2112 18.1734 
66.3037 18.187 
66.3963 18.2007 
66.4891 18.2143 
66.582 18.228 
66.675 18.2416 
66.7682 18.2553 
66.8615 18.269 
66.955 18.2827 
67.0486 18.2964 
67.1423 18.3101 
67.2362 18.3239 
67.3302 18.3376 
67.4244 18.3514 
67.5187 18.3652 
67.6131 18.379 
67.7076 18.3928 
67.8024 18.4066 
67.8972 18.4204 
67.9922 18.4342 
68.0873 18.4481 
68.1826 18.4619 
68.278 18.4758 
68.3735 18.4897 
68.4692 18.5036 
68.5651 18.5175 
68.661 18.5314 
68.7571 18.5453 
68.8534 18.5593 
68.9498 18.5732 
69.0463 18.5872 
69.143 18.6012 
69.2398 18.6152 
69.3368 18.6292 
69.4339 18.6432 
69.5312 18.6572 
69.6286 18.6712 
69.7261 18.6853 
69.8238 18.6994 
69.9216 18.7134 
70.0196 18.7275 
70.1177 18.7416 
70.216 18.7557 
70.3144 18.7699 
70.413 18.784 
70.5117 18.7981 
70.6105 18.8123 
70.7095 18.8265 
70.8087 18.8407 
70.908 18.8549 
71.0074 18.8691 
71.107 18.8833 
71.2067 18.8975 
71.3066 18.9118 
71.4066 18.926 
71.5068 18.9403 
71.6071 18.9546 
71.7076 18.9689 
71.8082 18.9832 
71.909 18.9975 
72.0099 19.0118 
72.111 19.0262 
72.2122 19.0405 
72.3136 19.0549 
72.4151 19.0693 
72.5168 19.0837 
72.6186 19.0981 
72.7206 19.1125 
72.8227 19.1269 
72.925 19.1413 
73.0274 19.1558 
73.13 19.1703 
73.2327 19.1847 
73.3356 19.1992 
73.4386 19.2137 
73.5418 19.2282 
73.6451 19.2428 
73.7486 19.2573 
73.8523 19.2719 
73.9561 19.2864 
74.06 19.301 
74.1642 19.3156 
74.2684 19.3302 
