-3 -3 
-2.9996 -3.00521 
-2.99919 -3.01042 
-2.99877 -3.01564 
-2.99835 -3.02087 
-2.99792 -3.0261 
-2.99748 -3.03134 
-2.99704 -3.03658 
-2.99659 -3.04183 
-2.99613 -3.04708 
-2.99567 -3.05234 
-2.9952 -3.05761 
-2.99473 -3.06288 
-2.99425 -3.06816 
-2.99376 -3.07344 
-2.99326 -3.07873 
-2.99276 -3.08403 
-2.99225 -3.08933 
-2.99173 -3.09464 
-2.99121 -3.09995 
-2.99068 -3.10527 
-2.99015 -3.1106 
-2.9896 -3.11593 
-2.98905 -3.12127 
-2.9885 -3.12661 
-2.98793 -3.13196 
-2.98736 -3.13732 
-2.98678 -3.14268 
-2.9862 -3.14805 
-2.98561 -3.15342 
-2.98501 -3.1588 
-2.9844 -3.16419 
-2.98379 -3.16958 
-2.98317 -3.17498 
-2.98254 -3.18038 
-2.98191 -3.18579 
-2.98127 -3.19121 
-2.98062 -3.19663 
-2.97996 -3.20206 
-2.9793 -3.20749 
-2.97863 -3.21294 
-2.97795 -3.21838 
-2.97727 -3.22384 
-2.97658 -3.2293 
-2.97588 -3.23476 
-2.97517 -3.24024 
-2.97446 -3.24571 
-2.97373 -3.2512 
-2.97301 -3.25669 
-2.97227 -3.26219 
-2.97152 -3.26769 
-2.97077 -3.2732 
-2.97001 -3.27872 
-2.96925 -3.28424 
-2.96847 -3.28977 
-2.96769 -3.2953 
-2.9669 -3.30085 
-2.96611 -3.30639 
-2.9653 -3.31195 
-2.96449 -3.31751 
-2.96367 -3.32308 
-2.96284 -3.32865 
-2.96201 -3.33423 
-2.96116 -3.33982 
-2.96031 -3.34541 
-2.95945 -3.35101 
-2.95859 -3.35662 
-2.95771 -3.36223 
-2.95683 -3.36785 
-2.95594 -3.37347 
-2.95504 -3.37911 
-2.95413 -3.38474 
-2.95322 -3.39039 
-2.95229 -3.39604 
-2.95136 -3.4017 
-2.95043 -3.40736 
-2.94948 -3.41304 
-2.94852 -3.41871 
-2.94756 -3.4244 
-2.94659 -3.43009 
-2.94561 -3.43579 
-2.94462 -3.44149 
-2.94363 -3.4472 
-2.94262 -3.45292 
-2.94161 -3.45865 
-2.94059 -3.46438 
-2.93956 -3.47012 
-2.93852 -3.47586 
-2.93747 -3.48161 
-2.93642 -3.48737 
-2.93536 -3.49314 
-2.93429 -3.49891 
-2.93321 -3.50469 
-2.93212 -3.51047 
-2.93102 -3.51627 
-2.92991 -3.52207 
-2.9288 -3.52787 
-2.92768 -3.53368 
-2.92654 -3.5395 
-2.9254 -3.54533 
-2.92425 -3.55116 
-2.9231 -3.55701 
-2.92193 -3.56285 
-2.92075 -3.56871 
-2.91957 -3.57457 
-2.91838 -3.58044 
-2.91717 -3.58631 
-2.91596 -3.59219 
-2.91474 -3.59808 
-2.91351 -3.60398 
-2.91228 -3.60988 
-2.91103 -3.61579 
-2.90977 -3.62171 
-2.90851 -3.62764 
-2.90723 -3.63357 
-2.90595 -3.63951 
-2.90466 -3.64545 
-2.90335 -3.6514 
-2.90204 -3.65736 
-2.90072 -3.66333 
-2.89939 -3.66931 
-2.89805 -3.67529 
-2.89671 -3.68128 
-2.89535 -3.68727 
-2.89398 -3.69328 
-2.8926 -3.69929 
-2.89122 -3.7053 
-2.88982 -3.71133 
-2.88842 -3.71736 
-2.887 -3.7234 
-2.88558 -3.72945 
-2.88415 -3.7355 
-2.8827 -3.74156 
-2.88125 -3.74763 
-2.87979 -3.75371 
-2.87831 -3.75979 
-2.87683 -3.76588 
-2.87534 -3.77198 
-2.87384 -3.77809 
-2.87233 -3.7842 
-2.8708 -3.79032 
-2.86927 -3.79645 
-2.86773 -3.80259 
-2.86618 -3.80873 
-2.86462 -3.81488 
-2.86305 -3.82104 
-2.86147 -3.8272 
-2.85987 -3.83338 
-2.85827 -3.83956 
-2.85666 -3.84574 
-2.85504 -3.85194 
-2.85341 -3.85814 
-2.85176 -3.86436 
-2.85011 -3.87057 
-2.84845 -3.8768 
-2.84678 -3.88303 
-2.84509 -3.88928 
-2.8434 -3.89553 
-2.84169 -3.90178 
-2.83998 -3.90805 
-2.83825 -3.91432 
-2.83652 -3.9206 
-2.83477 -3.92689 
-2.83301 -3.93319 
-2.83124 -3.93949 
-2.82947 -3.9458 
-2.82768 -3.95212 
-2.82588 -3.95845 
-2.82407 -3.96478 
-2.82224 -3.97113 
-2.82041 -3.97748 
-2.81857 -3.98384 
-2.81672 -3.9902 
-2.81485 -3.99658 
-2.81297 -4.00296 
-2.81109 -4.00935 
-2.80919 -4.01575 
-2.80728 -4.02216 
-2.80536 -4.02857 
-2.80343 -4.03499 
-2.80149 -4.04142 
-2.79953 -4.04786 
-2.79757 -4.05431 
-2.79559 -4.06077 
-2.7936 -4.06723 
-2.79161 -4.0737 
-2.7896 -4.08018 
-2.78757 -4.08667 
-2.78554 -4.09316 
-2.7835 -4.09967 
-2.78144 -4.10618 
-2.77937 -4.1127 
-2.7773 -4.11923 
-2.7752 -4.12577 
-2.7731 -4.13231 
-2.77099 -4.13886 
-2.76886 -4.14543 
-2.76673 -4.152 
-2.76458 -4.15858 
-2.76242 -4.16516 
-2.76024 -4.17176 
-2.75806 -4.17836 
-2.75586 -4.18497 
-2.75365 -4.19159 
-2.75143 -4.19822 
-2.7492 -4.20486 
-2.74695 -4.21151 
-2.7447 -4.21816 
-2.74243 -4.22483 
-2.74015 -4.2315 
-2.73785 -4.23818 
-2.73555 -4.24487 
-2.73323 -4.25156 
-2.7309 -4.25827 
-2.72856 -4.26498 
-2.7262 -4.27171 
-2.72383 -4.27844 
-2.72145 -4.28518 
-2.71906 -4.29193 
-2.71666 -4.29869 
-2.71424 -4.30545 
-2.71181 -4.31223 
-2.70936 -4.31901 
-2.70691 -4.32581 
-2.70444 -4.33261 
-2.70196 -4.33942 
-2.69946 -4.34624 
-2.69696 -4.35307 
-2.69444 -4.35991 
-2.6919 -4.36675 
-2.68936 -4.37361 
-2.6868 -4.38047 
-2.68423 -4.38735 
-2.68164 -4.39423 
-2.67904 -4.40112 
-2.67643 -4.40802 
-2.67381 -4.41493 
-2.67117 -4.42185 
-2.66852 -4.42877 
-2.66585 -4.43571 
-2.66318 -4.44266 
-2.66048 -4.44961 
-2.65778 -4.45658 
-2.65506 -4.46355 
-2.65233 -4.47053 
-2.64958 -4.47752 
-2.64682 -4.48452 
-2.64405 -4.49153 
-2.64126 -4.49855 
-2.63846 -4.50558 
-2.63565 -4.51262 
-2.63282 -4.51967 
-2.62998 -4.52672 
-2.62712 -4.53379 
-2.62425 -4.54086 
-2.62137 -4.54795 
-2.61847 -4.55504 
-2.61556 -4.56215 
-2.61263 -4.56926 
-2.60969 -4.57638 
-2.60673 -4.58351 
-2.60377 -4.59066 
-2.60078 -4.59781 
-2.59778 -4.60497 
-2.59477 -4.61214 
-2.59175 -4.61932 
-2.5887 -4.62651 
-2.58565 -4.63371 
-2.58258 -4.64092 
-2.57949 -4.64814 
-2.57639 -4.65536 
-2.57328 -4.6626 
-2.57015 -4.66985 
-2.56701 -4.67711 
-2.56385 -4.68438 
-2.56067 -4.69165 
-2.55748 -4.69894 
-2.55428 -4.70624 
-2.55106 -4.71355 
-2.54783 -4.72086 
-2.54458 -4.72819 
-2.54132 -4.73553 
-2.53804 -4.74287 
-2.53474 -4.75023 
-2.53143 -4.7576 
-2.52811 -4.76497 
-2.52476 -4.77236 
-2.52141 -4.77976 
-2.51804 -4.78717 
-2.51465 -4.79458 
-2.51125 -4.80201 
-2.50783 -4.80945 
-2.50439 -4.8169 
-2.50094 -4.82436 
-2.49748 -4.83182 
-2.494 -4.8393 
-2.4905 -4.84679 
-2.48698 -4.85429 
-2.48346 -4.8618 
-2.47991 -4.86932 
-2.47635 -4.87685 
-2.47277 -4.88439 
-2.46918 -4.89195 
-2.46557 -4.89951 
-2.46194 -4.90708 
-2.4583 -4.91466 
-2.45464 -4.92226 
-2.45096 -4.92986 
-2.44727 -4.93748 
-2.44356 -4.9451 
-2.43983 -4.95274 
-2.43609 -4.96038 
-2.43233 -4.96804 
-2.42856 -4.97571 
-2.42477 -4.98339 
-2.42096 -4.99108 
-2.41713 -4.99878 
-2.41329 -5.00649 
-2.40943 -5.01421 
-2.40555 -5.02194 
-2.40166 -5.02969 
-2.39775 -5.03744 
-2.39382 -5.04521 
-2.38987 -5.05299 
-2.38591 -5.06077 
-2.38193 -5.06857 
-2.37793 -5.07638 
-2.37391 -5.0842 
-2.36988 -5.09203 
-2.36583 -5.09988 
-2.36176 -5.10773 
-2.35768 -5.1156 
-2.35357 -5.12347 
-2.34945 -5.13136 
-2.34531 -5.13926 
-2.34115 -5.14717 
-2.33698 -5.15509 
-2.33278 -5.16302 
-2.32857 -5.17097 
-2.32434 -5.17892 
-2.3201 -5.18689 
-2.31583 -5.19487 
-2.31154 -5.20286 
-2.30724 -5.21086 
-2.30292 -5.21888 
-2.29858 -5.2269 
-2.29422 -5.23494 
-2.28985 -5.24298 
-2.28545 -5.25104 
-2.28104 -5.25911 
-2.2766 -5.2672 
-2.27215 -5.27529 
-2.26768 -5.2834 
-2.26319 -5.29152 
-2.25868 -5.29965 
-2.25415 -5.30779 
-2.24961 -5.31594 
-2.24504 -5.32411 
-2.24046 -5.33228 
-2.23585 -5.34047 
-2.23123 -5.34868 
-2.22658 -5.35689 
-2.22192 -5.36511 
-2.21724 -5.37335 
-2.21254 -5.3816 
-2.20781 -5.38986 
-2.20307 -5.39814 
-2.19831 -5.40642 
-2.19353 -5.41472 
-2.18873 -5.42303 
-2.18391 -5.43135 
-2.17907 -5.43969 
-2.1742 -5.44804 
-2.16932 -5.4564 
-2.16442 -5.46477 
-2.1595 -5.47315 
-2.15456 -5.48155 
-2.14959 -5.48996 
-2.14461 -5.49838 
-2.13961 -5.50682 
-2.13458 -5.51526 
-2.12954 -5.52372 
-2.12447 -5.5322 
-2.11938 -5.54068 
-2.11428 -5.54918 
-2.10915 -5.55769 
-2.104 -5.56621 
-2.09883 -5.57475 
-2.09364 -5.5833 
-2.08842 -5.59186 
-2.08319 -5.60044 
-2.07793 -5.60902 
-2.07266 -5.61762 
-2.06736 -5.62624 
-2.06204 -5.63487 
-2.0567 -5.64351 
-2.05133 -5.65216 
-2.04595 -5.66082 
-2.04054 -5.6695 
-2.03511 -5.6782 
-2.02966 -5.6869 
-2.02419 -5.69562 
-2.01869 -5.70435 
-2.01318 -5.7131 
-2.00764 -5.72186 
-2.00208 -5.73063 
-1.99649 -5.73942 
-1.99088 -5.74822 
-1.98526 -5.75703 
-1.9796 -5.76586 
-1.97393 -5.7747 
-1.96823 -5.78355 
-1.96251 -5.79242 
-1.95677 -5.8013 
-1.95101 -5.81019 
-1.94522 -5.8191 
-1.93941 -5.82803 
-1.93357 -5.83696 
-1.92771 -5.84591 
-1.92183 -5.85488 
-1.91593 -5.86385 
-1.91 -5.87285 
-1.90405 -5.88185 
-1.89807 -5.89087 
-1.89207 -5.89991 
-1.88605 -5.90896 
-1.88 -5.91802 
-1.87393 -5.92709 
-1.86784 -5.93619 
-1.86172 -5.94529 
-1.85558 -5.95441 
-1.84941 -5.96354 
-1.84322 -5.97269 
-1.837 -5.98186 
-1.83076 -5.99103 
-1.8245 -6.00022 
-1.81821 -6.00943 
-1.81189 -6.01865 
-1.80555 -6.02789 
-1.79919 -6.03714 
-1.7928 -6.0464 
-1.78639 -6.05568 
-1.77995 -6.06498 
-1.77349 -6.07429 
-1.767 -6.08361 
-1.76048 -6.09295 
-1.75394 -6.10231 
-1.74738 -6.11167 
-1.74079 -6.12106 
-1.73417 -6.13046 
-1.72753 -6.13987 
-1.72086 -6.1493 
-1.71417 -6.15875 
-1.70745 -6.16821 
-1.7007 -6.17768 
-1.69393 -6.18717 
-1.68713 -6.19668 
-1.6803 -6.2062 
-1.67345 -6.21574 
-1.66657 -6.22529 
-1.65967 -6.23486 
-1.65274 -6.24444 
-1.64578 -6.25404 
-1.6388 -6.26366 
-1.63178 -6.27329 
-1.62475 -6.28293 
-1.61768 -6.2926 
-1.61059 -6.30227 
-1.60347 -6.31197 
-1.59632 -6.32168 
-1.58914 -6.3314 
-1.58194 -6.34115 
-1.57471 -6.3509 
-1.56745 -6.36068 
-1.56017 -6.37047 
-1.55285 -6.38028 
-1.54551 -6.3901 
-1.53814 -6.39994 
-1.53074 -6.40979 
-1.52332 -6.41967 
-1.51586 -6.42955 
-1.50838 -6.43946 
-1.50087 -6.44938 
-1.49333 -6.45932 
-1.48576 -6.46927 
-1.47816 -6.47925 
-1.47053 -6.48923 
-1.46288 -6.49924 
-1.45519 -6.50926 
-1.44748 -6.5193 
-1.43973 -6.52936 
-1.43196 -6.53943 
-1.42416 -6.54952 
-1.41633 -6.55962 
-1.40846 -6.56975 
-1.40057 -6.57989 
-1.39265 -6.59005 
-1.3847 -6.60022 
-1.37672 -6.61042 
-1.36871 -6.62063 
-1.36066 -6.63086 
-1.35259 -6.6411 
-1.34449 -6.65136 
-1.33635 -6.66164 
-1.32819 -6.67194 
-1.31999 -6.68226 
-1.31177 -6.69259 
-1.30351 -6.70294 
-1.29522 -6.71331 
-1.2869 -6.7237 
-1.27855 -6.73411 
-1.27017 -6.74453 
-1.26176 -6.75497 
-1.25331 -6.76543 
-1.24483 -6.77591 
-1.23632 -6.7864 
-1.22778 -6.79692 
-1.21921 -6.80745 
-1.2106 -6.818 
-1.20197 -6.82857 
-1.1933 -6.83916 
-1.18459 -6.84977 
-1.17586 -6.86039 
-1.16709 -6.87104 
-1.15829 -6.8817 
-1.14946 -6.89238 
-1.14059 -6.90308 
-1.13169 -6.9138 
-1.12276 -6.92454 
-1.11379 -6.9353 
-1.10479 -6.94607 
-1.09576 -6.95687 
-1.08669 -6.96768 
-1.07759 -6.97852 
-1.06846 -6.98937 
-1.05929 -7.00024 
-1.05008 -7.01114 
-1.04085 -7.02205 
-1.03157 -7.03298 
-1.02227 -7.04393 
-1.01293 -7.0549 
-1.00355 -7.06589 
-0.994139 -7.0769 
-0.984693 -7.08793 
-0.975212 -7.09898 
-0.965696 -7.11005 
-0.956145 -7.12115 
-0.946558 -7.13226 
-0.936935 -7.14339 
-0.927277 -7.15454 
-0.917583 -7.16571 
-0.907852 -7.1769 
-0.898086 -7.18811 
-0.888284 -7.19935 
-0.878445 -7.2106 
-0.86857 -7.22188 
-0.858658 -7.23317 
-0.848709 -7.24449 
-0.838724 -7.25582 
-0.828701 -7.26718 
-0.818642 -7.27856 
-0.808545 -7.28996 
-0.798411 -7.30138 
-0.788239 -7.31282 
-0.77803 -7.32429 
-0.767783 -7.33577 
-0.757499 -7.34728 
-0.747176 -7.3588 
-0.736815 -7.37035 
-0.726416 -7.38192 
-0.715978 -7.39352 
-0.705502 -7.40513 
-0.694987 -7.41677 
-0.684433 -7.42843 
-0.673841 -7.44011 
-0.663209 -7.45181 
-0.652538 -7.46353 
-0.641828 -7.47528 
-0.631078 -7.48705 
-0.620289 -7.49884 
-0.60946 -7.51066 
-0.598591 -7.52249 
-0.587682 -7.53435 
-0.576732 -7.54623 
-0.565743 -7.55814 
-0.554713 -7.57006 
-0.543642 -7.58201 
-0.532531 -7.59399 
-0.521379 -7.60598 
-0.510185 -7.618 
-0.498951 -7.63005 
-0.487675 -7.64211 
-0.476357 -7.6542 
-0.464998 -7.66631 
-0.453598 -7.67845 
-0.442155 -7.69061 
-0.43067 -7.70279 
-0.419143 -7.715 
-0.407574 -7.72723 
-0.395962 -7.73949 
-0.384308 -7.75177 
-0.37261 -7.76407 
-0.36087 -7.7764 
-0.349086 -7.78875 
-0.33726 -7.80113 
-0.32539 -7.81353 
-0.313476 -7.82595 
-0.301518 -7.8384 
-0.289517 -7.85088 
-0.277471 -7.86338 
-0.265381 -7.8759 
-0.253247 -7.88845 
-0.241069 -7.90103 
-0.228845 -7.91363 
-0.216577 -7.92625 
-0.204264 -7.9389 
-0.191905 -7.95158 
-0.179501 -7.96428 
-0.167052 -7.97701 
-0.154557 -7.98976 
-0.142016 -8.00254 
-0.129429 -8.01534 
-0.116796 -8.02817 
-0.104117 -8.04103 
-0.0913909 -8.05391 
-0.0786182 -8.06682 
-0.0657987 -8.07975 
-0.0529322 -8.09272 
-0.0400185 -8.1057 
-0.0270574 -8.11872 
-0.0140487 -8.13176 
-0.000992309 -8.14483 
0.012112 -8.15792 
0.0252643 -8.17105 
0.038465 -8.1842 
0.051714 -8.19737 
0.0650117 -8.21058 
0.0783581 -8.22381 
0.0917535 -8.23707 
0.105198 -8.25035 
0.118692 -8.26367 
0.132235 -8.27701 
0.145828 -8.29038 
0.159471 -8.30378 
0.173165 -8.31721 
0.186908 -8.33066 
0.200702 -8.34415 
0.214546 -8.35766 
0.228441 -8.3712 
0.242387 -8.38477 
0.256385 -8.39837 
0.270434 -8.41199 
0.284534 -8.42565 
0.298686 -8.43933 
0.31289 -8.45305 
0.327146 -8.46679 
0.341455 -8.48057 
0.355816 -8.49437 
0.37023 -8.5082 
0.384697 -8.52206 
0.399217 -8.53596 
0.413791 -8.54988 
0.428418 -8.56383 
0.443098 -8.57781 
0.457833 -8.59183 
0.472622 -8.60587 
0.487465 -8.61994 
0.502363 -8.63405 
0.517316 -8.64819 
0.532323 -8.66235 
0.547386 -8.67655 
0.562505 -8.69078 
0.577678 -8.70504 
0.592908 -8.71933 
0.608194 -8.73366 
0.623536 -8.74801 
0.638935 -8.7624 
0.65439 -8.77682 
0.669902 -8.79127 
0.685472 -8.80576 
0.701098 -8.82027 
0.716783 -8.83482 
0.732525 -8.8494 
0.748325 -8.86402 
0.764184 -8.87867 
0.780101 -8.89335 
0.796076 -8.90806 
0.812111 -8.92281 
0.828205 -8.93759 
0.844358 -8.9524 
0.860571 -8.96725 
0.876843 -8.98213 
0.893176 -8.99704 
0.909569 -9.01199 
0.926023 -9.02698 
0.942538 -9.042 
0.959113 -9.05705 
0.97575 -9.07214 
0.992449 -9.08726 
1.00921 -9.10242 
1.02603 -9.11761 
1.04292 -9.13284 
1.05986 -9.1481 
1.07687 -9.1634 
1.09395 -9.17873 
1.11108 -9.1941 
1.12828 -9.20951 
1.14555 -9.22495 
1.16287 -9.24043 
1.18026 -9.25595 
1.19772 -9.2715 
1.21524 -9.28709 
1.23283 -9.30271 
1.25048 -9.31838 
1.2682 -9.33408 
1.28598 -9.34981 
1.30383 -9.36559 
1.32174 -9.3814 
1.33973 -9.39725 
1.35778 -9.41314 
1.37589 -9.42907 
1.39408 -9.44503 
1.41233 -9.46104 
1.43065 -9.47708 
1.44903 -9.49316 
1.46749 -9.50928 
1.48602 -9.52544 
1.50461 -9.54164 
1.52327 -9.55788 
1.54201 -9.57416 
1.56081 -9.59048 
1.57968 -9.60684 
1.59863 -9.62324 
1.61764 -9.63968 
1.63673 -9.65616 
1.65589 -9.67268 
1.67512 -9.68924 
1.69442 -9.70585 
1.71379 -9.72249 
1.73324 -9.73918 
1.75276 -9.7559 
1.77235 -9.77267 
1.79202 -9.78949 
1.81176 -9.80634 
1.83157 -9.82324 
1.85146 -9.84018 
1.87143 -9.85716 
1.89147 -9.87419 
1.91158 -9.89125 
1.93177 -9.90837 
1.95204 -9.92552 
1.97238 -9.94272 
1.9928 -9.95997 
2.01329 -9.97725 
2.03387 -9.99459 
2.05452 -10.012 
2.07525 -10.0294 
2.09606 -10.0469 
2.11694 -10.0644 
2.13791 -10.0819 
2.15895 -10.0995 
2.18008 -10.1172 
2.20128 -10.1349 
2.22257 -10.1526 
2.24393 -10.1704 
2.26538 -10.1882 
2.28691 -10.2061 
2.30852 -10.2241 
2.33021 -10.242 
2.35199 -10.2601 
2.37384 -10.2781 
2.39579 -10.2963 
2.41781 -10.3144 
2.43992 -10.3326 
2.46211 -10.3509 
2.48439 -10.3692 
2.50675 -10.3876 
2.5292 -10.406 
2.55173 -10.4245 
2.57436 -10.443 
2.59706 -10.4616 
2.61986 -10.4802 
2.64274 -10.4988 
2.66571 -10.5176 
2.68876 -10.5363 
2.71191 -10.5551 
2.73514 -10.574 
2.75847 -10.5929 
2.78188 -10.6119 
2.80539 -10.631 
2.82898 -10.65 
2.85267 -10.6692 
2.87644 -10.6884 
2.90031 -10.7076 
2.92427 -10.7269 
2.94832 -10.7462 
2.97247 -10.7657 
2.99671 -10.7851 
3.02104 -10.8046 
3.04547 -10.8242 
3.06999 -10.8438 
3.09461 -10.8635 
3.11933 -10.8832 
3.14414 -10.903 
3.16904 -10.9229 
3.19404 -10.9428 
3.21915 -10.9628 
3.24434 -10.9828 
3.26964 -11.0029 
3.29503 -11.023 
3.32053 -11.0432 
3.34612 -11.0634 
3.37182 -11.0838 
3.39761 -11.1041 
3.42351 -11.1246 
3.44951 -11.1451 
3.4756 -11.1656 
3.50181 -11.1862 
3.52811 -11.2069 
3.55452 -11.2276 
3.58103 -11.2484 
3.60765 -11.2693 
3.63437 -11.2902 
3.6612 -11.3112 
3.68813 -11.3323 
3.71517 -11.3534 
3.74232 -11.3745 
3.76957 -11.3958 
3.79693 -11.4171 
3.8244 -11.4385 
3.85198 -11.4599 
3.87967 -11.4814 
3.90747 -11.5029 
3.93538 -11.5246 
3.9634 -11.5463 
3.99153 -11.568 
4.01978 -11.5899 
4.04814 -11.6118 
4.07661 -11.6337 
4.10519 -11.6558 
4.13389 -11.6779 
4.16271 -11.7 
4.19164 -11.7223 
4.22068 -11.7446 
4.24984 -11.767 
4.27912 -11.7894 
4.30852 -11.8119 
4.33804 -11.8345 
4.36767 -11.8572 
4.39743 -11.8799 
4.4273 -11.9027 
4.4573 -11.9256 
4.48742 -11.9486 
4.51766 -11.9716 
4.54802 -11.9947 
4.57851 -12.0179 
4.60912 -12.0411 
4.63985 -12.0645 
4.67071 -12.0879 
4.7017 -12.1113 
4.73281 -12.1349 
4.76405 -12.1585 
4.79541 -12.1822 
4.82691 -12.206 
4.85853 -12.2299 
4.89029 -12.2538 
4.92217 -12.2779 
4.95419 -12.302 
4.98634 -12.3262 
5.01862 -12.3504 
5.05103 -12.3748 
5.08358 -12.3992 
5.11626 -12.4237 
5.14907 -12.4483 
5.18203 -12.473 
5.21512 -12.4978 
5.24834 -12.5226 
5.28171 -12.5475 
5.31521 -12.5726 
5.34885 -12.5977 
5.38264 -12.6229 
5.41656 -12.6481 
5.45063 -12.6735 
5.48484 -12.699 
5.51919 -12.7245 
5.55369 -12.7501 
5.58833 -12.7758 
5.62312 -12.8017 
5.65805 -12.8276 
5.69313 -12.8535 
5.72836 -12.8796 
5.76374 -12.9058 
5.79927 -12.9321 
5.83495 -12.9584 
5.87077 -12.9849 
5.90676 -13.0114 
5.94289 -13.0381 
5.97918 -13.0648 
6.01562 -13.0917 
6.05222 -13.1186 
6.08898 -13.1456 
6.12589 -13.1728 
6.16296 -13.2 
6.20019 -13.2273 
6.23758 -13.2547 
6.27513 -13.2823 
6.31284 -13.3099 
6.35072 -13.3376 
6.38876 -13.3655 
6.42696 -13.3934 
6.46533 -13.4215 
6.50386 -13.4496 
6.54257 -13.4779 
6.58144 -13.5062 
6.62048 -13.5347 
6.65969 -13.5633 
6.69907 -13.592 
6.73862 -13.6208 
6.77835 -13.6497 
6.81825 -13.6787 
6.85833 -13.7078 
6.89858 -13.737 
6.93901 -13.7664 
6.97962 -13.7958 
7.0204 -13.8254 
7.06137 -13.8551 
7.10252 -13.8849 
7.14385 -13.9148 
7.18537 -13.9449 
7.22707 -13.975 
7.26895 -14.0053 
7.31103 -14.0357 
7.35329 -14.0662 
7.39574 -14.0969 
7.43838 -14.1276 
7.48121 -14.1585 
7.52423 -14.1895 
7.56745 -14.2207 
7.61086 -14.2519 
7.65447 -14.2833 
7.69828 -14.3148 
7.74229 -14.3464 
7.78649 -14.3782 
7.8309 -14.4101 
7.87551 -14.4421 
7.92032 -14.4743 
7.96533 -14.5066 
8.01056 -14.539 
8.05599 -14.5716 
8.10163 -14.6043 
8.14747 -14.6371 
8.19353 -14.6701 
8.23981 -14.7032 
8.28629 -14.7365 
8.33299 -14.7699 
8.37991 -14.8034 
8.42705 -14.8371 
8.4744 -14.8709 
8.52198 -14.9049 
8.56978 -14.939 
8.6178 -14.9732 
8.66605 -15.0076 
8.71452 -15.0422 
8.76322 -15.0769 
8.81216 -15.1118 
8.86132 -15.1468 
8.91071 -15.1819 
8.96034 -15.2173 
9.01021 -15.2527 
9.06031 -15.2884 
9.11065 -15.3241 
9.16123 -15.3601 
9.21205 -15.3962 
9.26312 -15.4325 
9.31443 -15.4689 
9.36599 -15.5055 
9.4178 -15.5423 
9.46985 -15.5792 
9.52216 -15.6163 
9.57472 -15.6536 
9.62754 -15.691 
9.68061 -15.7286 
9.73395 -15.7664 
9.78754 -15.8044 
9.8414 -15.8425 
9.89552 -15.8808 
9.9499 -15.9193 
10.0046 -15.958 
10.0595 -15.9969 
10.1147 -16.0359 
10.1701 -16.0751 
10.2259 -16.1145 
10.2819 -16.1541 
10.3382 -16.1939 
10.3948 -16.2339 
10.4516 -16.2741 
10.5088 -16.3144 
10.5662 -16.355 
10.624 -16.3957 
10.682 -16.4367 
10.7403 -16.4778 
