-6 -6 
-5.99538 -6.01423 
-5.99072 -6.02849 
-5.98602 -6.04277 
-5.98129 -6.05709 
-5.97652 -6.07143 
-5.97172 -6.0858 
-5.96688 -6.10021 
-5.962 -6.11464 
-5.95708 -6.1291 
-5.95213 -6.14359 
-5.94714 -6.15811 
-5.94211 -6.17266 
-5.93704 -6.18724 
-5.93193 -6.20185 
-5.92679 -6.21649 
-5.92161 -6.23116 
-5.91638 -6.24587 
-5.91112 -6.2606 
-5.90582 -6.27536 
-5.90049 -6.29015 
-5.89511 -6.30498 
-5.88969 -6.31983 
-5.88423 -6.33472 
-5.87873 -6.34964 
-5.8732 -6.36458 
-5.86762 -6.37956 
-5.862 -6.39458 
-5.85634 -6.40962 
-5.85064 -6.42469 
-5.8449 -6.4398 
-5.83912 -6.45494 
-5.83329 -6.47011 
-5.82743 -6.48532 
-5.82152 -6.50055 
-5.81557 -6.51582 
-5.80958 -6.53112 
-5.80354 -6.54646 
-5.79747 -6.56182 
-5.79135 -6.57723 
-5.78518 -6.59266 
-5.77898 -6.60813 
-5.77273 -6.62363 
-5.76643 -6.63916 
-5.7601 -6.65473 
-5.75371 -6.67033 
-5.74729 -6.68597 
-5.74082 -6.70164 
-5.7343 -6.71734 
-5.72774 -6.73308 
-5.72114 -6.74885 
-5.71449 -6.76466 
-5.70779 -6.7805 
-5.70105 -6.79638 
-5.69426 -6.81229 
-5.68743 -6.82824 
-5.68055 -6.84422 
-5.67362 -6.86024 
-5.66665 -6.8763 
-5.65963 -6.89239 
-5.65256 -6.90852 
-5.64545 -6.92468 
-5.63828 -6.94088 
-5.63107 -6.95711 
-5.62381 -6.97339 
-5.6165 -6.98969 
-5.60915 -7.00604 
-5.60174 -7.02242 
-5.59429 -7.03884 
-5.58679 -7.0553 
-5.57923 -7.0718 
-5.57163 -7.08833 
-5.56398 -7.1049 
-5.55627 -7.12151 
-5.54852 -7.13815 
-5.54072 -7.15484 
-5.53286 -7.17156 
-5.52495 -7.18832 
-5.517 -7.20512 
-5.50899 -7.22196 
-5.50092 -7.23884 
-5.49281 -7.25576 
-5.48464 -7.27272 
-5.47642 -7.28971 
-5.46815 -7.30675 
-5.45983 -7.32383 
-5.45145 -7.34094 
-5.44301 -7.3581 
-5.43453 -7.3753 
-5.42599 -7.39253 
-5.41739 -7.40981 
-5.40874 -7.42713 
-5.40004 -7.44449 
-5.39128 -7.4619 
-5.38246 -7.47934 
-5.37359 -7.49683 
-5.36466 -7.51435 
-5.35568 -7.53192 
-5.34663 -7.54953 
-5.33754 -7.56719 
-5.32838 -7.58488 
-5.31917 -7.60262 
-5.3099 -7.62041 
-5.30057 -7.63823 
-5.29118 -7.6561 
-5.28174 -7.67401 
-5.27223 -7.69197 
-5.26267 -7.70997 
-5.25305 -7.72801 
-5.24336 -7.7461 
-5.23362 -7.76423 
-5.22382 -7.78241 
-5.21395 -7.80063 
-5.20403 -7.8189 
-5.19404 -7.83721 
-5.184 -7.85557 
-5.17389 -7.87398 
-5.16372 -7.89243 
-5.15348 -7.91092 
-5.14318 -7.92946 
-5.13282 -7.94805 
-5.1224 -7.96669 
-5.11191 -7.98537 
-5.10136 -8.0041 
-5.09075 -8.02288 
-5.08007 -8.0417 
-5.06932 -8.06058 
-5.05851 -8.0795 
-5.04764 -8.09847 
-5.03669 -8.11748 
-5.02569 -8.13655 
-5.01461 -8.15566 
-5.00347 -8.17483 
-4.99226 -8.19404 
-4.98098 -8.21331 
-4.96964 -8.23262 
-4.95823 -8.25198 
-4.94675 -8.2714 
-4.93519 -8.29086 
-4.92357 -8.31037 
-4.91189 -8.32994 
-4.90013 -8.34956 
-4.8883 -8.36923 
-4.87639 -8.38895 
-4.86442 -8.40872 
-4.85238 -8.42854 
-4.84026 -8.44842 
-4.82808 -8.46835 
-4.81582 -8.48833 
-4.80348 -8.50837 
-4.79108 -8.52846 
-4.7786 -8.5486 
-4.76604 -8.5688 
-4.75342 -8.58905 
-4.74071 -8.60936 
-4.72794 -8.62972 
-4.71508 -8.65013 
-4.70215 -8.6706 
-4.68915 -8.69113 
-4.67606 -8.71171 
-4.6629 -8.73235 
-4.64966 -8.75305 
-4.63635 -8.7738 
-4.62296 -8.79461 
-4.60948 -8.81547 
-4.59593 -8.8364 
-4.5823 -8.85738 
-4.56859 -8.87842 
-4.5548 -8.89952 
-4.54092 -8.92067 
-4.52697 -8.94189 
-4.51293 -8.96316 
-4.49882 -8.9845 
-4.48462 -9.00589 
-4.47033 -9.02735 
-4.45597 -9.04886 
-4.44152 -9.07044 
-4.42698 -9.09207 
-4.41236 -9.11377 
-4.39766 -9.13553 
-4.38287 -9.15735 
-4.36799 -9.17923 
-4.35303 -9.20118 
-4.33798 -9.22319 
-4.32284 -9.24526 
-4.30762 -9.2674 
-4.2923 -9.2896 
-4.2769 -9.31186 
-4.26141 -9.33419 
-4.24583 -9.35659 
-4.23016 -9.37905 
-4.21439 -9.40157 
-4.19854 -9.42416 
-4.1826 -9.44682 
-4.16656 -9.46954 
-4.15043 -9.49233 
-4.1342 -9.51519 
-4.11789 -9.53812 
-4.10148 -9.56111 
-4.08497 -9.58417 
-4.06837 -9.6073 
-4.05167 -9.6305 
-4.03488 -9.65377 
-4.01799 -9.67711 
-4.001 -9.70052 
-3.98391 -9.724 
-3.96673 -9.74755 
-3.94945 -9.77117 
-3.93206 -9.79487 
-3.91458 -9.81863 
-3.897 -9.84247 
-3.87931 -9.86638 
-3.86153 -9.89037 
-3.84364 -9.91443 
-3.82565 -9.93856 
-3.80755 -9.96277 
-3.78936 -9.98705 
-3.77105 -10.0114 
-3.75264 -10.0358 
-3.73413 -10.0604 
-3.71551 -10.0849 
-3.69678 -10.1096 
-3.67795 -10.1343 
-3.65901 -10.1592 
-3.63995 -10.1841 
-3.62079 -10.209 
-3.60152 -10.2341 
-3.58214 -10.2592 
-3.56265 -10.2844 
-3.54304 -10.3097 
-3.52333 -10.3351 
-3.5035 -10.3606 
-3.48355 -10.3861 
-3.4635 -10.4117 
-3.44332 -10.4374 
-3.42303 -10.4632 
-3.40263 -10.4891 
-3.38211 -10.515 
-3.36147 -10.5411 
-3.34071 -10.5672 
-3.31983 -10.5934 
-3.29883 -10.6197 
-3.27772 -10.6461 
-3.25648 -10.6726 
-3.23512 -10.6991 
-3.21364 -10.7258 
-3.19203 -10.7525 
-3.1703 -10.7793 
-3.14844 -10.8062 
-3.12646 -10.8333 
-3.10436 -10.8604 
-3.08212 -10.8875 
-3.05976 -10.9148 
-3.03727 -10.9422 
-3.01466 -10.9697 
-2.99191 -10.9972 
-2.96903 -11.0249 
-2.94602 -11.0526 
-2.92287 -11.0805 
-2.8996 -11.1084 
-2.87619 -11.1364 
-2.85264 -11.1646 
-2.82896 -11.1928 
-2.80515 -11.2211 
-2.78119 -11.2495 
-2.7571 -11.2781 
-2.73287 -11.3067 
-2.7085 -11.3354 
-2.684 -11.3643 
-2.65934 -11.3932 
-2.63455 -11.4222 
-2.60962 -11.4514 
-2.58454 -11.4806 
-2.55931 -11.5099 
-2.53394 -11.5394 
-2.50842 -11.5689 
-2.48276 -11.5986 
-2.45695 -11.6284 
-2.43099 -11.6582 
-2.40487 -11.6882 
-2.37861 -11.7183 
-2.3522 -11.7485 
-2.32563 -11.7788 
-2.29891 -11.8093 
-2.27203 -11.8398 
-2.245 -11.8704 
-2.21781 -11.9012 
-2.19046 -11.9321 
-2.16296 -11.9631 
-2.13529 -11.9942 
-2.10747 -12.0254 
-2.07948 -12.0568 
-2.05133 -12.0882 
-2.02301 -12.1198 
-1.99453 -12.1515 
-1.96589 -12.1833 
-1.93708 -12.2152 
-1.90809 -12.2473 
-1.87894 -12.2795 
-1.84962 -12.3118 
-1.82013 -12.3442 
-1.79047 -12.3768 
-1.76063 -12.4095 
-1.73062 -12.4423 
-1.70043 -12.4752 
-1.67007 -12.5083 
-1.63953 -12.5415 
-1.6088 -12.5748 
-1.5779 -12.6082 
-1.54682 -12.6418 
-1.51555 -12.6755 
-1.4841 -12.7094 
-1.45246 -12.7434 
-1.42064 -12.7775 
-1.38863 -12.8118 
-1.35643 -12.8462 
-1.32404 -12.8807 
-1.29146 -12.9154 
-1.25868 -12.9502 
-1.22572 -12.9851 
-1.19255 -13.0202 
-1.15919 -13.0555 
-1.12563 -13.0909 
-1.09188 -13.1264 
-1.05792 -13.1621 
-1.02376 -13.1979 
-0.989396 -13.2339 
-0.954827 -13.27 
-0.920053 -13.3063 
-0.88507 -13.3427 
-0.849879 -13.3793 
-0.814477 -13.416 
-0.778863 -13.4529 
-0.743036 -13.49 
-0.706994 -13.5272 
-0.670736 -13.5645 
-0.634259 -13.6021 
-0.597563 -13.6397 
-0.560646 -13.6776 
-0.523507 -13.7156 
-0.486143 -13.7538 
-0.448554 -13.7921 
-0.410738 -13.8306 
-0.372692 -13.8693 
-0.334417 -13.9081 
-0.295909 -13.9471 
-0.257167 -13.9863 
-0.21819 -14.0257 
-0.178975 -14.0652 
-0.139522 -14.1049 
-0.0998278 -14.1448 
-0.0598916 -14.1849 
-0.0197112 -14.2251 
0.020715 -14.2655 
0.061389 -14.3062 
0.102312 -14.3469 
0.143487 -14.3879 
0.184915 -14.4291 
0.226598 -14.4704 
0.268537 -14.512 
0.310736 -14.5537 
0.353195 -14.5956 
0.395917 -14.6378 
0.438903 -14.6801 
0.482157 -14.7226 
0.525678 -14.7653 
0.56947 -14.8082 
0.613535 -14.8514 
0.657875 -14.8947 
0.702491 -14.9382 
0.747386 -14.9819 
0.792563 -15.0259 
0.838022 -15.07 
0.883767 -15.1144 
0.929799 -15.159 
0.976121 -15.2038 
1.02274 -15.2488 
1.06964 -15.294 
1.11685 -15.3395 
1.16435 -15.3851 
1.21216 -15.4311 
1.26026 -15.4772 
1.30868 -15.5235 
1.3574 -15.5701 
1.40643 -15.6169 
1.45578 -15.664 
1.50544 -15.7113 
1.55542 -15.7588 
1.60572 -15.8066 
1.65635 -15.8546 
1.7073 -15.9029 
1.75858 -15.9514 
1.81019 -16.0001 
1.86213 -16.0491 
1.91441 -16.0984 
1.96703 -16.1479 
2.01999 -16.1977 
2.0733 -16.2477 
2.12695 -16.298 
2.18096 -16.3485 
2.23531 -16.3993 
2.29003 -16.4504 
2.3451 -16.5018 
2.40054 -16.5534 
2.45634 -16.6053 
2.51251 -16.6575 
2.56905 -16.71 
2.62597 -16.7628 
2.68327 -16.8158 
2.74094 -16.8691 
2.799 -16.9228 
2.85745 -16.9767 
2.91629 -17.0309 
2.97552 -17.0854 
3.03515 -17.1402 
3.09518 -17.1954 
3.15562 -17.2508 
3.21647 -17.3065 
3.27772 -17.3626 
3.3394 -17.419 
3.40149 -17.4757 
3.464 -17.5327 
3.52694 -17.59 
3.59031 -17.6477 
3.65412 -17.7057 
3.71836 -17.764 
3.78305 -17.8227 
3.84818 -17.8817 
3.91376 -17.9411 
3.97979 -18.0008 
4.04629 -18.0609 
4.11324 -18.1213 
4.18066 -18.1821 
4.24856 -18.2432 
4.31693 -18.3047 
4.38577 -18.3666 
4.45511 -18.4289 
4.52493 -18.4915 
4.59524 -18.5545 
4.66605 -18.6179 
4.73737 -18.6817 
4.80919 -18.7459 
4.88152 -18.8104 
4.95437 -18.8754 
5.02774 -18.9408 
5.10164 -19.0066 
5.17607 -19.0728 
5.25104 -19.1394 
5.32655 -19.2064 
5.40261 -19.2739 
5.47922 -19.3418 
5.55639 -19.4101 
5.63412 -19.4789 
5.71242 -19.5481 
5.7913 -19.6178 
5.87076 -19.6879 
5.9508 -19.7585 
6.03144 -19.8295 
6.11267 -19.901 
6.19451 -19.973 
6.27696 -20.0455 
6.36003 -20.1184 
6.44372 -20.1919 
6.52804 -20.2658 
6.61299 -20.3402 
6.69859 -20.4152 
6.78484 -20.4906 
6.87174 -20.5666 
6.9593 -20.6431 
7.04754 -20.7201 
7.13645 -20.7976 
7.22604 -20.8757 
7.31633 -20.9544 
7.40731 -21.0336 
7.499 -21.1133 
7.5914 -21.1936 
7.68453 -21.2745 
7.77838 -21.356 
7.87297 -21.438 
7.9683 -21.5207 
8.06439 -21.6039 
8.16124 -21.6878 
8.25886 -21.7723 
8.35726 -21.8574 
8.45644 -21.9431 
8.55642 -22.0294 
8.65721 -22.1164 
8.75881 -22.2041 
8.86123 -22.2924 
8.96448 -22.3814 
9.06858 -22.471 
9.17353 -22.5614 
9.27933 -22.6524 
9.38602 -22.7441 
9.49358 -22.8366 
9.60203 -22.9298 
9.71139 -23.0236 
9.82166 -23.1183 
9.93285 -23.2136 
10.045 -23.3098 
10.158 -23.4067 
10.2721 -23.5043 
10.3871 -23.6028 
10.5031 -23.702 
10.62 -23.8021 
10.738 -23.903 
10.857 -24.0047 
10.977 -24.1072 
11.0981 -24.2106 
11.2202 -24.3148 
11.3434 -24.42 
11.4677 -24.526 
11.593 -24.6329 
11.7195 -24.7407 
11.8471 -24.8494 
11.9758 -24.9591 
12.1057 -25.0697 
12.2368 -25.1812 
12.369 -25.2938 
12.5024 -25.4073 
12.6371 -25.5218 
12.773 -25.6373 
12.9101 -25.7539 
13.0485 -25.8715 
13.1881 -25.9901 
13.3291 -26.1099 
13.4714 -26.2307 
13.615 -26.3526 
13.76 -26.4756 
13.9063 -26.5998 
14.054 -26.7251 
14.2031 -26.8516 
14.3537 -26.9793 
14.5057 -27.1082 
14.6591 -27.2383 
14.8141 -27.3696 
14.9705 -27.5022 
15.1285 -27.6361 
15.288 -27.7713 
15.4492 -27.9078 
15.6119 -28.0456 
15.7762 -28.1848 
15.9422 -28.3254 
16.1098 -28.4674 
16.2792 -28.6108 
16.4502 -28.7556 
16.623 -28.902 
16.7976 -29.0498 
16.974 -29.1991 
17.1522 -29.35 
17.3322 -29.5024 
17.5141 -29.6564 
17.698 -29.8121 
17.8838 -29.9694 
18.0715 -30.1283 
18.2613 -30.289 
18.4531 -30.4514 
18.647 -30.6156 
18.8429 -30.7815 
19.041 -30.9493 
19.2413 -31.1189 
19.4438 -31.2904 
19.6485 -31.4638 
19.8555 -31.6392 
20.0648 -31.8165 
20.2765 -31.9959 
20.4906 -32.1773 
20.7071 -32.3609 
20.9261 -32.5465 
21.1476 -32.7343 
21.3717 -32.9243 
21.5983 -33.1166 
21.8277 -33.3112 
22.0597 -33.5081 
22.2945 -33.7074 
22.5321 -33.9091 
22.7726 -34.1132 
23.0159 -34.3199 
23.2622 -34.5291 
23.5115 -34.741 
23.7639 -34.9555 
24.0194 -35.1728 
24.2781 -35.3928 
24.54 -35.6156 
24.8052 -35.8413 
25.0738 -36.07 
25.3459 -36.3016 
25.6214 -36.5363 
25.9005 -36.7742 
26.1832 -37.0152 
26.4696 -37.2595 
26.7599 -37.5071 
27.054 -37.7581 
27.352 -38.0125 
27.654 -38.2705 
27.9602 -38.5321 
28.2705 -38.7974 
28.5851 -39.0665 
28.9041 -39.3395 
29.2275 -39.6163 
29.5555 -39.8973 
29.8882 -40.1823 
30.2256 -40.4716 
30.5678 -40.7651 
30.915 -41.0631 
31.2673 -41.3656 
31.6248 -41.6727 
31.9876 -41.9846 
32.3558 -42.3013 
32.7296 -42.6229 
33.1091 -42.9497 
33.4943 -43.2816 
33.8856 -43.6189 
34.2829 -43.9616 
34.6864 -44.31 
35.0964 -44.6641 
35.5129 -45.024 
35.9361 -45.39 
36.3662 -45.7622 
36.8034 -46.1408 
37.2478 -46.5259 
37.6996 -46.9176 
38.159 -47.3163 
38.6262 -47.722 
39.1014 -48.135 
39.5848 -48.5554 
40.0767 -48.9835 
40.5772 -49.4195 
41.0867 -49.8635 
41.6053 -50.3159 
42.1333 -50.7769 
42.671 -51.2467 
43.2187 -51.7255 
43.7765 -52.2138 
44.3449 -52.7116 
44.9242 -53.2194 
45.5146 -53.7374 
46.1165 -54.2659 
46.7302 -54.8053 
47.3562 -55.3559 
47.9947 -55.9181 
48.6463 -56.4922 
49.3112 -57.0787 
49.9899 -57.6779 
50.6829 -58.2903 
51.3906 -58.9162 
52.1135 -59.5563 
52.8521 -60.2109 
53.6071 -60.8805 
54.3788 -61.5658 
55.1679 -62.2672 
55.975 -62.9854 
56.8008 -63.7208 
57.646 -64.4743 
58.5111 -65.2465 
59.397 -66.038 
60.3045 -66.8496 
61.2343 -67.6821 
62.1874 -68.5363 
63.1646 -69.4131 
64.1668 -70.3135 
65.1952 -71.2382 
66.2507 -72.1885 
67.3345 -73.1653 
68.4478 -74.1699 
69.5917 -75.2033 
70.7677 -76.2669 
71.9771 -77.362 
73.2214 -78.49 
74.5022 -79.6526 
75.8212 -80.8512 
77.1801 -82.0875 
78.5808 -83.3636 
80.0254 -84.6811 
81.5159 -86.0423 
83.0547 -87.4494 
84.6443 -88.9046 
86.2871 -90.4106 
87.9861 -91.9701 
89.7442 -93.5859 
91.5647 -95.2612 
93.451 -96.9994 
95.4068 -98.804 
97.4362 -100.679 
99.5434 -102.628 
101.733 -104.657 
104.011 -106.77 
106.381 -108.972 
108.851 -111.269 
111.426 -113.668 
114.113 -116.175 
116.921 -118.798 
119.858 -121.545 
122.933 -124.426 
126.156 -127.449 
129.539 -130.627 
133.093 -133.971 
136.833 -137.495 
140.773 -141.213 
144.931 -145.142 
149.326 -149.301 
153.978 -153.711 
158.911 -158.394 
164.153 -163.376 
169.733 -168.689 
175.685 -174.366 
182.05 -180.444 
188.873 -186.97 
196.204 -193.992 
204.104 -201.572 
212.643 -209.778 
221.903 -218.69 
231.98 -228.404 
242.989 -239.033 
255.066 -250.712 
268.379 -263.606 
283.127 -277.913 
299.558 -293.878 
317.982 -311.808 
338.787 -332.088 
362.47 -355.211 
389.676 -381.816 
421.26 -412.753 
458.376 -449.166 
502.62 -492.643 
556.266 -545.446 
622.667 -610.908 
706.968 -694.152 
817.482 -803.456 
968.526 -953.086 
1186.92 -1169.78 
1528.94 -1509.68 
2133.62 -2111.55 
3443.17 -3416.97 
7651.16 -7617.57 
43720.1 -43664.9 
1.10521e+07 -1.10517e+07 
2.998e+16 -2.998e+16 
1.62053e+54 -1.62053e+54 
1.38345e+205 -1.38345e+205 
inf nan 
nan nan 
nan nan 
nan nan 
nan nan 
nan nan 
nan nan 
nan nan 
nan nan 
nan nan 
nan nan 
nan nan 
nan nan 
nan nan 
nan nan 
nan nan 
nan nan 
nan nan 
nan nan 
nan nan 
nan nan 
nan nan 
nan nan 
nan nan 
nan nan 
nan nan 
nan nan 
nan nan 
nan nan 
nan nan 
nan nan 
nan nan 
nan nan 
nan nan 
nan nan 
nan nan 
nan nan 
nan nan 
nan nan 
nan nan 
nan nan 
nan nan 
nan nan 
nan nan 
nan nan 
nan nan 
nan nan 
nan nan 
nan nan 
nan nan 
nan nan 
nan nan 
nan nan 
nan nan 
nan nan 
nan nan 
nan nan 
nan nan 
nan nan 
nan nan 
nan nan 
nan nan 
nan nan 
nan nan 
nan nan 
nan nan 
nan nan 
nan nan 
nan nan 
nan nan 
nan nan 
nan nan 
nan nan 
nan nan 
nan nan 
nan nan 
nan nan 
nan nan 
nan nan 
nan nan 
nan nan 
nan nan 
nan nan 
nan nan 
nan nan 
nan nan 
nan nan 
nan nan 
nan nan 
nan nan 
nan nan 
nan nan 
nan nan 
nan nan 
nan nan 
nan nan 
nan nan 
nan nan 
nan nan 
nan nan 
nan nan 
nan nan 
nan nan 
nan nan 
nan nan 
nan nan 
nan nan 
nan nan 
nan nan 
nan nan 
nan nan 
nan nan 
nan nan 
nan nan 
nan nan 
nan nan 
nan nan 
nan nan 
nan nan 
nan nan 
nan nan 
nan nan 
nan nan 
nan nan 
nan nan 
nan nan 
nan nan 
nan nan 
nan nan 
nan nan 
nan nan 
nan nan 
nan nan 
nan nan 
nan nan 
nan nan 
nan nan 
nan nan 
nan nan 
nan nan 
nan nan 
nan nan 
nan nan 
nan nan 
nan nan 
nan nan 
nan nan 
nan nan 
nan nan 
nan nan 
nan nan 
nan nan 
nan nan 
nan nan 
nan nan 
nan nan 
nan nan 
nan nan 
nan nan 
nan nan 
nan nan 
nan nan 
nan nan 
nan nan 
nan nan 
nan nan 
nan nan 
nan nan 
nan nan 
nan nan 
nan nan 
nan nan 
nan nan 
nan nan 
nan nan 
nan nan 
nan nan 
nan nan 
nan nan 
nan nan 
nan nan 
nan nan 
nan nan 
nan nan 
nan nan 
nan nan 
nan nan 
nan nan 
nan nan 
nan nan 
nan nan 
nan nan 
nan nan 
nan nan 
nan nan 
nan nan 
nan nan 
nan nan 
nan nan 
nan nan 
nan nan 
nan nan 
nan nan 
nan nan 
nan nan 
nan nan 
nan nan 
nan nan 
nan nan 
nan nan 
nan nan 
nan nan 
nan nan 
nan nan 
nan nan 
nan nan 
nan nan 
nan nan 
nan nan 
nan nan 
nan nan 
nan nan 
nan nan 
nan nan 
nan nan 
nan nan 
nan nan 
nan nan 
nan nan 
nan nan 
nan nan 
nan nan 
nan nan 
nan nan 
nan nan 
nan nan 
nan nan 
nan nan 
nan nan 
nan nan 
nan nan 
nan nan 
nan nan 
nan nan 
nan nan 
nan nan 
nan nan 
nan nan 
nan nan 
nan nan 
nan nan 
nan nan 
nan nan 
nan nan 
nan nan 
nan nan 
nan nan 
nan nan 
nan nan 
nan nan 
nan nan 
