9 9 
9.01961 8.99482 
9.03922 8.98967 
9.05881 8.98457 
9.07839 8.97952 
9.09796 8.9745 
9.11753 8.96952 
9.13708 8.96459 
9.15662 8.9597 
9.17615 8.95485 
9.19568 8.95004 
9.21519 8.94527 
9.2347 8.94054 
9.25419 8.93585 
9.27368 8.9312 
9.29316 8.92659 
9.31262 8.92202 
9.33209 8.91749 
9.35154 8.913 
9.37098 8.90855 
9.39042 8.90413 
9.40985 8.89976 
9.42927 8.89543 
9.44868 8.89113 
9.46809 8.88687 
9.48748 8.88265 
9.50688 8.87847 
9.52626 8.87433 
9.54564 8.87023 
9.56501 8.86616 
9.58437 8.86213 
9.60373 8.85814 
9.62308 8.85419 
9.64242 8.85027 
9.66176 8.84639 
9.6811 8.84255 
9.70042 8.83874 
9.71974 8.83497 
9.73906 8.83124 
9.75837 8.82754 
9.77768 8.82388 
9.79698 8.82026 
9.81627 8.81667 
9.83556 8.81311 
9.85485 8.8096 
9.87413 8.80611 
9.8934 8.80267 
9.91267 8.79926 
9.93194 8.79588 
9.95121 8.79254 
9.97046 8.78923 
9.98972 8.78596 
10.009 8.78273 
10.0282 8.77952 
10.0475 8.77635 
10.0667 8.77322 
10.0859 8.77012 
10.1052 8.76705 
10.1244 8.76402 
10.1436 8.76102 
10.1629 8.75806 
10.1821 8.75513 
10.2013 8.75223 
10.2205 8.74936 
10.2397 8.74653 
10.259 8.74373 
10.2782 8.74097 
10.2974 8.73823 
10.3166 8.73553 
10.3358 8.73286 
10.355 8.73023 
10.3742 8.72762 
10.3934 8.72505 
10.4126 8.72251 
10.4318 8.72001 
10.451 8.71753 
10.4702 8.71508 
10.4894 8.71267 
10.5086 8.71029 
10.5278 8.70794 
10.547 8.70562 
10.5662 8.70333 
10.5854 8.70108 
10.6046 8.69885 
10.6238 8.69665 
10.643 8.69449 
10.6622 8.69236 
10.6814 8.69025 
10.7006 8.68818 
10.7198 8.68614 
10.739 8.68412 
10.7582 8.68214 
10.7774 8.68019 
10.7966 8.67826 
10.8158 8.67637 
10.835 8.67451 
10.8542 8.67267 
10.8734 8.67087 
10.8926 8.66909 
10.9118 8.66734 
10.931 8.66563 
10.9502 8.66394 
10.9694 8.66228 
10.9886 8.66065 
11.0078 8.65904 
11.0271 8.65747 
11.0463 8.65592 
11.0655 8.65441 
11.0847 8.65292 
11.104 8.65146 
11.1232 8.65003 
11.1424 8.64862 
11.1617 8.64725 
11.1809 8.6459 
11.2001 8.64458 
11.2194 8.64328 
11.2386 8.64202 
11.2579 8.64078 
11.2772 8.63957 
11.2964 8.63839 
11.3157 8.63723 
11.3349 8.6361 
11.3542 8.635 
11.3735 8.63392 
11.3928 8.63288 
11.4121 8.63185 
11.4313 8.63086 
11.4506 8.62989 
11.4699 8.62895 
11.4892 8.62803 
11.5085 8.62714 
11.5279 8.62628 
11.5472 8.62544 
11.5665 8.62463 
11.5858 8.62385 
11.6051 8.62309 
11.6245 8.62236 
11.6438 8.62165 
11.6632 8.62097 
11.6825 8.62031 
11.7019 8.61968 
11.7212 8.61907 
11.7406 8.61849 
11.76 8.61794 
11.7794 8.61741 
11.7987 8.6169 
11.8181 8.61642 
11.8375 8.61597 
11.8569 8.61554 
11.8764 8.61513 
11.8958 8.61475 
11.9152 8.6144 
11.9346 8.61407 
11.9541 8.61376 
11.9735 8.61348 
11.993 8.61322 
12.0124 8.61298 
12.0319 8.61277 
12.0513 8.61259 
12.0708 8.61243 
12.0903 8.61229 
12.1098 8.61217 
12.1293 8.61208 
12.1488 8.61202 
12.1683 8.61197 
12.1879 8.61196 
12.2074 8.61196 
12.2269 8.61199 
12.2465 8.61204 
12.266 8.61211 
12.2856 8.61221 
12.3052 8.61233 
12.3247 8.61247 
12.3443 8.61264 
12.3639 8.61283 
12.3835 8.61304 
12.4032 8.61328 
12.4228 8.61353 
12.4424 8.61381 
12.462 8.61412 
12.4817 8.61444 
12.5014 8.61479 
12.521 8.61516 
12.5407 8.61555 
12.5604 8.61597 
12.5801 8.6164 
12.5998 8.61686 
12.6195 8.61734 
12.6392 8.61785 
12.659 8.61837 
12.6787 8.61892 
12.6985 8.61949 
12.7182 8.62008 
12.738 8.62069 
12.7578 8.62132 
12.7776 8.62198 
12.7974 8.62266 
12.8172 8.62336 
12.837 8.62407 
12.8568 8.62482 
12.8767 8.62558 
12.8965 8.62636 
12.9164 8.62717 
12.9363 8.62799 
12.9562 8.62884 
12.9761 8.6297 
12.996 8.63059 
13.0159 8.6315 
13.0358 8.63243 
13.0558 8.63338 
13.0757 8.63435 
13.0957 8.63535 
13.1157 8.63636 
13.1357 8.63739 
13.1557 8.63844 
13.1757 8.63952 
13.1957 8.64061 
13.2157 8.64172 
13.2358 8.64286 
13.2559 8.64401 
13.2759 8.64519 
13.296 8.64638 
13.3161 8.6476 
13.3362 8.64883 
13.3563 8.65009 
13.3765 8.65136 
13.3966 8.65265 
13.4168 8.65397 
13.437 8.6553 
13.4571 8.65665 
13.4773 8.65802 
13.4975 8.65942 
13.5178 8.66083 
13.538 8.66226 
13.5582 8.66371 
13.5785 8.66518 
13.5988 8.66666 
13.6191 8.66817 
13.6394 8.6697 
13.6597 8.67124 
13.68 8.67281 
13.7004 8.67439 
13.7207 8.67599 
13.7411 8.67762 
13.7615 8.67926 
13.7819 8.68091 
13.8023 8.68259 
13.8227 8.68429 
13.8432 8.686 
13.8636 8.68774 
13.8841 8.68949 
13.9046 8.69126 
13.9251 8.69305 
13.9456 8.69486 
13.9661 8.69668 
13.9866 8.69852 
14.0072 8.70039 
14.0278 8.70227 
14.0483 8.70417 
14.0689 8.70608 
14.0896 8.70802 
14.1102 8.70997 
14.1308 8.71194 
14.1515 8.71393 
14.1722 8.71593 
14.1929 8.71796 
14.2136 8.72 
14.2343 8.72206 
14.255 8.72414 
14.2758 8.72623 
14.2965 8.72834 
14.3173 8.73047 
14.3381 8.73262 
14.3589 8.73479 
14.3798 8.73697 
14.4006 8.73917 
14.4215 8.74139 
14.4424 8.74362 
14.4633 8.74587 
14.4842 8.74814 
14.5051 8.75043 
14.526 8.75273 
14.547 8.75505 
14.568 8.75739 
14.589 8.75974 
14.61 8.76211 
14.631 8.7645 
14.6521 8.7669 
14.6731 8.76932 
14.6942 8.77176 
14.7153 8.77422 
14.7364 8.77669 
14.7575 8.77918 
14.7787 8.78168 
14.7999 8.78421 
14.821 8.78674 
14.8422 8.7893 
14.8635 8.79187 
14.8847 8.79446 
14.9059 8.79706 
14.9272 8.79968 
14.9485 8.80232 
14.9698 8.80497 
14.9911 8.80764 
15.0125 8.81032 
15.0338 8.81303 
15.0552 8.81574 
15.0766 8.81848 
15.098 8.82123 
15.1195 8.82399 
15.1409 8.82677 
15.1624 8.82957 
15.1839 8.83238 
15.2054 8.83521 
15.2269 8.83806 
15.2484 8.84092 
15.27 8.8438 
15.2916 8.84669 
15.3132 8.8496 
15.3348 8.85252 
15.3564 8.85546 
15.3781 8.85841 
15.3998 8.86138 
15.4215 8.86437 
15.4432 8.86737 
15.4649 8.87039 
15.4867 8.87342 
15.5085 8.87647 
15.5302 8.87953 
15.5521 8.88261 
15.5739 8.8857 
15.5957 8.88881 
15.6176 8.89193 
15.6395 8.89507 
15.6614 8.89822 
15.6834 8.90139 
15.7053 8.90458 
15.7273 8.90777 
15.7493 8.91099 
15.7713 8.91422 
15.7933 8.91746 
15.8154 8.92072 
15.8374 8.92399 
15.8595 8.92728 
15.8817 8.93058 
15.9038 8.9339 
15.9259 8.93723 
15.9481 8.94058 
15.9703 8.94394 
15.9925 8.94732 
16.0148 8.95071 
16.037 8.95411 
16.0593 8.95753 
16.0816 8.96097 
16.104 8.96442 
16.1263 8.96788 
16.1487 8.97136 
16.1711 8.97485 
16.1935 8.97836 
16.2159 8.98188 
16.2384 8.98541 
16.2608 8.98896 
16.2833 8.99252 
16.3059 8.9961 
16.3284 8.99969 
16.351 9.0033 
16.3735 9.00692 
16.3962 9.01055 
16.4188 9.0142 
16.4414 9.01786 
16.4641 9.02154 
16.4868 9.02523 
16.5095 9.02893 
16.5323 9.03265 
16.555 9.03638 
16.5778 9.04013 
16.6006 9.04389 
16.6235 9.04766 
16.6463 9.05145 
16.6692 9.05525 
16.6921 9.05906 
16.715 9.06289 
16.738 9.06673 
16.7609 9.07059 
16.7839 9.07446 
16.807 9.07834 
16.83 9.08223 
16.8531 9.08614 
16.8762 9.09007 
16.8993 9.094 
16.9224 9.09795 
16.9456 9.10191 
16.9687 9.10589 
16.9919 9.10988 
17.0152 9.11388 
17.0384 9.1179 
17.0617 9.12193 
17.085 9.12597 
17.1083 9.13003 
17.1317 9.1341 
17.1551 9.13818 
17.1785 9.14227 
17.2019 9.14638 
17.2253 9.1505 
17.2488 9.15464 
17.2723 9.15879 
17.2958 9.16295 
17.3194 9.16712 
17.3429 9.17131 
17.3665 9.17551 
17.3902 9.17972 
17.4138 9.18395 
17.4375 9.18818 
17.4612 9.19244 
17.4849 9.1967 
17.5086 9.20098 
17.5324 9.20527 
17.5562 9.20957 
17.58 9.21388 
17.6039 9.21821 
17.6277 9.22255 
17.6516 9.2269 
17.6756 9.23127 
17.6995 9.23565 
17.7235 9.24004 
17.7475 9.24444 
17.7715 9.24886 
17.7956 9.25328 
17.8197 9.25772 
17.8438 9.26218 
17.8679 9.26664 
17.8921 9.27112 
17.9162 9.27561 
17.9404 9.28011 
17.9647 9.28463 
17.989 9.28916 
18.0132 9.2937 
18.0376 9.29825 
18.0619 9.30281 
18.0863 9.30739 
18.1107 9.31198 
18.1351 9.31658 
18.1595 9.32119 
18.184 9.32582 
18.2085 9.33046 
18.2331 9.3351 
18.2576 9.33977 
18.2822 9.34444 
18.3068 9.34913 
18.3315 9.35382 
18.3561 9.35853 
18.3808 9.36325 
18.4056 9.36799 
18.4303 9.37273 
18.4551 9.37749 
18.4799 9.38226 
18.5047 9.38704 
18.5296 9.39183 
18.5545 9.39664 
18.5794 9.40146 
18.6044 9.40628 
18.6293 9.41113 
18.6543 9.41598 
18.6794 9.42084 
18.7044 9.42572 
18.7295 9.4306 
18.7546 9.4355 
18.7798 9.44041 
18.805 9.44534 
18.8302 9.45027 
18.8554 9.45521 
18.8807 9.46017 
18.906 9.46514 
18.9313 9.47012 
18.9566 9.47511 
18.982 9.48012 
19.0074 9.48513 
19.0329 9.49016 
19.0583 9.49519 
19.0838 9.50024 
19.1093 9.5053 
19.1349 9.51037 
19.1605 9.51546 
19.1861 9.52055 
19.2117 9.52566 
19.2374 9.53078 
19.2631 9.5359 
19.2888 9.54104 
19.3146 9.5462 
19.3404 9.55136 
19.3662 9.55653 
19.3921 9.56172 
19.418 9.56691 
19.4439 9.57212 
19.4698 9.57734 
19.4958 9.58257 
19.5218 9.58781 
19.5478 9.59306 
19.5739 9.59832 
19.6 9.6036 
19.6261 9.60888 
19.6523 9.61418 
19.6785 9.61948 
19.7047 9.6248 
19.7309 9.63013 
19.7572 9.63547 
19.7835 9.64082 
19.8099 9.64618 
19.8362 9.65156 
19.8627 9.65694 
19.8891 9.66234 
19.9156 9.66774 
19.9421 9.67316 
19.9686 9.67859 
19.9952 9.68402 
20.0218 9.68947 
20.0484 9.69493 
20.075 9.7004 
20.1017 9.70588 
20.1285 9.71138 
20.1552 9.71688 
20.182 9.72239 
20.2088 9.72792 
20.2357 9.73345 
20.2626 9.739 
20.2895 9.74455 
20.3164 9.75012 
20.3434 9.7557 
20.3704 9.76129 
20.3975 9.76689 
20.4246 9.7725 
20.4517 9.77812 
20.4788 9.78375 
20.506 9.78939 
20.5332 9.79504 
20.5605 9.8007 
20.5877 9.80637 
20.6151 9.81206 
20.6424 9.81775 
20.6698 9.82345 
20.6972 9.82917 
20.7246 9.83489 
20.7521 9.84063 
20.7796 9.84638 
20.8072 9.85213 
20.8348 9.8579 
20.8624 9.86368 
20.89 9.86946 
20.9177 9.87526 
20.9454 9.88107 
20.9732 9.88689 
21.0009 9.89272 
21.0288 9.89855 
21.0566 9.9044 
21.0845 9.91026 
21.1124 9.91613 
21.1404 9.92201 
21.1684 9.9279 
21.1964 9.9338 
21.2245 9.93971 
21.2526 9.94564 
21.2807 9.95157 
21.3088 9.95751 
21.337 9.96346 
21.3653 9.96942 
21.3936 9.97539 
21.4219 9.98137 
21.4502 9.98736 
21.4786 9.99337 
21.507 9.99938 
21.5354 10.0054 
21.5639 10.0114 
21.5924 10.0175 
21.621 10.0235 
21.6496 10.0296 
21.6782 10.0357 
21.7069 10.0417 
21.7356 10.0478 
21.7643 10.0539 
21.7931 10.06 
21.8219 10.0662 
21.8507 10.0723 
21.8796 10.0784 
21.9085 10.0846 
21.9374 10.0908 
21.9664 10.0969 
21.9955 10.1031 
22.0245 10.1093 
22.0536 10.1155 
22.0827 10.1217 
22.1119 10.1279 
22.1411 10.1342 
22.1704 10.1404 
22.1997 10.1467 
22.229 10.1529 
22.2583 10.1592 
22.2877 10.1655 
22.3171 10.1718 
22.3466 10.178 
22.3761 10.1844 
22.4057 10.1907 
22.4352 10.197 
22.4649 10.2033 
22.4945 10.2097 
22.5242 10.216 
22.5539 10.2224 
22.5837 10.2288 
22.6135 10.2352 
22.6434 10.2416 
22.6733 10.248 
22.7032 10.2544 
22.7331 10.2608 
22.7631 10.2673 
22.7932 10.2737 
22.8233 10.2801 
22.8534 10.2866 
22.8835 10.2931 
22.9137 10.2996 
22.9439 10.3061 
22.9742 10.3126 
23.0045 10.3191 
23.0349 10.3256 
23.0653 10.3321 
23.0957 10.3387 
23.1262 10.3452 
23.1567 10.3518 
23.1872 10.3583 
23.2178 10.3649 
23.2484 10.3715 
23.2791 10.3781 
23.3098 10.3847 
23.3405 10.3913 
23.3713 10.3979 
23.4021 10.4046 
23.433 10.4112 
23.4639 10.4179 
23.4948 10.4245 
23.5258 10.4312 
23.5568 10.4379 
23.5879 10.4446 
23.619 10.4513 
23.6502 10.458 
23.6813 10.4647 
23.7126 10.4714 
23.7438 10.4782 
23.7751 10.4849 
23.8065 10.4917 
23.8379 10.4984 
23.8693 10.5052 
23.9008 10.512 
23.9323 10.5188 
23.9638 10.5256 
23.9954 10.5324 
24.0271 10.5392 
24.0588 10.546 
24.0905 10.5529 
24.1222 10.5597 
24.154 10.5666 
24.1859 10.5734 
24.2178 10.5803 
24.2497 10.5872 
24.2817 10.5941 
24.3137 10.601 
24.3457 10.6079 
24.3778 10.6148 
24.41 10.6218 
24.4422 10.6287 
24.4744 10.6356 
24.5066 10.6426 
24.539 10.6496 
24.5713 10.6565 
24.6037 10.6635 
24.6361 10.6705 
24.6686 10.6775 
24.7011 10.6845 
24.7337 10.6916 
24.7663 10.6986 
24.799 10.7056 
24.8317 10.7127 
24.8644 10.7197 
24.8972 10.7268 
24.93 10.7339 
24.9629 10.741 
24.9958 10.748 
25.0288 10.7552 
25.0618 10.7623 
25.0948 10.7694 
25.1279 10.7765 
25.161 10.7837 
25.1942 10.7908 
25.2274 10.798 
25.2607 10.8051 
25.294 10.8123 
25.3274 10.8195 
25.3608 10.8267 
25.3942 10.8339 
25.4277 10.8411 
25.4612 10.8483 
25.4948 10.8555 
25.5284 10.8628 
25.5621 10.87 
25.5958 10.8773 
25.6296 10.8845 
25.6634 10.8918 
25.6972 10.8991 
25.7311 10.9064 
25.765 10.9137 
25.799 10.921 
25.833 10.9283 
25.8671 10.9356 
25.9012 10.943 
25.9354 10.9503 
25.9696 10.9577 
26.0039 10.965 
26.0382 10.9724 
26.0725 10.9798 
26.1069 10.9872 
26.1414 10.9946 
26.1759 11.002 
26.2104 11.0094 
26.245 11.0168 
26.2796 11.0242 
26.3143 11.0317 
26.349 11.0391 
26.3838 11.0466 
26.4186 11.054 
26.4535 11.0615 
26.4884 11.069 
26.5233 11.0765 
26.5584 11.084 
26.5934 11.0915 
26.6285 11.099 
26.6637 11.1066 
26.6988 11.1141 
26.7341 11.1216 
26.7694 11.1292 
26.8047 11.1368 
26.8401 11.1443 
26.8755 11.1519 
26.911 11.1595 
26.9466 11.1671 
26.9821 11.1747 
27.0178 11.1823 
27.0534 11.1899 
27.0892 11.1976 
27.1249 11.2052 
27.1608 11.2129 
27.1966 11.2205 
27.2325 11.2282 
27.2685 11.2359 
27.3045 11.2436 
27.3406 11.2513 
27.3767 11.259 
27.4129 11.2667 
27.4491 11.2744 
27.4854 11.2821 
27.5217 11.2899 
27.558 11.2976 
27.5944 11.3054 
27.6309 11.3131 
27.6674 11.3209 
27.704 11.3287 
27.7406 11.3365 
27.7772 11.3443 
27.814 11.3521 
27.8507 11.3599 
27.8875 11.3677 
27.9244 11.3755 
27.9613 11.3834 
27.9983 11.3912 
28.0353 11.3991 
28.0723 11.4069 
28.1095 11.4148 
28.1466 11.4227 
28.1838 11.4306 
28.2211 11.4385 
28.2584 11.4464 
28.2958 11.4543 
28.3332 11.4623 
28.3707 11.4702 
28.4082 11.4781 
28.4458 11.4861 
28.4834 11.494 
28.5211 11.502 
28.5588 11.51 
28.5966 11.518 
28.6345 11.526 
28.6723 11.534 
28.7103 11.542 
28.7483 11.55 
28.7863 11.558 
28.8244 11.5661 
28.8626 11.5741 
28.9008 11.5822 
28.939 11.5903 
28.9773 11.5983 
29.0157 11.6064 
29.0541 11.6145 
29.0926 11.6226 
29.1311 11.6307 
29.1697 11.6388 
29.2083 11.6469 
29.247 11.6551 
29.2857 11.6632 
29.3245 11.6714 
29.3633 11.6795 
29.4022 11.6877 
29.4412 11.6959 
29.4802 11.704 
29.5192 11.7122 
29.5583 11.7204 
29.5975 11.7286 
29.6367 11.7369 
29.676 11.7451 
29.7153 11.7533 
29.7547 11.7616 
29.7941 11.7698 
29.8336 11.7781 
29.8732 11.7863 
29.9128 11.7946 
29.9524 11.8029 
29.9921 11.8112 
30.0319 11.8195 
30.0717 11.8278 
30.1116 11.8361 
30.1515 11.8445 
30.1915 11.8528 
30.2315 11.8611 
30.2716 11.8695 
30.3118 11.8779 
30.352 11.8862 
30.3923 11.8946 
30.4326 11.903 
30.473 11.9114 
30.5134 11.9198 
30.5539 11.9282 
30.5944 11.9366 
30.635 11.945 
30.6757 11.9535 
30.7164 11.9619 
30.7572 11.9704 
30.798 11.9789 
30.8389 11.9873 
30.8798 11.9958 
30.9208 12.0043 
30.9619 12.0128 
31.003 12.0213 
31.0442 12.0298 
31.0854 12.0383 
31.1267 12.0469 
31.1681 12.0554 
31.2095 12.0639 
31.2509 12.0725 
31.2924 12.0811 
31.334 12.0896 
31.3757 12.0982 
31.4174 12.1068 
31.4591 12.1154 
31.5009 12.124 
31.5428 12.1326 
31.5847 12.1413 
31.6267 12.1499 
31.6688 12.1585 
31.7109 12.1672 
31.753 12.1758 
31.7952 12.1845 
31.8375 12.1932 
31.8799 12.2019 
31.9223 12.2106 
31.9647 12.2193 
32.0072 12.228 
32.0498 12.2367 
32.0925 12.2454 
32.1352 12.2541 
32.1779 12.2629 
32.2207 12.2716 
32.2636 12.2804 
32.3066 12.2892 
32.3496 12.2979 
32.3926 12.3067 
32.4358 12.3155 
32.4789 12.3243 
32.5222 12.3331 
32.5655 12.3419 
32.6088 12.3508 
32.6523 12.3596 
32.6958 12.3685 
32.7393 12.3773 
32.7829 12.3862 
32.8266 12.395 
32.8703 12.4039 
32.9141 12.4128 
32.958 12.4217 
33.0019 12.4306 
33.0459 12.4395 
33.0899 12.4484 
33.134 12.4574 
33.1782 12.4663 
33.2224 12.4752 
33.2667 12.4842 
33.311 12.4932 
33.3555 12.5021 
33.3999 12.5111 
33.4445 12.5201 
33.4891 12.5291 
33.5338 12.5381 
33.5785 12.5471 
33.6233 12.5561 
33.6681 12.5652 
33.7131 12.5742 
33.758 12.5832 
33.8031 12.5923 
33.8482 12.6014 
33.8934 12.6104 
33.9386 12.6195 
33.9839 12.6286 
34.0293 12.6377 
34.0747 12.6468 
34.1202 12.6559 
34.1658 12.665 
34.2114 12.6742 
34.2571 12.6833 
34.3028 12.6925 
34.3487 12.7016 
34.3945 12.7108 
34.4405 12.72 
34.4865 12.7291 
34.5326 12.7383 
34.5787 12.7475 
34.6249 12.7567 
34.6712 12.766 
34.7176 12.7752 
34.764 12.7844 
34.8104 12.7937 
34.857 12.8029 
34.9036 12.8122 
34.9503 12.8214 
34.997 12.8307 
35.0438 12.84 
35.0907 12.8493 
35.1376 12.8586 
35.1846 12.8679 
35.2317 12.8772 
35.2788 12.8865 
35.326 12.8959 
35.3733 12.9052 
35.4206 12.9146 
35.468 12.9239 
35.5155 12.9333 
35.5631 12.9427 
35.6107 12.9521 
35.6583 12.9615 
35.7061 12.9709 
35.7539 12.9803 
35.8018 12.9897 
35.8497 12.9991 
35.8978 13.0086 
35.9458 13.018 
35.994 13.0275 
36.0422 13.0369 
36.0905 13.0464 
36.1389 13.0559 
36.1873 13.0654 
36.2358 13.0749 
36.2844 13.0844 
36.333 13.0939 
36.3817 13.1034 
36.4305 13.113 
36.4793 13.1225 
36.5282 13.132 
36.5772 13.1416 
36.6263 13.1512 
36.6754 13.1607 
36.7246 13.1703 
36.7739 13.1799 
36.8232 13.1895 
36.8726 13.1991 
36.9221 13.2087 
36.9716 13.2184 
37.0213 13.228 
37.0709 13.2376 
37.1207 13.2473 
37.1705 13.257 
37.2204 13.2666 
37.2704 13.2763 
37.3205 13.286 
37.3706 13.2957 
37.4208 13.3054 
37.471 13.3151 
37.5214 13.3248 
37.5718 13.3346 
37.6222 13.3443 
37.6728 13.354 
37.7234 13.3638 
37.7741 13.3736 
37.8249 13.3833 
37.8757 13.3931 
37.9266 13.4029 
37.9776 13.4127 
38.0287 13.4225 
38.0798 13.4323 
