-24 -24 
-24.1158 -24.0048 
-24.2322 -24.0097 
-24.3492 -24.0146 
-24.4667 -24.0195 
-24.5849 -24.0244 
-24.7037 -24.0293 
-24.8231 -24.0343 
-24.9431 -24.0393 
-25.0638 -24.0443 
-25.1851 -24.0493 
-25.307 -24.0544 
-25.4296 -24.0595 
-25.5528 -24.0646 
-25.6767 -24.0698 
-25.8012 -24.0749 
-25.9265 -24.0801 
-26.0524 -24.0853 
-26.179 -24.0906 
-26.3063 -24.0958 
-26.4342 -24.1011 
-26.5629 -24.1064 
-26.6924 -24.1118 
-26.8225 -24.1172 
-26.9534 -24.1226 
-27.085 -24.128 
-27.2173 -24.1334 
-27.3504 -24.1389 
-27.4843 -24.1444 
-27.6189 -24.1499 
-27.7544 -24.1555 
-27.8906 -24.1611 
-28.0276 -24.1667 
-28.1653 -24.1723 
-28.304 -24.178 
-28.4434 -24.1837 
-28.5836 -24.1894 
-28.7247 -24.1952 
-28.8667 -24.2009 
-29.0095 -24.2067 
-29.1531 -24.2126 
-29.2977 -24.2184 
-29.4431 -24.2243 
-29.5894 -24.2303 
-29.7366 -24.2362 
-29.8847 -24.2422 
-30.0338 -24.2482 
-30.1838 -24.2543 
-30.3347 -24.2603 
-30.4866 -24.2664 
-30.6394 -24.2726 
-30.7932 -24.2787 
-30.948 -24.2849 
-31.1038 -24.2912 
-31.2607 -24.2974 
-31.4185 -24.3037 
-31.5774 -24.31 
-31.7373 -24.3164 
-31.8983 -24.3228 
-32.0603 -24.3292 
-32.2234 -24.3356 
-32.3876 -24.3421 
-32.5529 -24.3486 
-32.7194 -24.3552 
-32.887 -24.3618 
-33.0557 -24.3684 
-33.2256 -24.375 
-33.3966 -24.3817 
-33.5688 -24.3884 
-33.7423 -24.3952 
-33.9169 -24.402 
-34.0928 -24.4088 
-34.27 -24.4157 
-34.4484 -24.4226 
-34.628 -24.4295 
-34.809 -24.4365 
-34.9913 -24.4435 
-35.1748 -24.4505 
-35.3598 -24.4576 
-35.5461 -24.4647 
-35.7337 -24.4719 
-35.9228 -24.4791 
-36.1133 -24.4863 
-36.3051 -24.4936 
-36.4985 -24.5009 
-36.6933 -24.5082 
-36.8896 -24.5156 
-37.0874 -24.523 
-37.2867 -24.5305 
-37.4875 -24.538 
-37.6899 -24.5455 
-37.8939 -24.5531 
-38.0995 -24.5608 
-38.3067 -24.5684 
-38.5155 -24.5761 
-38.726 -24.5839 
-38.9383 -24.5917 
-39.1522 -24.5995 
-39.3678 -24.6074 
-39.5852 -24.6153 
-39.8044 -24.6233 
-40.0254 -24.6313 
-40.2482 -24.6394 
-40.4729 -24.6475 
-40.6995 -24.6556 
-40.9279 -24.6638 
-41.1584 -24.6721 
-41.3907 -24.6803 
-41.6251 -24.6887 
-41.8614 -24.6971 
-42.0998 -24.7055 
-42.3403 -24.714 
-42.5829 -24.7225 
-42.8277 -24.7311 
-43.0746 -24.7397 
-43.3236 -24.7484 
-43.575 -24.7571 
-43.8285 -24.7659 
-44.0844 -24.7747 
-44.3426 -24.7836 
-44.6032 -24.7925 
-44.8662 -24.8015 
-45.1316 -24.8105 
-45.3995 -24.8196 
-45.6699 -24.8287 
-45.9428 -24.8379 
-46.2183 -24.8472 
-46.4965 -24.8565 
-46.7773 -24.8659 
-47.0608 -24.8753 
-47.3471 -24.8848 
-47.6362 -24.8943 
-47.9281 -24.9039 
-48.2229 -24.9135 
-48.5207 -24.9233 
-48.8214 -24.933 
-49.1251 -24.9429 
-49.432 -24.9528 
-49.7419 -24.9627 
-50.055 -24.9727 
-50.3714 -24.9828 
-50.691 -24.993 
-51.014 -25.0032 
-51.3404 -25.0135 
-51.6702 -25.0238 
-52.0036 -25.0342 
-52.3405 -25.0447 
-52.681 -25.0552 
-53.0253 -25.0659 
-53.3733 -25.0765 
-53.7251 -25.0873 
-54.0808 -25.0981 
-54.4405 -25.109 
-54.8042 -25.12 
-55.172 -25.131 
-55.544 -25.1422 
-55.9203 -25.1534 
-56.3009 -25.1646 
-56.6859 -25.176 
-57.0754 -25.1874 
-57.4694 -25.1989 
-57.8682 -25.2105 
-58.2716 -25.2222 
-58.68 -25.2339 
-59.0932 -25.2457 
-59.5115 -25.2577 
-59.9349 -25.2697 
-60.3635 -25.2817 
-60.7974 -25.2939 
-61.2368 -25.3062 
-61.6817 -25.3185 
-62.1323 -25.331 
-62.5886 -25.3435 
-63.0508 -25.3561 
-63.519 -25.3688 
-63.9933 -25.3816 
-64.4739 -25.3945 
-64.9608 -25.4076 
-65.4542 -25.4207 
-65.9543 -25.4339 
-66.4612 -25.4472 
-66.975 -25.4606 
-67.4959 -25.4741 
-68.024 -25.4877 
-68.5595 -25.5014 
-69.1026 -25.5153 
-69.6533 -25.5292 
-70.212 -25.5433 
-70.7788 -25.5574 
-71.3538 -25.5717 
-71.9372 -25.5861 
-72.5293 -25.6006 
-73.1302 -25.6153 
-73.7402 -25.63 
-74.3594 -25.6449 
-74.9881 -25.6599 
-75.6265 -25.6751 
-76.2748 -25.6904 
-76.9333 -25.7058 
-77.6023 -25.7213 
-78.2819 -25.737 
-78.9725 -25.7528 
-79.6743 -25.7687 
-80.3876 -25.7848 
-81.1127 -25.8011 
-81.8499 -25.8174 
-82.5996 -25.834 
-83.362 -25.8507 
-84.1375 -25.8675 
-84.9265 -25.8845 
-85.7292 -25.9017 
-86.5461 -25.919 
-87.3776 -25.9365 
-88.2241 -25.9542 
-89.0859 -25.972 
-89.9636 -25.99 
-90.8575 -26.0082 
-91.7682 -26.0266 
-92.6961 -26.0451 
-93.6418 -26.0639 
-94.6057 -26.0828 
-95.5884 -26.102 
-96.5905 -26.1213 
-97.6126 -26.1408 
-98.6553 -26.1606 
-99.7192 -26.1806 
-100.805 -26.2007 
-101.913 -26.2211 
-103.045 -26.2418 
-104.201 -26.2626 
-105.382 -26.2837 
-106.588 -26.3051 
-107.821 -26.3266 
-109.081 -26.3485 
-110.37 -26.3706 
-111.689 -26.3929 
-113.037 -26.4156 
-114.418 -26.4385 
-115.831 -26.4617 
-117.278 -26.4851 
-118.76 -26.5089 
-120.278 -26.533 
-121.835 -26.5574 
-123.43 -26.5821 
-125.067 -26.6071 
-126.746 -26.6325 
-128.469 -26.6582 
-130.238 -26.6843 
-132.055 -26.7107 
-133.921 -26.7376 
-135.84 -26.7648 
-137.813 -26.7923 
-139.843 -26.8203 
-141.931 -26.8488 
-144.081 -26.8776 
-146.296 -26.9069 
-148.578 -26.9366 
-150.931 -26.9669 
-153.358 -26.9976 
-155.863 -27.0288 
-158.45 -27.0605 
-161.122 -27.0927 
-163.884 -27.1255 
-166.74 -27.1589 
-169.697 -27.1929 
-172.759 -27.2275 
-175.931 -27.2627 
-179.221 -27.2986 
-182.634 -27.3352 
-186.179 -27.3724 
-189.863 -27.4104 
-193.693 -27.4492 
-197.681 -27.4888 
-201.834 -27.5292 
-206.165 -27.5705 
-210.684 -27.6126 
-215.405 -27.6558 
-220.342 -27.6999 
-225.509 -27.745 
-230.924 -27.7913 
-236.606 -27.8386 
-242.574 -27.8872 
-248.85 -27.937 
-255.461 -27.9882 
-262.434 -28.0407 
-269.799 -28.0947 
-277.592 -28.1503 
-285.851 -28.2075 
-294.619 -28.2665 
-303.947 -28.3273 
-313.891 -28.3902 
-324.513 -28.4552 
-335.888 -28.5224 
-348.099 -28.5921 
-361.244 -28.6644 
-375.435 -28.7396 
-390.807 -28.8178 
-407.514 -28.8994 
-425.741 -28.9846 
-445.712 -29.0739 
-467.692 -29.1675 
-492.009 -29.266 
-519.065 -29.3699 
-549.362 -29.4799 
-583.536 -29.5967 
-622.401 -29.7213 
-667.027 -29.8549 
-718.842 -29.9988 
-779.803 -30.1549 
-852.673 -30.3256 
-941.497 -30.5141 
-1052.47 -30.7248 
-1195.67 -30.9642 
-1388.86 -31.2422 
-1667.19 -31.576 
-2115.1 -31.9994 
-3040.75 -32.6082 
-7497.63 -34.1092 
-28575.9 -39.8301 
3665.25 -39.0963 
2851.3 -38.5255 
2314.79 -38.0621 
1938.5 -37.674 
1661.89 -37.3413 
1451 -37.0508 
1285.46 -36.7934 
1152.39 -36.5627 
1043.3 -36.3539 
952.38 -36.1632 
875.52 -35.9879 
809.756 -35.8258 
752.888 -35.6751 
703.255 -35.5343 
659.581 -35.4022 
620.87 -35.2779 
586.334 -35.1605 
555.34 -35.0494 
527.377 -34.9438 
502.027 -34.8433 
478.945 -34.7474 
457.842 -34.6557 
438.477 -34.568 
420.646 -34.4837 
404.175 -34.4028 
388.917 -34.325 
374.742 -34.2499 
361.541 -34.1776 
349.217 -34.1076 
337.687 -34.04 
326.876 -33.9746 
316.72 -33.9112 
307.161 -33.8497 
298.148 -33.79 
289.637 -33.732 
281.587 -33.6757 
273.961 -33.6208 
266.727 -33.5674 
259.855 -33.5154 
253.32 -33.4647 
247.096 -33.4152 
241.163 -33.3669 
235.5 -33.3198 
230.09 -33.2737 
224.916 -33.2287 
219.963 -33.1846 
215.216 -33.1416 
210.664 -33.0994 
206.295 -33.0581 
202.098 -33.0176 
198.062 -32.978 
194.179 -32.9391 
190.441 -32.901 
186.838 -32.8636 
183.365 -32.8269 
180.014 -32.7908 
176.778 -32.7554 
173.653 -32.7207 
170.631 -32.6865 
167.709 -32.6529 
164.881 -32.6199 
162.144 -32.5875 
159.491 -32.5555 
156.921 -32.5241 
154.428 -32.4932 
152.009 -32.4628 
149.662 -32.4328 
147.383 -32.4033 
145.168 -32.3742 
143.016 -32.3456 
140.924 -32.3174 
138.889 -32.2896 
136.908 -32.2622 
134.981 -32.2351 
133.104 -32.2085 
131.275 -32.1822 
129.493 -32.1563 
127.756 -32.1307 
126.062 -32.1055 
124.41 -32.0806 
122.798 -32.056 
121.224 -32.0317 
119.688 -32.0078 
118.187 -31.9841 
116.721 -31.9607 
115.289 -31.9376 
113.889 -31.9148 
112.52 -31.8923 
111.181 -31.8701 
109.871 -31.8481 
108.589 -31.8263 
107.335 -31.8048 
106.107 -31.7836 
104.904 -31.7626 
103.727 -31.7418 
102.573 -31.7213 
101.442 -31.701 
100.334 -31.6809 
99.2479 -31.661 
98.1828 -31.6414 
97.1383 -31.6219 
96.1137 -31.6027 
95.1085 -31.5836 
94.1221 -31.5648 
93.1539 -31.5461 
92.2035 -31.5277 
91.2704 -31.5094 
90.354 -31.4913 
89.4539 -31.4734 
88.5698 -31.4557 
87.701 -31.4381 
86.8473 -31.4207 
86.0082 -31.4035 
85.1833 -31.3865 
84.3723 -31.3696 
83.5749 -31.3528 
82.7906 -31.3363 
82.0191 -31.3198 
81.2601 -31.3036 
80.5133 -31.2875 
79.7784 -31.2715 
79.0552 -31.2557 
78.3432 -31.24 
77.6423 -31.2244 
76.9521 -31.209 
76.2725 -31.1938 
75.6031 -31.1786 
74.9438 -31.1636 
74.2942 -31.1487 
73.6543 -31.134 
73.0237 -31.1194 
72.4022 -31.1049 
71.7896 -31.0905 
71.1858 -31.0763 
70.5905 -31.0621 
70.0036 -31.0481 
69.4248 -31.0342 
68.854 -31.0204 
68.2911 -31.0068 
67.7357 -30.9932 
67.1879 -30.9797 
66.6474 -30.9664 
66.114 -30.9532 
65.5877 -30.94 
65.0682 -30.927 
64.5555 -30.9141 
64.0494 -30.9013 
63.5497 -30.8885 
63.0564 -30.8759 
62.5692 -30.8634 
62.0882 -30.851 
61.6131 -30.8386 
61.1438 -30.8264 
60.6803 -30.8142 
60.2224 -30.8022 
59.77 -30.7902 
59.323 -30.7783 
58.8813 -30.7666 
58.4448 -30.7549 
58.0134 -30.7432 
57.587 -30.7317 
57.1655 -30.7203 
56.7489 -30.7089 
56.3369 -30.6976 
55.9296 -30.6864 
55.5269 -30.6753 
55.1287 -30.6643 
54.7348 -30.6533 
54.3453 -30.6424 
53.96 -30.6316 
53.5789 -30.6209 
53.2019 -30.6103 
52.8289 -30.5997 
52.4598 -30.5892 
52.0947 -30.5787 
51.7334 -30.5684 
51.3758 -30.5581 
51.0219 -30.5479 
50.6716 -30.5377 
50.3249 -30.5277 
49.9817 -30.5177 
49.642 -30.5077 
49.3056 -30.4979 
48.9726 -30.4881 
48.6429 -30.4783 
48.3164 -30.4686 
47.993 -30.459 
47.6728 -30.4495 
47.3557 -30.44 
47.0416 -30.4306 
46.7304 -30.4212 
46.4222 -30.4119 
46.1169 -30.4027 
45.8145 -30.3935 
45.5148 -30.3844 
45.2178 -30.3754 
44.9236 -30.3664 
44.6321 -30.3574 
44.3432 -30.3486 
44.0568 -30.3397 
43.773 -30.331 
43.4918 -30.3223 
43.2129 -30.3136 
42.9366 -30.305 
42.6626 -30.2965 
42.391 -30.288 
42.1217 -30.2796 
41.8547 -30.2712 
41.59 -30.2629 
41.3275 -30.2546 
41.0672 -30.2464 
40.8091 -30.2382 
40.5531 -30.2301 
40.2992 -30.222 
40.0474 -30.214 
39.7976 -30.206 
39.5498 -30.1981 
39.3041 -30.1902 
39.0603 -30.1824 
38.8184 -30.1746 
38.5784 -30.1669 
38.3403 -30.1592 
38.1041 -30.1516 
37.8697 -30.144 
37.6371 -30.1365 
37.4062 -30.129 
37.1772 -30.1216 
36.9498 -30.1142 
36.7242 -30.1068 
36.5002 -30.0995 
36.2779 -30.0922 
36.0573 -30.085 
35.8383 -30.0779 
35.6208 -30.0707 
35.405 -30.0636 
35.1907 -30.0566 
34.9779 -30.0496 
34.7667 -30.0426 
34.557 -30.0357 
34.3487 -30.0288 
34.1419 -30.022 
33.9365 -30.0152 
33.7326 -30.0085 
33.53 -30.0017 
33.3289 -29.9951 
33.1291 -29.9884 
32.9307 -29.9818 
32.7336 -29.9753 
32.5378 -29.9688 
32.3433 -29.9623 
32.1501 -29.9559 
31.9582 -29.9495 
31.7675 -29.9431 
31.5781 -29.9368 
31.3899 -29.9305 
31.2029 -29.9243 
31.0171 -29.918 
30.8325 -29.9119 
30.649 -29.9057 
30.4667 -29.8996 
30.2856 -29.8936 
30.1055 -29.8875 
29.9266 -29.8816 
29.7488 -29.8756 
29.572 -29.8697 
29.3963 -29.8638 
29.2217 -29.8579 
29.0482 -29.8521 
28.8756 -29.8463 
28.7041 -29.8406 
28.5336 -29.8349 
28.3641 -29.8292 
28.1956 -29.8236 
28.0281 -29.8179 
27.8615 -29.8124 
27.6959 -29.8068 
27.5312 -29.8013 
27.3675 -29.7958 
27.2046 -29.7904 
27.0427 -29.785 
26.8817 -29.7796 
26.7216 -29.7742 
26.5624 -29.7689 
26.404 -29.7636 
26.2465 -29.7584 
26.0899 -29.7532 
25.9341 -29.748 
25.7791 -29.7428 
25.6249 -29.7377 
25.4716 -29.7326 
25.3191 -29.7275 
25.1673 -29.7225 
25.0164 -29.7175 
24.8662 -29.7125 
24.7168 -29.7075 
24.5682 -29.7026 
24.4203 -29.6977 
24.2732 -29.6929 
24.1268 -29.688 
23.9811 -29.6832 
23.8362 -29.6785 
23.692 -29.6737 
23.5484 -29.669 
23.4056 -29.6643 
23.2635 -29.6597 
23.122 -29.655 
22.9813 -29.6504 
22.8412 -29.6459 
22.7017 -29.6413 
22.5629 -29.6368 
22.4248 -29.6323 
22.2873 -29.6279 
22.1505 -29.6234 
22.0142 -29.619 
21.8786 -29.6146 
21.7436 -29.6103 
21.6093 -29.606 
21.4755 -29.6017 
21.3423 -29.5974 
21.2097 -29.5931 
21.0777 -29.5889 
20.9463 -29.5847 
20.8154 -29.5806 
20.6851 -29.5764 
20.5554 -29.5723 
20.4262 -29.5682 
20.2976 -29.5641 
20.1695 -29.5601 
20.0419 -29.5561 
19.9149 -29.5521 
19.7884 -29.5481 
19.6624 -29.5442 
19.537 -29.5403 
19.412 -29.5364 
19.2876 -29.5325 
19.1636 -29.5287 
19.0402 -29.5249 
18.9172 -29.5211 
18.7948 -29.5173 
18.6728 -29.5136 
18.5513 -29.5099 
18.4302 -29.5062 
18.3096 -29.5025 
18.1895 -29.4989 
18.0698 -29.4953 
17.9506 -29.4917 
17.8318 -29.4881 
17.7135 -29.4846 
17.5956 -29.4811 
17.4782 -29.4776 
17.3611 -29.4741 
17.2445 -29.4706 
17.1283 -29.4672 
17.0126 -29.4638 
16.8972 -29.4604 
16.7823 -29.457 
16.6677 -29.4537 
16.5536 -29.4504 
16.4398 -29.4471 
16.3264 -29.4438 
16.2135 -29.4406 
16.1009 -29.4374 
15.9887 -29.4342 
15.8768 -29.431 
15.7654 -29.4278 
15.6543 -29.4247 
15.5435 -29.4216 
15.4332 -29.4185 
15.3231 -29.4154 
15.2135 -29.4124 
15.1042 -29.4094 
14.9952 -29.4064 
14.8866 -29.4034 
14.7783 -29.4004 
14.6703 -29.3975 
14.5627 -29.3946 
14.4554 -29.3917 
14.3485 -29.3888 
14.2418 -29.3859 
14.1355 -29.3831 
14.0295 -29.3803 
13.9238 -29.3775 
13.8184 -29.3748 
13.7133 -29.372 
13.6085 -29.3693 
13.5041 -29.3666 
13.3999 -29.3639 
13.296 -29.3612 
13.1924 -29.3586 
13.0891 -29.356 
12.986 -29.3534 
12.8833 -29.3508 
12.7808 -29.3482 
12.6786 -29.3457 
12.5767 -29.3432 
12.4751 -29.3407 
12.3737 -29.3382 
12.2725 -29.3357 
12.1717 -29.3333 
12.0711 -29.3309 
11.9707 -29.3285 
11.8706 -29.3261 
11.7708 -29.3238 
11.6712 -29.3214 
11.5719 -29.3191 
11.4727 -29.3168 
11.3739 -29.3145 
11.2752 -29.3123 
11.1768 -29.31 
11.0787 -29.3078 
10.9807 -29.3056 
10.883 -29.3034 
10.7855 -29.3013 
10.6883 -29.2991 
10.5912 -29.297 
10.4944 -29.2949 
10.3978 -29.2928 
10.3014 -29.2908 
10.2052 -29.2887 
10.1092 -29.2867 
10.0134 -29.2847 
9.91784 -29.2827 
9.82246 -29.2808 
9.72728 -29.2788 
9.63229 -29.2769 
9.5375 -29.275 
9.4429 -29.2731 
9.34848 -29.2712 
9.25425 -29.2694 
9.16021 -29.2675 
9.06635 -29.2657 
8.97267 -29.2639 
8.87916 -29.2621 
8.78583 -29.2604 
8.69268 -29.2586 
8.59969 -29.2569 
8.50687 -29.2552 
8.41423 -29.2535 
8.32174 -29.2519 
8.22942 -29.2502 
8.13726 -29.2486 
8.04525 -29.247 
7.95341 -29.2454 
7.86171 -29.2438 
7.77017 -29.2423 
7.67878 -29.2407 
7.58754 -29.2392 
7.49645 -29.2377 
7.4055 -29.2362 
7.31469 -29.2347 
7.22402 -29.2333 
7.13349 -29.2319 
7.0431 -29.2305 
6.95284 -29.2291 
6.86271 -29.2277 
6.77272 -29.2263 
6.68285 -29.225 
6.59311 -29.2237 
6.5035 -29.2224 
6.41401 -29.2211 
6.32464 -29.2198 
6.23539 -29.2186 
6.14626 -29.2174 
6.05724 -29.2161 
5.96834 -29.2149 
5.87955 -29.2138 
5.79087 -29.2126 
5.7023 -29.2115 
5.61383 -29.2103 
5.52548 -29.2092 
5.43722 -29.2082 
5.34906 -29.2071 
5.26101 -29.206 
5.17305 -29.205 
5.08519 -29.204 
4.99742 -29.203 
4.90975 -29.202 
4.82217 -29.201 
4.73467 -29.2001 
4.64727 -29.1991 
4.55995 -29.1982 
4.47271 -29.1973 
4.38556 -29.1965 
4.29848 -29.1956 
4.21149 -29.1948 
4.12457 -29.1939 
4.03773 -29.1931 
3.95097 -29.1923 
3.86427 -29.1916 
3.77765 -29.1908 
3.69109 -29.1901 
3.6046 -29.1893 
3.51818 -29.1886 
3.43183 -29.1879 
3.34553 -29.1873 
3.2593 -29.1866 
3.17312 -29.186 
3.087 -29.1854 
3.00094 -29.1848 
2.91493 -29.1842 
2.82898 -29.1836 
2.74308 -29.1831 
2.65722 -29.1825 
2.57142 -29.182 
2.48566 -29.1815 
2.39994 -29.181 
2.31427 -29.1806 
2.22864 -29.1801 
2.14305 -29.1797 
2.0575 -29.1793 
1.97198 -29.1789 
1.8865 -29.1785 
1.80105 -29.1782 
1.71564 -29.1778 
1.63026 -29.1775 
1.5449 -29.1772 
1.45957 -29.1769 
1.37427 -29.1766 
1.28899 -29.1764 
1.20374 -29.1761 
1.11851 -29.1759 
1.03329 -29.1757 
0.948096 -29.1755 
0.862917 -29.1753 
0.777752 -29.1752 
0.692601 -29.175 
0.607461 -29.1749 
0.522332 -29.1748 
0.437211 -29.1747 
0.352098 -29.1746 
0.26699 -29.1746 
0.181886 -29.1746 
0.0967843 -29.1745 
0.0116838 -29.1745 
-0.0734172 -29.1746 
-0.15852 -29.1746 
-0.243627 -29.1746 
-0.32874 -29.1747 
-0.413859 -29.1748 
-0.498986 -29.1749 
-0.584123 -29.175 
-0.669272 -29.1751 
-0.754434 -29.1753 
-0.83961 -29.1754 
-0.924803 -29.1756 
-1.01001 -29.1758 
-1.09524 -29.1761 
-1.18049 -29.1763 
-1.26577 -29.1765 
-1.35106 -29.1768 
-1.43638 -29.1771 
-1.52173 -29.1774 
-1.60711 -29.1777 
-1.69252 -29.1781 
-1.77796 -29.1784 
-1.86343 -29.1788 
-1.94894 -29.1792 
-2.03448 -29.1796 
-2.12007 -29.18 
-2.20569 -29.1805 
-2.29135 -29.1809 
-2.37706 -29.1814 
-2.46281 -29.1819 
-2.5486 -29.1824 
-2.63445 -29.1829 
-2.72034 -29.1835 
-2.80629 -29.184 
-2.89228 -29.1846 
-2.97833 -29.1852 
-3.06444 -29.1858 
-3.1506 -29.1865 
-3.23683 -29.1871 
-3.32311 -29.1878 
-3.40945 -29.1884 
-3.49586 -29.1891 
-3.58234 -29.1899 
-3.66888 -29.1906 
-3.75549 -29.1914 
-3.84217 -29.1921 
-3.92892 -29.1929 
-4.01575 -29.1937 
-4.10265 -29.1945 
-4.18963 -29.1954 
-4.27669 -29.1962 
-4.36383 -29.1971 
-4.45105 -29.198 
-4.53835 -29.1989 
-4.62574 -29.1998 
-4.71322 -29.2008 
-4.80079 -29.2017 
-4.88845 -29.2027 
-4.97619 -29.2037 
-5.06404 -29.2047 
-5.15198 -29.2058 
-5.24002 -29.2068 
-5.32815 -29.2079 
-5.41639 -29.209 
-5.50473 -29.2101 
-5.59318 -29.2112 
-5.68173 -29.2123 
-5.77039 -29.2135 
-5.85916 -29.2146 
-5.94805 -29.2158 
-6.03704 -29.217 
-6.12616 -29.2183 
-6.21539 -29.2195 
-6.30474 -29.2208 
-6.39421 -29.2221 
-6.4838 -29.2234 
-6.57352 -29.2247 
-6.66337 -29.226 
-6.75334 -29.2274 
-6.84345 -29.2287 
-6.93368 -29.2301 
-7.02406 -29.2315 
-7.11457 -29.2329 
-7.20521 -29.2344 
-7.296 -29.2358 
-7.38693 -29.2373 
-7.478 -29.2388 
-7.56922 -29.2403 
-7.66059 -29.2419 
-7.75211 -29.2434 
-7.84378 -29.245 
-7.93561 -29.2466 
-8.02759 -29.2482 
-8.11973 -29.2498 
-8.21203 -29.2515 
-8.30449 -29.2531 
-8.39712 -29.2548 
-8.48992 -29.2565 
-8.58288 -29.2582 
-8.67602 -29.26 
-8.76932 -29.2617 
-8.86281 -29.2635 
-8.95647 -29.2653 
-9.05031 -29.2671 
-9.14433 -29.2689 
-9.23854 -29.2708 
-9.33293 -29.2726 
-9.42752 -29.2745 
-9.52229 -29.2764 
-9.61725 -29.2784 
-9.71242 -29.2803 
-9.80778 -29.2823 
-9.90334 -29.2842 
-9.9991 -29.2863 
-10.0951 -29.2883 
-10.1912 -29.2903 
-10.2876 -29.2924 
-10.3842 -29.2945 
-10.481 -29.2965 
-10.5781 -29.2987 
-10.6753 -29.3008 
-10.7728 -29.303 
-10.8705 -29.3051 
-10.9684 -29.3073 
-11.0665 -29.3095 
-11.1649 -29.3118 
-11.2635 -29.314 
-11.3624 -29.3163 
-11.4615 -29.3186 
-11.5608 -29.3209 
-11.6604 -29.3233 
-11.7602 -29.3256 
-11.8603 -29.328 
-11.9606 -29.3304 
-12.0612 -29.3328 
-12.1621 -29.3352 
-12.2632 -29.3377 
-12.3646 -29.3402 
-12.4662 -29.3427 
-12.5681 -29.3452 
-12.6703 -29.3477 
-12.7728 -29.3503 
-12.8755 -29.3528 
-12.9785 -29.3554 
-13.0818 -29.3581 
-13.1854 -29.3607 
-13.2893 -29.3634 
-13.3935 -29.366 
-13.498 -29.3687 
