30 5.5 
30.0179 5.53014 
30.036 5.56023 
30.054 5.59027 
30.0722 5.62027 
30.0905 5.65022 
30.1088 5.68013 
30.1272 5.70999 
30.1456 5.73981 
30.1642 5.76958 
30.1828 5.7993 
30.2015 5.82898 
30.2202 5.8586 
30.2391 5.88819 
30.258 5.91772 
30.277 5.94721 
30.2961 5.97665 
30.3153 6.00604 
30.3345 6.03539 
30.3538 6.06469 
30.3732 6.09394 
30.3927 6.12314 
30.4122 6.15229 
30.4319 6.1814 
30.4516 6.21046 
30.4714 6.23946 
30.4913 6.26842 
30.5112 6.29733 
30.5313 6.3262 
30.5514 6.35501 
30.5716 6.38377 
30.5919 6.41249 
30.6122 6.44115 
30.6327 6.46977 
30.6532 6.49834 
30.6738 6.52686 
30.6945 6.55532 
30.7153 6.58374 
30.7361 6.61211 
30.7571 6.64043 
30.7781 6.66869 
30.7992 6.69691 
30.8204 6.72508 
30.8417 6.7532 
30.863 6.78126 
30.8845 6.80928 
30.906 6.83724 
30.9276 6.86516 
30.9494 6.89302 
30.9711 6.92084 
30.993 6.9486 
31.015 6.97631 
31.037 7.00397 
31.0592 7.03158 
31.0814 7.05914 
31.1037 7.08665 
31.1261 7.11411 
31.1486 7.14151 
31.1711 7.16887 
31.1938 7.19617 
31.2165 7.22342 
31.2394 7.25062 
31.2623 7.27777 
31.2853 7.30487 
31.3084 7.33191 
31.3316 7.35891 
31.3549 7.38585 
31.3782 7.41274 
31.4017 7.43958 
31.4252 7.46637 
31.4489 7.4931 
31.4726 7.51979 
31.4964 7.54642 
31.5203 7.573 
31.5443 7.59953 
31.5684 7.62601 
31.5925 7.65243 
31.6168 7.67881 
31.6412 7.70513 
31.6656 7.7314 
31.6901 7.75762 
31.7148 7.78378 
31.7395 7.8099 
31.7643 7.83596 
31.7892 7.86197 
31.8142 7.88793 
31.8393 7.91384 
31.8645 7.93969 
31.8897 7.9655 
31.9151 7.99125 
31.9406 8.01695 
31.9661 8.0426 
31.9917 8.06819 
32.0175 8.09374 
32.0433 8.11923 
32.0692 8.14467 
32.0952 8.17006 
32.1213 8.1954 
32.1475 8.22069 
32.1738 8.24592 
32.2002 8.2711 
32.2267 8.29624 
32.2533 8.32132 
32.28 8.34635 
32.3067 8.37132 
32.3336 8.39625 
32.3605 8.42112 
32.3876 8.44595 
32.4147 8.47072 
32.442 8.49544 
32.4693 8.52011 
32.4967 8.54473 
32.5243 8.56929 
32.5519 8.59381 
32.5796 8.61827 
32.6074 8.64269 
32.6353 8.66705 
32.6633 8.69136 
32.6914 8.71563 
32.7196 8.73984 
32.7479 8.764 
32.7763 8.78811 
32.8048 8.81216 
32.8333 8.83617 
32.862 8.86013 
32.8908 8.88404 
32.9196 8.9079 
32.9486 8.9317 
32.9777 8.95546 
33.0068 8.97917 
33.0361 9.00282 
33.0654 9.02643 
33.0949 9.04999 
33.1244 9.07349 
33.1541 9.09695 
33.1838 9.12036 
33.2136 9.14372 
33.2436 9.16703 
33.2736 9.19029 
33.3037 9.2135 
33.334 9.23666 
33.3643 9.25977 
33.3947 9.28283 
33.4252 9.30584 
33.4558 9.32881 
33.4866 9.35172 
33.5174 9.37459 
33.5483 9.39741 
33.5793 9.42018 
33.6104 9.4429 
33.6416 9.46558 
33.6729 9.4882 
33.7043 9.51078 
33.7358 9.53331 
33.7674 9.55579 
33.7991 9.57822 
33.8309 9.6006 
33.8628 9.62294 
33.8948 9.64523 
33.9269 9.66747 
33.9591 9.68967 
33.9914 9.71182 
34.0238 9.73392 
34.0563 9.75597 
34.0889 9.77798 
34.1216 9.79994 
34.1544 9.82185 
34.1872 9.84372 
34.2202 9.86554 
34.2533 9.88731 
34.2865 9.90904 
34.3198 9.93072 
34.3532 9.95236 
34.3867 9.97395 
34.4202 9.99549 
34.4539 10.017 
34.4877 10.0384 
34.5216 10.0599 
34.5556 10.0812 
34.5897 10.1025 
34.6238 10.1238 
34.6581 10.145 
34.6925 10.1662 
34.727 10.1873 
34.7616 10.2084 
34.7962 10.2295 
34.831 10.2505 
34.8659 10.2714 
34.9009 10.2924 
34.936 10.3132 
34.9712 10.3341 
35.0064 10.3548 
35.0418 10.3756 
35.0773 10.3963 
35.1129 10.4169 
35.1486 10.4375 
35.1844 10.4581 
35.2202 10.4786 
35.2562 10.4991 
35.2923 10.5196 
35.3285 10.54 
35.3648 10.5603 
35.4012 10.5806 
35.4377 10.6009 
35.4742 10.6211 
35.5109 10.6413 
35.5477 10.6615 
35.5846 10.6816 
35.6216 10.7016 
35.6587 10.7216 
35.6959 10.7416 
35.7332 10.7616 
35.7706 10.7814 
35.8081 10.8013 
35.8457 10.8211 
35.8834 10.8409 
35.9211 10.8606 
35.959 10.8803 
35.997 10.9 
36.0351 10.9196 
36.0733 10.9392 
36.1116 10.9587 
36.15 10.9782 
36.1886 10.9977 
36.2272 11.0171 
36.2659 11.0364 
36.3047 11.0558 
36.3436 11.0751 
36.3826 11.0943 
36.4217 11.1136 
36.4609 11.1328 
36.5002 11.1519 
36.5396 11.171 
36.5791 11.1901 
36.6188 11.2091 
36.6585 11.2281 
36.6983 11.2471 
36.7382 11.266 
36.7782 11.2849 
36.8184 11.3037 
36.8586 11.3225 
36.8989 11.3413 
36.9393 11.36 
36.9799 11.3787 
37.0205 11.3974 
37.0612 11.416 
37.1021 11.4346 
37.143 11.4532 
37.184 11.4717 
37.2252 11.4902 
37.2664 11.5086 
37.3077 11.527 
37.3492 11.5454 
37.3907 11.5638 
37.4324 11.5821 
37.4741 11.6003 
37.516 11.6186 
37.5579 11.6368 
37.6 11.655 
37.6421 11.6731 
37.6844 11.6912 
37.7267 11.7093 
37.7692 11.7273 
37.8117 11.7453 
37.8544 11.7633 
37.8971 11.7812 
37.94 11.7991 
37.983 11.817 
38.026 11.8348 
38.0692 11.8526 
38.1125 11.8704 
38.1558 11.8881 
38.1993 11.9058 
38.2429 11.9235 
38.2866 11.9411 
38.3303 11.9588 
38.3742 11.9763 
38.4182 11.9939 
38.4623 12.0114 
38.5065 12.0289 
38.5508 12.0463 
38.5952 12.0638 
38.6396 12.0812 
38.6842 12.0985 
38.7289 12.1159 
38.7737 12.1332 
38.8186 12.1504 
38.8636 12.1677 
38.9087 12.1849 
38.9539 12.2021 
38.9992 12.2192 
39.0447 12.2364 
39.0902 12.2535 
39.1358 12.2705 
39.1815 12.2876 
39.2273 12.3046 
39.2732 12.3215 
39.3193 12.3385 
39.3654 12.3554 
39.4116 12.3723 
39.4579 12.3892 
39.5044 12.406 
39.5509 12.4228 
39.5975 12.4396 
39.6443 12.4564 
39.6911 12.4731 
39.738 12.4898 
39.7851 12.5065 
39.8322 12.5231 
39.8795 12.5398 
39.9268 12.5564 
39.9743 12.5729 
40.0218 12.5895 
40.0695 12.606 
40.1173 12.6225 
40.1651 12.639 
40.2131 12.6554 
40.2612 12.6718 
40.3093 12.6882 
40.3576 12.7046 
40.406 12.7209 
40.4544 12.7372 
40.503 12.7535 
40.5517 12.7698 
40.6005 12.786 
40.6494 12.8022 
40.6984 12.8184 
40.7475 12.8346 
40.7967 12.8507 
40.846 12.8668 
40.8954 12.8829 
40.9449 12.899 
40.9945 12.9151 
41.0442 12.9311 
41.094 12.9471 
41.1439 12.9631 
41.1939 12.979 
41.2441 12.995 
41.2943 13.0109 
41.3446 13.0268 
41.395 13.0426 
41.4456 13.0585 
41.4962 13.0743 
41.5469 13.0901 
41.5978 13.1059 
41.6487 13.1217 
41.6998 13.1374 
41.7509 13.1531 
41.8022 13.1688 
41.8536 13.1845 
41.905 13.2001 
41.9566 13.2158 
42.0083 13.2314 
42.06 13.247 
42.1119 13.2625 
42.1639 13.2781 
42.216 13.2936 
42.2681 13.3091 
42.3204 13.3246 
42.3728 13.3401 
42.4253 13.3555 
42.4779 13.371 
42.5306 13.3864 
42.5834 13.4018 
42.6363 13.4172 
42.6894 13.4325 
42.7425 13.4478 
42.7957 13.4632 
42.849 13.4785 
42.9025 13.4937 
42.956 13.509 
43.0096 13.5243 
43.0634 13.5395 
43.1172 13.5547 
43.1712 13.5699 
43.2252 13.5851 
43.2794 13.6002 
43.3337 13.6154 
43.388 13.6305 
43.4425 13.6456 
43.4971 13.6607 
43.5517 13.6757 
43.6065 13.6908 
43.6614 13.7058 
43.7164 13.7209 
43.7715 13.7359 
43.8267 13.7509 
43.882 13.7658 
43.9374 13.7808 
43.993 13.7957 
44.0486 13.8107 
44.1043 13.8256 
44.1601 13.8405 
44.2161 13.8553 
44.2721 13.8702 
44.3283 13.8851 
44.3845 13.8999 
44.4409 13.9147 
44.4973 13.9295 
44.5539 13.9443 
44.6106 13.9591 
44.6673 13.9739 
44.7242 13.9886 
44.7812 14.0033 
44.8383 14.0181 
44.8955 14.0328 
44.9528 14.0474 
45.0102 14.0621 
45.0677 14.0768 
45.1254 14.0914 
45.1831 14.1061 
45.2409 14.1207 
45.2989 14.1353 
45.3569 14.1499 
45.4151 14.1645 
45.4733 14.1791 
45.5317 14.1936 
45.5901 14.2082 
45.6487 14.2227 
45.7074 14.2372 
45.7662 14.2518 
45.8251 14.2663 
45.8841 14.2807 
45.9432 14.2952 
46.0024 14.3097 
46.0617 14.3241 
46.1212 14.3386 
46.1807 14.353 
46.2403 14.3674 
46.3001 14.3818 
46.3599 14.3962 
46.4199 14.4106 
46.48 14.425 
46.5401 14.4393 
46.6004 14.4537 
46.6608 14.468 
46.7213 14.4824 
46.7819 14.4967 
46.8426 14.511 
46.9034 14.5253 
46.9644 14.5396 
47.0254 14.5539 
47.0865 14.5682 
47.1478 14.5824 
47.2091 14.5967 
47.2706 14.6109 
47.3322 14.6251 
47.3939 14.6394 
47.4557 14.6536 
47.5176 14.6678 
47.5796 14.682 
47.6417 14.6962 
47.7039 14.7104 
47.7662 14.7245 
47.8287 14.7387 
47.8912 14.7528 
47.9539 14.767 
48.0166 14.7811 
48.0795 14.7953 
48.1425 14.8094 
48.2056 14.8235 
48.2688 14.8376 
48.3321 14.8517 
48.3955 14.8658 
48.4591 14.8799 
48.5227 14.894 
48.5864 14.908 
48.6503 14.9221 
48.7143 14.9361 
48.7783 14.9502 
48.8425 14.9642 
48.9068 14.9783 
48.9712 14.9923 
49.0357 15.0063 
49.1004 15.0203 
49.1651 15.0343 
49.23 15.0483 
49.2949 15.0623 
49.36 15.0763 
49.4252 15.0903 
49.4905 15.1043 
49.5559 15.1182 
49.6214 15.1322 
49.687 15.1461 
49.7527 15.1601 
49.8186 15.174 
49.8845 15.188 
49.9506 15.2019 
50.0168 15.2158 
50.083 15.2298 
50.1494 15.2437 
50.216 15.2576 
50.2826 15.2715 
50.3493 15.2854 
50.4162 15.2993 
50.4831 15.3132 
50.5502 15.3271 
50.6174 15.341 
50.6847 15.3549 
50.7521 15.3687 
50.8196 15.3826 
50.8872 15.3965 
50.955 15.4103 
51.0228 15.4242 
51.0908 15.4381 
51.1589 15.4519 
51.2271 15.4658 
51.2954 15.4796 
51.3638 15.4934 
51.4324 15.5073 
51.501 15.5211 
51.5698 15.535 
51.6387 15.5488 
51.7076 15.5626 
51.7767 15.5764 
51.846 15.5902 
51.9153 15.6041 
51.9847 15.6179 
52.0543 15.6317 
52.124 15.6455 
52.1938 15.6593 
52.2637 15.6731 
52.3337 15.6869 
52.4038 15.7007 
52.4741 15.7145 
52.5444 15.7283 
52.6149 15.7421 
52.6855 15.7558 
52.7562 15.7696 
52.8271 15.7834 
52.898 15.7972 
52.969 15.811 
53.0402 15.8247 
53.1115 15.8385 
53.1829 15.8523 
53.2544 15.8661 
53.3261 15.8798 
53.3978 15.8936 
53.4697 15.9074 
53.5417 15.9211 
53.6138 15.9349 
53.686 15.9487 
53.7583 15.9624 
53.8308 15.9762 
53.9034 15.99 
53.976 16.0037 
54.0488 16.0175 
54.1218 16.0312 
54.1948 16.045 
54.268 16.0588 
54.3412 16.0725 
54.4146 16.0863 
54.4881 16.1 
54.5618 16.1138 
54.6355 16.1276 
54.7094 16.1413 
54.7834 16.1551 
54.8575 16.1688 
54.9317 16.1826 
55.006 16.1963 
55.0805 16.2101 
55.1551 16.2239 
55.2298 16.2376 
55.3046 16.2514 
55.3795 16.2651 
55.4546 16.2789 
55.5298 16.2926 
55.6051 16.3064 
55.6805 16.3202 
55.756 16.3339 
55.8317 16.3477 
55.9074 16.3615 
55.9833 16.3752 
56.0594 16.389 
56.1355 16.4027 
56.2118 16.4165 
56.2882 16.4303 
56.3647 16.4441 
56.4413 16.4578 
56.518 16.4716 
56.5949 16.4854 
56.6719 16.4991 
56.749 16.5129 
56.8262 16.5267 
56.9036 16.5405 
56.9811 16.5543 
57.0587 16.5681 
57.1364 16.5818 
57.2142 16.5956 
57.2922 16.6094 
57.3703 16.6232 
57.4485 16.637 
57.5269 16.6508 
57.6053 16.6646 
57.6839 16.6784 
57.7626 16.6922 
57.8414 16.706 
57.9204 16.7198 
57.9995 16.7336 
58.0787 16.7474 
58.158 16.7613 
58.2375 16.7751 
58.3171 16.7889 
58.3968 16.8027 
58.4766 16.8165 
58.5565 16.8304 
58.6366 16.8442 
58.7168 16.858 
58.7972 16.8719 
58.8776 16.8857 
58.9582 16.8996 
59.0389 16.9134 
59.1197 16.9273 
59.2007 16.9411 
59.2818 16.955 
59.363 16.9688 
59.4444 16.9827 
59.5258 16.9966 
59.6074 17.0104 
59.6891 17.0243 
59.771 17.0382 
59.853 17.0521 
59.9351 17.066 
60.0173 17.0799 
60.0997 17.0937 
60.1822 17.1076 
60.2648 17.1215 
60.3475 17.1355 
60.4304 17.1494 
60.5134 17.1633 
60.5965 17.1772 
60.6798 17.1911 
60.7632 17.205 
60.8467 17.219 
60.9304 17.2329 
61.0141 17.2469 
61.098 17.2608 
61.1821 17.2747 
61.2663 17.2887 
61.3506 17.3027 
61.435 17.3166 
61.5196 17.3306 
61.6042 17.3446 
61.6891 17.3585 
61.774 17.3725 
61.8591 17.3865 
61.9443 17.4005 
62.0297 17.4145 
62.1152 17.4285 
62.2008 17.4425 
62.2865 17.4565 
62.3724 17.4705 
62.4584 17.4846 
62.5446 17.4986 
62.6308 17.5126 
62.7172 17.5267 
62.8038 17.5407 
62.8905 17.5547 
62.9773 17.5688 
63.0642 17.5829 
63.1513 17.5969 
63.2385 17.611 
63.3259 17.6251 
63.4133 17.6392 
63.501 17.6532 
63.5887 17.6673 
63.6766 17.6814 
63.7646 17.6955 
63.8528 17.7097 
63.9411 17.7238 
64.0295 17.7379 
64.118 17.752 
64.2067 17.7662 
64.2956 17.7803 
64.3845 17.7944 
64.4737 17.8086 
64.5629 17.8228 
64.6523 17.8369 
64.7418 17.8511 
64.8315 17.8653 
64.9212 17.8795 
65.0112 17.8936 
65.1012 17.9078 
65.1915 17.922 
65.2818 17.9363 
65.3723 17.9505 
65.4629 17.9647 
65.5537 17.9789 
65.6446 17.9932 
65.7356 18.0074 
65.8268 18.0217 
65.9181 18.0359 
66.0096 18.0502 
66.1012 18.0645 
66.1929 18.0787 
66.2848 18.093 
66.3768 18.1073 
66.4689 18.1216 
66.5612 18.1359 
66.6537 18.1502 
66.7463 18.1645 
66.839 18.1789 
66.9319 18.1932 
67.0249 18.2075 
67.118 18.2219 
67.2113 18.2363 
67.3047 18.2506 
67.3983 18.265 
67.492 18.2794 
67.5859 18.2937 
67.6799 18.3081 
67.774 18.3225 
67.8683 18.3369 
67.9628 18.3514 
68.0573 18.3658 
68.1521 18.3802 
68.2469 18.3947 
68.3419 18.4091 
68.4371 18.4236 
68.5324 18.438 
68.6278 18.4525 
68.7234 18.467 
68.8192 18.4814 
68.915 18.4959 
69.0111 18.5104 
69.1072 18.5249 
69.2036 18.5395 
69.3 18.554 
69.3966 18.5685 
69.4934 18.5831 
69.5903 18.5976 
69.6874 18.6122 
69.7846 18.6267 
69.8819 18.6413 
69.9794 18.6559 
70.0771 18.6705 
70.1749 18.6851 
70.2728 18.6997 
70.3709 18.7143 
70.4691 18.7289 
70.5675 18.7435 
70.6661 18.7582 
70.7647 18.7728 
70.8636 18.7875 
70.9626 18.8022 
71.0617 18.8168 
71.161 18.8315 
71.2604 18.8462 
71.36 18.8609 
71.4598 18.8756 
71.5597 18.8903 
71.6597 18.9051 
71.7599 18.9198 
71.8603 18.9345 
71.9608 18.9493 
72.0614 18.9641 
72.1622 18.9788 
72.2632 18.9936 
72.3643 19.0084 
72.4655 19.0232 
72.567 19.038 
72.6685 19.0528 
72.7703 19.0676 
72.8721 19.0825 
72.9742 19.0973 
73.0764 19.1122 
73.1787 19.127 
73.2812 19.1419 
73.3838 19.1568 
73.4867 19.1717 
73.5896 19.1866 
73.6927 19.2015 
73.796 19.2164 
73.8994 19.2313 
74.003 19.2462 
74.1068 19.2612 
74.2107 19.2761 
74.3147 19.2911 
74.419 19.3061 
74.5233 19.3211 
74.6279 19.336 
74.7326 19.351 
74.8374 19.3661 
74.9424 19.3811 
75.0476 19.3961 
75.1529 19.4112 
75.2584 19.4262 
75.364 19.4413 
75.4698 19.4563 
75.5758 19.4714 
75.6819 19.4865 
75.7882 19.5016 
75.8946 19.5167 
76.0013 19.5318 
76.108 19.547 
76.2149 19.5621 
76.322 19.5772 
76.4293 19.5924 
76.5367 19.6076 
76.6443 19.6227 
76.752 19.6379 
76.8599 19.6531 
76.968 19.6683 
77.0762 19.6836 
77.1846 19.6988 
77.2932 19.714 
77.4019 19.7293 
77.5108 19.7445 
77.6198 19.7598 
77.729 19.7751 
77.8384 19.7904 
77.9479 19.8057 
78.0576 19.821 
78.1675 19.8363 
78.2775 19.8516 
78.3878 19.867 
78.4981 19.8823 
78.6087 19.8977 
78.7194 19.9131 
78.8302 19.9284 
78.9413 19.9438 
79.0525 19.9592 
79.1639 19.9747 
79.2754 19.9901 
79.3871 20.0055 
79.499 20.021 
79.611 20.0364 
79.7233 20.0519 
79.8356 20.0674 
79.9482 20.0829 
80.0609 20.0984 
80.1738 20.1139 
80.2869 20.1294 
80.4001 20.1449 
80.5135 20.1605 
80.6271 20.176 
80.7409 20.1916 
80.8548 20.2072 
80.9689 20.2227 
81.0831 20.2383 
81.1976 20.2539 
81.3122 20.2696 
81.427 20.2852 
81.5419 20.3008 
81.6571 20.3165 
81.7724 20.3321 
81.8878 20.3478 
82.0035 20.3635 
82.1193 20.3792 
82.2353 20.3949 
82.3515 20.4106 
82.4678 20.4264 
82.5844 20.4421 
82.7011 20.4579 
82.8179 20.4736 
82.935 20.4894 
83.0522 20.5052 
83.1696 20.521 
83.2872 20.5368 
83.405 20.5526 
83.5229 20.5684 
83.641 20.5843 
83.7593 20.6001 
83.8778 20.616 
83.9965 20.6319 
84.1153 20.6478 
84.2343 20.6637 
84.3535 20.6796 
84.4729 20.6955 
84.5924 20.7114 
84.7121 20.7274 
84.8321 20.7433 
84.9521 20.7593 
85.0724 20.7753 
85.1929 20.7913 
85.3135 20.8073 
85.4343 20.8233 
85.5553 20.8393 
85.6765 20.8554 
85.7979 20.8714 
85.9194 20.8875 
86.0411 20.9035 
86.1631 20.9196 
86.2851 20.9357 
86.4074 20.9518 
86.5299 20.968 
86.6525 20.9841 
86.7754 21.0002 
86.8984 21.0164 
87.0216 21.0326 
87.145 21.0487 
87.2686 21.0649 
87.3923 21.0811 
87.5163 21.0974 
87.6404 21.1136 
87.7647 21.1298 
87.8893 21.1461 
88.014 21.1623 
88.1388 21.1786 
88.2639 21.1949 
88.3892 21.2112 
88.5146 21.2275 
88.6403 21.2438 
88.7661 21.2602 
88.8921 21.2765 
89.0183 21.2929 
89.1447 21.3093 
89.2713 21.3256 
89.3981 21.342 
89.5251 21.3585 
89.6523 21.3749 
89.7796 21.3913 
89.9072 21.4078 
90.0349 21.4242 
90.1628 21.4407 
90.291 21.4572 
90.4193 21.4737 
90.5478 21.4902 
90.6765 21.5067 
90.8054 21.5232 
90.9345 21.5398 
91.0638 21.5563 
91.1933 21.5729 
91.323 21.5895 
91.4528 21.6061 
91.5829 21.6227 
91.7132 21.6393 
91.8436 21.6559 
91.9743 21.6726 
92.1052 21.6892 
92.2362 21.7059 
92.3675 21.7226 
92.4989 21.7393 
92.6306 21.756 
92.7624 21.7727 
92.8945 21.7895 
93.0267 21.8062 
93.1591 21.823 
93.2918 21.8397 
93.4246 21.8565 
93.5577 21.8733 
93.6909 21.8901 
93.8244 21.907 
93.958 21.9238 
94.0919 21.9406 
94.2259 21.9575 
94.3602 21.9744 
94.4946 21.9913 
94.6293 22.0082 
94.7641 22.0251 
94.8992 22.042 
95.0345 22.0589 
95.1699 22.0759 
95.3056 22.0929 
95.4415 22.1098 
95.5776 22.1268 
95.7139 22.1438 
95.8504 22.1608 
95.9871 22.1779 
96.124 22.1949 
96.2611 22.212 
96.3984 22.229 
96.536 22.2461 
96.6737 22.2632 
96.8116 22.2803 
96.9498 22.2975 
97.0882 22.3146 
97.2267 22.3317 
97.3655 22.3489 
97.5045 22.3661 
97.6437 22.3833 
97.7831 22.4005 
97.9227 22.4177 
98.0626 22.4349 
98.2026 22.4521 
98.3428 22.4694 
98.4833 22.4867 
98.624 22.5039 
98.7649 22.5212 
98.906 22.5385 
99.0473 22.5559 
99.1888 22.5732 
99.3306 22.5905 
99.4725 22.6079 
99.6147 22.6253 
99.7571 22.6427 
99.8997 22.6601 
100.042 22.6775 
100.186 22.6949 
100.329 22.7124 
100.472 22.7298 
100.616 22.7473 
100.76 22.7648 
100.904 22.7823 
101.048 22.7998 
101.193 22.8173 
101.338 22.8348 
101.483 22.8524 
101.628 22.8699 
101.773 22.8875 
101.919 22.9051 
