1 30 
1.17834 29.8235 
1.35467 29.6494 
1.52904 29.4775 
1.70149 29.3077 
1.87204 29.1402 
2.04073 28.9748 
2.2076 28.8114 
2.37268 28.6502 
2.536 28.4909 
2.6976 28.3336 
2.85751 28.1783 
3.01575 28.0249 
3.17236 27.8733 
3.32737 27.7237 
3.4808 27.5758 
3.63268 27.4297 
3.78304 27.2854 
3.93191 27.1429 
4.07931 27.002 
4.22527 26.8628 
4.36981 26.7253 
4.51296 26.5893 
4.65474 26.455 
4.79517 26.3223 
4.93427 26.1911 
5.07208 26.0614 
5.20861 25.9332 
5.34387 25.8065 
5.4779 25.6812 
5.61072 25.5574 
5.74233 25.435 
5.87277 25.314 
6.00205 25.1943 
6.13019 25.076 
6.25721 24.959 
6.38313 24.8433 
6.50796 24.7289 
6.63173 24.6157 
6.75444 24.5038 
6.87612 24.3932 
6.99677 24.2837 
7.11643 24.1755 
7.2351 24.0684 
7.3528 23.9625 
7.46954 23.8577 
7.58534 23.754 
7.70022 23.6515 
7.81418 23.55 
7.92724 23.4497 
8.03941 23.3504 
8.15072 23.2521 
8.26116 23.1549 
8.37076 23.0587 
8.47953 22.9635 
8.58747 22.8693 
8.69461 22.7761 
8.80095 22.6839 
8.9065 22.5926 
9.01128 22.5023 
9.1153 22.4128 
9.21856 22.3243 
9.32109 22.2367 
9.42288 22.15 
9.52396 22.0642 
9.62433 21.9793 
9.724 21.8952 
9.82298 21.8119 
9.92128 21.7295 
10.0189 21.6479 
10.1159 21.5671 
10.2122 21.4872 
10.3079 21.408 
10.4029 21.3296 
10.4973 21.252 
10.5912 21.1752 
10.6844 21.0991 
10.777 21.0237 
10.869 20.9491 
10.9604 20.8753 
11.0513 20.8021 
11.1416 20.7297 
11.2313 20.6579 
11.3205 20.5869 
11.4091 20.5165 
11.4972 20.4468 
11.5848 20.3778 
11.6718 20.3094 
11.7584 20.2417 
11.8444 20.1747 
11.9299 20.1083 
12.0149 20.0425 
12.0995 19.9773 
12.1836 19.9128 
12.2671 19.8488 
12.3503 19.7855 
12.4329 19.7227 
12.5151 19.6606 
12.5968 19.599 
12.6781 19.538 
12.759 19.4776 
12.8394 19.4177 
12.9194 19.3584 
12.999 19.2997 
13.0782 19.2415 
13.1569 19.1838 
13.2352 19.1266 
13.3132 19.07 
13.3907 19.0139 
13.4679 18.9584 
13.5446 18.9033 
13.621 18.8487 
13.697 18.7947 
13.7726 18.7411 
13.8479 18.688 
13.9228 18.6354 
13.9973 18.5833 
14.0715 18.5316 
14.1454 18.4805 
14.2189 18.4297 
14.292 18.3795 
14.3648 18.3297 
14.4373 18.2803 
14.5095 18.2314 
14.5813 18.1829 
14.6528 18.1349 
14.724 18.0873 
14.7949 18.0401 
14.8654 17.9933 
14.9357 17.947 
15.0057 17.9011 
15.0753 17.8555 
15.1447 17.8104 
15.2138 17.7657 
15.2826 17.7214 
15.3511 17.6775 
15.4193 17.6339 
15.4872 17.5908 
15.5549 17.548 
15.6223 17.5056 
15.6895 17.4636 
15.7563 17.422 
15.823 17.3807 
15.8893 17.3398 
15.9554 17.2993 
16.0213 17.2591 
16.0869 17.2192 
16.1522 17.1798 
16.2173 17.1406 
16.2822 17.1018 
16.3468 17.0634 
16.4112 17.0253 
16.4754 16.9875 
16.5393 16.95 
16.6031 16.9129 
16.6666 16.8761 
16.7298 16.8396 
16.7929 16.8035 
16.8557 16.7676 
16.9183 16.7321 
16.9807 16.6969 
17.043 16.662 
17.1049 16.6274 
17.1667 16.5931 
17.2283 16.5591 
17.2897 16.5254 
17.3509 16.492 
17.4119 16.4588 
17.4727 16.426 
17.5334 16.3935 
17.5938 16.3612 
17.6541 16.3292 
17.7141 16.2975 
17.774 16.2661 
17.8337 16.235 
17.8933 16.2041 
17.9526 16.1735 
18.0118 16.1432 
18.0708 16.1131 
18.1297 16.0833 
18.1883 16.0537 
18.2468 16.0245 
18.3052 15.9954 
18.3634 15.9666 
18.4214 15.9381 
18.4793 15.9098 
18.537 15.8818 
18.5946 15.854 
18.652 15.8265 
18.7093 15.7992 
18.7664 15.7721 
18.8233 15.7453 
18.8802 15.7187 
18.9368 15.6924 
18.9934 15.6662 
19.0498 15.6403 
19.106 15.6147 
19.1622 15.5893 
19.2182 15.564 
19.274 15.5391 
19.3297 15.5143 
19.3853 15.4897 
19.4408 15.4654 
19.4962 15.4413 
19.5514 15.4174 
19.6065 15.3937 
19.6614 15.3702 
19.7163 15.347 
19.771 15.3239 
19.8256 15.301 
19.8801 15.2784 
19.9345 15.2559 
19.9887 15.2337 
20.0429 15.2116 
20.0969 15.1898 
20.1509 15.1681 
20.2047 15.1467 
20.2584 15.1254 
20.312 15.1043 
20.3655 15.0834 
20.4189 15.0627 
20.4722 15.0422 
20.5254 15.0219 
20.5785 15.0018 
20.6315 14.9818 
20.6844 14.9621 
20.7372 14.9425 
20.7899 14.9231 
20.8425 14.9038 
20.895 14.8848 
20.9475 14.8659 
20.9998 14.8472 
21.052 14.8286 
21.1042 14.8103 
21.1563 14.7921 
21.2083 14.7741 
21.2602 14.7562 
21.312 14.7385 
21.3637 14.721 
21.4154 14.7036 
21.467 14.6864 
21.5185 14.6694 
21.5699 14.6525 
21.6212 14.6358 
21.6725 14.6193 
21.7237 14.6029 
21.7748 14.5866 
21.8258 14.5706 
21.8768 14.5546 
21.9277 14.5388 
21.9785 14.5232 
22.0293 14.5077 
22.08 14.4924 
22.1306 14.4772 
22.1812 14.4622 
22.2316 14.4473 
22.2821 14.4326 
22.3324 14.418 
22.3827 14.4036 
22.433 14.3892 
22.4831 14.3751 
22.5332 14.3611 
22.5833 14.3472 
22.6333 14.3334 
22.6832 14.3198 
22.7331 14.3064 
22.7829 14.293 
22.8327 14.2798 
22.8824 14.2668 
22.9321 14.2538 
22.9817 14.241 
23.0312 14.2284 
23.0807 14.2158 
23.1302 14.2034 
23.1796 14.1912 
23.2289 14.179 
23.2782 14.167 
23.3275 14.1551 
23.3767 14.1433 
23.4258 14.1317 
23.4749 14.1202 
23.524 14.1088 
23.573 14.0975 
23.622 14.0864 
23.671 14.0753 
23.7199 14.0644 
23.7687 14.0536 
23.8175 14.043 
23.8663 14.0324 
23.9151 14.022 
23.9638 14.0117 
24.0124 14.0015 
24.061 13.9914 
24.1096 13.9814 
24.1582 13.9715 
24.2067 13.9618 
24.2552 13.9522 
24.3036 13.9426 
24.352 13.9332 
24.4004 13.9239 
24.4488 13.9147 
24.4971 13.9056 
24.5454 13.8967 
24.5936 13.8878 
24.6419 13.879 
24.6901 13.8704 
24.7383 13.8618 
24.7864 13.8534 
24.8345 13.845 
24.8826 13.8368 
24.9307 13.8286 
24.9787 13.8206 
25.0267 13.8127 
25.0747 13.8048 
25.1227 13.7971 
25.1706 13.7895 
25.2186 13.7819 
25.2665 13.7745 
25.3144 13.7672 
25.3622 13.7599 
25.4101 13.7528 
25.4579 13.7457 
25.5057 13.7388 
25.5535 13.7319 
25.6012 13.7252 
25.649 13.7185 
25.6967 13.7119 
25.7444 13.7054 
25.7921 13.6991 
25.8398 13.6928 
25.8875 13.6866 
25.9351 13.6804 
25.9827 13.6744 
26.0304 13.6685 
26.078 13.6626 
26.1256 13.6569 
26.1732 13.6512 
26.2207 13.6456 
26.2683 13.6401 
26.3159 13.6347 
26.3634 13.6294 
26.4109 13.6242 
26.4585 13.619 
26.506 13.614 
26.5535 13.609 
26.601 13.6041 
26.6485 13.5993 
26.696 13.5945 
26.7435 13.5899 
26.7909 13.5853 
26.8384 13.5808 
26.8859 13.5764 
26.9333 13.5721 
26.9808 13.5678 
27.0283 13.5637 
27.0757 13.5596 
27.1232 13.5556 
27.1706 13.5517 
27.218 13.5478 
27.2655 13.544 
27.3129 13.5403 
27.3604 13.5367 
27.4078 13.5332 
27.4552 13.5297 
27.5027 13.5263 
27.5501 13.523 
27.5976 13.5198 
27.645 13.5166 
27.6925 13.5135 
27.7399 13.5105 
27.7874 13.5075 
27.8348 13.5046 
27.8823 13.5018 
27.9297 13.4991 
27.9772 13.4965 
28.0247 13.4939 
28.0722 13.4913 
28.1197 13.4889 
28.1671 13.4865 
28.2146 13.4842 
28.2621 13.482 
28.3097 13.4798 
28.3572 13.4777 
28.4047 13.4757 
28.4522 13.4737 
28.4998 13.4718 
28.5473 13.47 
28.5949 13.4682 
28.6425 13.4665 
28.6901 13.4649 
28.7377 13.4633 
28.7853 13.4618 
28.8329 13.4603 
28.8805 13.459 
28.9282 13.4577 
28.9758 13.4564 
29.0235 13.4552 
29.0712 13.4541 
29.1188 13.4531 
29.1665 13.4521 
29.2143 13.4511 
29.262 13.4503 
29.3098 13.4495 
29.3575 13.4487 
29.4053 13.448 
29.4531 13.4474 
29.5009 13.4468 
29.5487 13.4463 
29.5966 13.4459 
29.6444 13.4455 
29.6923 13.4452 
29.7402 13.4449 
29.7881 13.4447 
29.8361 13.4446 
29.884 13.4445 
29.932 13.4445 
29.98 13.4445 
30.028 13.4446 
30.076 13.4447 
30.1241 13.4449 
30.1721 13.4451 
30.2202 13.4455 
30.2683 13.4458 
30.3165 13.4462 
30.3646 13.4467 
30.4128 13.4472 
30.461 13.4478 
30.5092 13.4485 
30.5575 13.4492 
30.6058 13.4499 
30.6541 13.4507 
30.7024 13.4516 
30.7507 13.4525 
30.7991 13.4534 
30.8475 13.4544 
30.8959 13.4555 
30.9443 13.4566 
30.9928 13.4578 
31.0413 13.459 
31.0898 13.4603 
31.1384 13.4616 
31.1869 13.463 
31.2355 13.4644 
31.2842 13.4659 
31.3328 13.4674 
31.3815 13.469 
31.4302 13.4706 
31.479 13.4723 
31.5277 13.474 
31.5765 13.4758 
31.6254 13.4776 
31.6742 13.4795 
31.7231 13.4814 
31.772 13.4834 
31.821 13.4854 
31.8699 13.4875 
31.919 13.4896 
31.968 13.4917 
32.0171 13.4939 
32.0662 13.4962 
32.1153 13.4985 
32.1645 13.5008 
32.2137 13.5032 
32.2629 13.5057 
32.3122 13.5081 
32.3615 13.5107 
32.4108 13.5133 
32.4602 13.5159 
32.5096 13.5185 
32.559 13.5212 
32.6085 13.524 
32.658 13.5268 
32.7076 13.5296 
32.7571 13.5325 
32.8068 13.5355 
32.8564 13.5384 
32.9061 13.5414 
32.9558 13.5445 
33.0056 13.5476 
33.0554 13.5507 
33.1052 13.5539 
33.1551 13.5572 
33.205 13.5604 
33.2549 13.5638 
33.3049 13.5671 
33.3549 13.5705 
33.405 13.5739 
33.4551 13.5774 
33.5052 13.5809 
33.5554 13.5845 
33.6056 13.5881 
33.6559 13.5918 
33.7062 13.5954 
33.7565 13.5992 
33.8069 13.6029 
33.8573 13.6067 
33.9078 13.6106 
33.9583 13.6145 
34.0089 13.6184 
34.0594 13.6223 
34.1101 13.6263 
34.1608 13.6304 
34.2115 13.6345 
34.2622 13.6386 
34.313 13.6427 
34.3639 13.6469 
34.4148 13.6512 
34.4657 13.6554 
34.5167 13.6597 
34.5677 13.6641 
34.6187 13.6685 
34.6699 13.6729 
34.721 13.6773 
34.7722 13.6818 
34.8235 13.6864 
34.8747 13.6909 
34.9261 13.6955 
34.9775 13.7002 
35.0289 13.7048 
35.0804 13.7095 
35.1319 13.7143 
35.1834 13.7191 
35.2351 13.7239 
35.2867 13.7287 
35.3384 13.7336 
35.3902 13.7386 
35.442 13.7435 
35.4938 13.7485 
35.5458 13.7535 
35.5977 13.7586 
35.6497 13.7637 
35.7018 13.7688 
35.7538 13.774 
35.806 13.7792 
35.8582 13.7844 
35.9104 13.7897 
35.9627 13.795 
36.0151 13.8003 
36.0675 13.8057 
36.1199 13.8111 
36.1724 13.8165 
36.225 13.822 
36.2776 13.8275 
36.3302 13.833 
36.383 13.8386 
36.4357 13.8442 
36.4885 13.8498 
36.5414 13.8555 
36.5943 13.8612 
36.6473 13.8669 
36.7003 13.8726 
36.7534 13.8784 
36.8065 13.8843 
36.8597 13.8901 
36.9129 13.896 
36.9662 13.9019 
37.0196 13.9078 
37.073 13.9138 
37.1264 13.9198 
37.1799 13.9259 
37.2335 13.9319 
37.2871 13.938 
37.3408 13.9441 
37.3945 13.9503 
37.4483 13.9565 
37.5022 13.9627 
37.5561 13.969 
37.61 13.9752 
37.6641 13.9815 
37.7181 13.9879 
37.7723 13.9942 
37.8264 14.0006 
37.8807 14.0071 
37.935 14.0135 
37.9894 14.02 
38.0438 14.0265 
38.0983 14.033 
38.1528 14.0396 
38.2074 14.0462 
38.262 14.0528 
38.3168 14.0595 
38.3715 14.0662 
38.4264 14.0729 
38.4813 14.0796 
38.5362 14.0864 
38.5912 14.0932 
38.6463 14.1 
38.7014 14.1068 
38.7566 14.1137 
38.8119 14.1206 
38.8672 14.1275 
38.9226 14.1345 
38.978 14.1415 
39.0336 14.1485 
39.0891 14.1555 
39.1447 14.1626 
39.2004 14.1697 
39.2562 14.1768 
39.312 14.184 
39.3679 14.1911 
39.4238 14.1983 
39.4798 14.2055 
39.5359 14.2128 
39.5921 14.2201 
39.6483 14.2274 
39.7045 14.2347 
39.7608 14.2421 
39.8172 14.2494 
39.8737 14.2568 
39.9302 14.2643 
39.9868 14.2717 
40.0435 14.2792 
40.1002 14.2867 
40.157 14.2942 
40.2138 14.3018 
40.2707 14.3094 
40.3277 14.317 
40.3848 14.3246 
40.4419 14.3323 
40.4991 14.3399 
40.5563 14.3477 
40.6136 14.3554 
40.671 14.3631 
40.7285 14.3709 
40.786 14.3787 
40.8436 14.3865 
40.9012 14.3944 
40.959 14.4023 
41.0168 14.4102 
41.0746 14.4181 
41.1326 14.426 
41.1906 14.434 
41.2486 14.442 
41.3068 14.45 
41.365 14.458 
41.4233 14.4661 
41.4816 14.4742 
41.54 14.4823 
41.5985 14.4904 
41.6571 14.4986 
41.7157 14.5068 
41.7744 14.515 
41.8332 14.5232 
41.8921 14.5314 
41.951 14.5397 
42.01 14.548 
42.069 14.5563 
42.1282 14.5646 
42.1874 14.573 
42.2467 14.5814 
42.306 14.5898 
42.3654 14.5982 
42.4249 14.6067 
42.4845 14.6151 
42.5442 14.6236 
42.6039 14.6321 
42.6637 14.6407 
42.7235 14.6492 
42.7835 14.6578 
42.8435 14.6664 
42.9036 14.675 
42.9638 14.6837 
43.024 14.6923 
43.0843 14.701 
43.1447 14.7097 
43.2052 14.7185 
43.2657 14.7272 
43.3264 14.736 
43.3871 14.7448 
43.4478 14.7536 
43.5087 14.7624 
43.5696 14.7713 
43.6306 14.7801 
43.6917 14.789 
43.7528 14.798 
43.8141 14.8069 
43.8754 14.8158 
43.9368 14.8248 
43.9983 14.8338 
44.0598 14.8428 
44.1214 14.8519 
44.1831 14.8609 
44.2449 14.87 
44.3068 14.8791 
44.3687 14.8882 
44.4307 14.8974 
44.4928 14.9065 
44.555 14.9157 
44.6173 14.9249 
44.6796 14.9341 
44.742 14.9434 
44.8045 14.9526 
44.8671 14.9619 
44.9298 14.9712 
44.9925 14.9805 
45.0554 14.9899 
45.1183 14.9992 
45.1812 15.0086 
45.2443 15.018 
45.3075 15.0274 
45.3707 15.0368 
45.434 15.0463 
45.4974 15.0558 
45.5609 15.0653 
45.6245 15.0748 
45.6881 15.0843 
45.7518 15.0938 
45.8156 15.1034 
45.8795 15.113 
45.9435 15.1226 
46.0076 15.1322 
46.0717 15.1419 
46.136 15.1515 
46.2003 15.1612 
46.2647 15.1709 
46.3292 15.1806 
46.3937 15.1903 
46.4584 15.2001 
46.5231 15.2099 
46.588 15.2196 
46.6529 15.2294 
46.7179 15.2393 
46.783 15.2491 
46.8481 15.259 
46.9134 15.2689 
46.9787 15.2787 
47.0442 15.2887 
47.1097 15.2986 
47.1753 15.3085 
47.241 15.3185 
47.3068 15.3285 
47.3726 15.3385 
47.4386 15.3485 
47.5046 15.3586 
47.5708 15.3686 
47.637 15.3787 
47.7033 15.3888 
47.7697 15.3989 
47.8362 15.409 
47.9028 15.4192 
47.9694 15.4293 
48.0362 15.4395 
48.103 15.4497 
48.17 15.4599 
48.237 15.4701 
48.3041 15.4804 
48.3713 15.4906 
48.4386 15.5009 
48.506 15.5112 
48.5735 15.5215 
48.6411 15.5319 
48.7087 15.5422 
48.7765 15.5526 
48.8443 15.563 
48.9123 15.5734 
48.9803 15.5838 
49.0484 15.5942 
49.1166 15.6047 
49.185 15.6151 
49.2534 15.6256 
49.3218 15.6361 
49.3904 15.6466 
49.4591 15.6572 
49.5279 15.6677 
49.5968 15.6783 
49.6657 15.6889 
49.7348 15.6995 
49.8039 15.7101 
49.8732 15.7207 
49.9425 15.7313 
50.012 15.742 
50.0815 15.7527 
50.1511 15.7634 
50.2208 15.7741 
50.2907 15.7848 
50.3606 15.7956 
50.4306 15.8063 
50.5007 15.8171 
50.5709 15.8279 
50.6412 15.8387 
50.7116 15.8495 
50.7821 15.8604 
50.8527 15.8712 
50.9234 15.8821 
50.9941 15.893 
51.065 15.9039 
51.136 15.9148 
51.2071 15.9257 
51.2783 15.9367 
51.3495 15.9476 
51.4209 15.9586 
51.4924 15.9696 
51.564 15.9806 
51.6356 15.9917 
51.7074 16.0027 
51.7793 16.0138 
51.8513 16.0248 
51.9233 16.0359 
51.9955 16.047 
52.0678 16.0581 
52.1401 16.0693 
52.2126 16.0804 
52.2852 16.0916 
52.3579 16.1028 
52.4306 16.114 
52.5035 16.1252 
52.5765 16.1364 
52.6496 16.1477 
52.7228 16.1589 
52.7961 16.1702 
52.8694 16.1815 
52.9429 16.1928 
53.0165 16.2041 
53.0902 16.2154 
53.164 16.2268 
53.2379 16.2381 
53.3119 16.2495 
53.3861 16.2609 
53.4603 16.2723 
53.5346 16.2837 
53.609 16.2952 
53.6835 16.3066 
53.7582 16.3181 
53.8329 16.3296 
53.9078 16.341 
53.9827 16.3526 
54.0578 16.3641 
54.1329 16.3756 
54.2082 16.3872 
54.2836 16.3987 
54.359 16.4103 
54.4346 16.4219 
54.5103 16.4335 
54.5861 16.4452 
54.662 16.4568 
54.738 16.4685 
54.8142 16.4801 
54.8904 16.4918 
54.9667 16.5035 
55.0432 16.5152 
55.1197 16.5269 
55.1964 16.5387 
55.2732 16.5504 
55.35 16.5622 
55.427 16.574 
55.5041 16.5858 
55.5813 16.5976 
55.6586 16.6094 
55.7361 16.6213 
55.8136 16.6331 
55.8912 16.645 
55.969 16.6569 
56.0469 16.6688 
56.1248 16.6807 
56.2029 16.6926 
56.2811 16.7046 
56.3594 16.7165 
56.4379 16.7285 
56.5164 16.7405 
56.595 16.7525 
56.6738 16.7645 
56.7527 16.7765 
56.8317 16.7885 
56.9107 16.8006 
56.99 16.8127 
57.0693 16.8247 
57.1487 16.8368 
57.2283 16.849 
57.3079 16.8611 
57.3877 16.8732 
57.4676 16.8854 
57.5476 16.8975 
57.6277 16.9097 
57.7079 16.9219 
57.7883 16.9341 
57.8688 16.9463 
57.9493 16.9586 
58.03 16.9708 
58.1108 16.9831 
58.1918 16.9953 
58.2728 17.0076 
58.354 17.0199 
58.4352 17.0322 
58.5166 17.0446 
58.5981 17.0569 
58.6798 17.0693 
58.7615 17.0816 
58.8434 17.094 
58.9253 17.1064 
59.0074 17.1188 
59.0897 17.1312 
59.172 17.1437 
59.2544 17.1561 
59.337 17.1686 
59.4197 17.1811 
59.5025 17.1936 
59.5854 17.2061 
59.6685 17.2186 
59.7516 17.2311 
59.8349 17.2437 
59.9183 17.2562 
60.0019 17.2688 
60.0855 17.2814 
60.1693 17.294 
60.2532 17.3066 
60.3372 17.3192 
60.4213 17.3319 
60.5056 17.3445 
60.5899 17.3572 
60.6744 17.3699 
60.7591 17.3826 
60.8438 17.3953 
60.9287 17.408 
61.0136 17.4207 
61.0988 17.4335 
61.184 17.4462 
61.2693 17.459 
61.3548 17.4718 
61.4404 17.4846 
61.5262 17.4974 
61.612 17.5102 
61.698 17.5231 
61.7841 17.5359 
61.8703 17.5488 
61.9567 17.5617 
62.0431 17.5745 
62.1297 17.5875 
62.2165 17.6004 
62.3033 17.6133 
62.3903 17.6262 
62.4774 17.6392 
62.5646 17.6522 
62.652 17.6652 
62.7395 17.6782 
62.8271 17.6912 
62.9148 17.7042 
63.0027 17.7172 
63.0907 17.7303 
63.1788 17.7433 
63.2671 17.7564 
63.3555 17.7695 
63.444 17.7826 
63.5326 17.7957 
63.6214 17.8088 
63.7103 17.822 
63.7993 17.8351 
63.8885 17.8483 
63.9778 17.8615 
64.0672 17.8747 
64.1567 17.8879 
64.2464 17.9011 
64.3362 17.9143 
64.4262 17.9276 
64.5162 17.9408 
64.6064 17.9541 
64.6968 17.9674 
64.7872 17.9807 
64.8778 17.994 
64.9686 18.0073 
65.0594 18.0207 
65.1504 18.034 
65.2415 18.0474 
65.3328 18.0607 
65.4242 18.0741 
65.5157 18.0875 
65.6074 18.1009 
65.6992 18.1144 
65.7911 18.1278 
65.8832 18.1413 
65.9754 18.1547 
66.0677 18.1682 
66.1602 18.1817 
66.2528 18.1952 
66.3455 18.2087 
66.4384 18.2222 
66.5314 18.2358 
66.6246 18.2493 
66.7179 18.2629 
66.8113 18.2765 
66.9049 18.2901 
66.9986 18.3037 
67.0924 18.3173 
67.1864 18.3309 
67.2805 18.3446 
67.3747 18.3583 
67.4691 18.3719 
67.5636 18.3856 
67.6583 18.3993 
67.7531 18.413 
67.8481 18.4267 
67.9431 18.4405 
68.0384 18.4542 
68.1337 18.468 
68.2292 18.4818 
68.3249 18.4955 
68.4207 18.5093 
68.5166 18.5232 
68.6126 18.537 
68.7088 18.5508 
68.8052 18.5647 
68.9017 18.5785 
