-30 12.5 
-29.9813 12.4332 
-29.9628 12.3668 
-29.9447 12.3008 
-29.9269 12.2351 
-29.9095 12.1697 
-29.8923 12.1046 
-29.8755 12.0399 
-29.8589 11.9755 
-29.8426 11.9115 
-29.8267 11.8478 
-29.811 11.7844 
-29.7956 11.7213 
-29.7806 11.6585 
-29.7658 11.596 
-29.7512 11.5338 
-29.737 11.472 
-29.723 11.4104 
-29.7093 11.3491 
-29.6959 11.2881 
-29.6828 11.2275 
-29.6699 11.167 
-29.6573 11.1069 
-29.6449 11.0471 
-29.6328 10.9875 
-29.6209 10.9282 
-29.6093 10.8692 
-29.598 10.8105 
-29.5869 10.752 
-29.5761 10.6938 
-29.5654 10.6358 
-29.5551 10.5781 
-29.5449 10.5206 
-29.5351 10.4635 
-29.5254 10.4065 
-29.516 10.3498 
-29.5068 10.2933 
-29.4978 10.2371 
-29.4891 10.1812 
-29.4805 10.1254 
-29.4722 10.0699 
-29.4642 10.0147 
-29.4563 9.95961 
-29.4486 9.9048 
-29.4412 9.85021 
-29.434 9.79584 
-29.427 9.74169 
-29.4202 9.68776 
-29.4136 9.63405 
-29.4071 9.58055 
-29.4009 9.52726 
-29.3949 9.47418 
-29.3891 9.42131 
-29.3835 9.36864 
-29.3781 9.31618 
-29.3729 9.26392 
-29.3679 9.21185 
-29.363 9.15998 
-29.3584 9.10831 
-29.3539 9.05683 
-29.3496 9.00554 
-29.3455 8.95443 
-29.3416 8.90352 
-29.3379 8.85279 
-29.3343 8.80224 
-29.3309 8.75187 
-29.3277 8.70169 
-29.3246 8.65168 
-29.3218 8.60184 
-29.3191 8.55218 
-29.3165 8.50269 
-29.3142 8.45338 
-29.312 8.40423 
-29.3099 8.35524 
-29.308 8.30643 
-29.3063 8.25777 
-29.3048 8.20928 
-29.3034 8.16095 
-29.3021 8.11277 
-29.301 8.06475 
-29.3001 8.01689 
-29.2993 7.96918 
-29.2987 7.92163 
-29.2982 7.87422 
-29.2979 7.82696 
-29.2977 7.77985 
-29.2976 7.73289 
-29.2978 7.68607 
-29.298 7.6394 
-29.2984 7.59286 
-29.2989 7.54647 
-29.2996 7.50021 
-29.3004 7.45409 
-29.3013 7.40811 
-29.3024 7.36226 
-29.3036 7.31654 
-29.305 7.27096 
-29.3065 7.2255 
-29.3081 7.18017 
-29.3098 7.13498 
-29.3117 7.0899 
-29.3137 7.04496 
-29.3158 7.00013 
-29.3181 6.95543 
-29.3205 6.91085 
-29.323 6.86639 
-29.3256 6.82204 
-29.3283 6.77782 
-29.3312 6.73371 
-29.3342 6.68971 
-29.3373 6.64583 
-29.3405 6.60206 
-29.3439 6.5584 
-29.3473 6.51485 
-29.3509 6.47141 
-29.3546 6.42808 
-29.3584 6.38485 
-29.3623 6.34173 
-29.3663 6.29871 
-29.3704 6.2558 
-29.3746 6.21299 
-29.379 6.17028 
-29.3834 6.12766 
-29.388 6.08515 
-29.3926 6.04273 
-29.3974 6.00041 
-29.4023 5.95819 
-29.4072 5.91606 
-29.4123 5.87402 
-29.4175 5.83207 
-29.4227 5.79022 
-29.4281 5.74845 
-29.4336 5.70678 
-29.4391 5.66519 
-29.4448 5.62369 
-29.4506 5.58228 
-29.4564 5.54095 
-29.4623 5.4997 
-29.4684 5.45854 
-29.4745 5.41746 
-29.4807 5.37646 
-29.487 5.33554 
-29.4934 5.2947 
-29.4999 5.25394 
-29.5065 5.21326 
-29.5131 5.17265 
-29.5199 5.13212 
-29.5267 5.09166 
-29.5336 5.05128 
-29.5406 5.01096 
-29.5477 4.97072 
-29.5549 4.93056 
-29.5621 4.89046 
-29.5695 4.85043 
-29.5769 4.81047 
-29.5844 4.77058 
-29.5919 4.73075 
-29.5996 4.69099 
-29.6073 4.6513 
-29.6151 4.61166 
-29.623 4.5721 
-29.6309 4.53259 
-29.639 4.49315 
-29.6471 4.45376 
-29.6552 4.41444 
-29.6635 4.37518 
-29.6718 4.33597 
-29.6802 4.29682 
-29.6886 4.25773 
-29.6972 4.2187 
-29.7058 4.17972 
-29.7144 4.14079 
-29.7232 4.10192 
-29.732 4.0631 
-29.7408 4.02433 
-29.7498 3.98562 
-29.7588 3.94695 
-29.7678 3.90834 
-29.7769 3.86977 
-29.7861 3.83126 
-29.7954 3.79279 
-29.8047 3.75436 
-29.8141 3.71598 
-29.8235 3.67765 
-29.833 3.63937 
-29.8426 3.60112 
-29.8522 3.56292 
-29.8618 3.52477 
-29.8716 3.48665 
-29.8813 3.44858 
-29.8912 3.41054 
-29.9011 3.37255 
-29.911 3.33459 
-29.921 3.29668 
-29.9311 3.2588 
-29.9412 3.22096 
-29.9514 3.18315 
-29.9616 3.14538 
-29.9719 3.10764 
-29.9822 3.06994 
-29.9925 3.03228 
-30.003 2.99464 
-30.0134 2.95704 
-30.0239 2.91947 
-30.0345 2.88193 
-30.0451 2.84442 
-30.0558 2.80694 
-30.0665 2.76949 
-30.0772 2.73206 
-30.088 2.69467 
-30.0989 2.6573 
-30.1097 2.61996 
-30.1207 2.58264 
-30.1316 2.54535 
-30.1426 2.50808 
-30.1537 2.47084 
-30.1648 2.43362 
-30.1759 2.39643 
-30.1871 2.35925 
-30.1983 2.3221 
-30.2096 2.28496 
-30.2208 2.24785 
-30.2322 2.21076 
-30.2435 2.17368 
-30.2549 2.13663 
-30.2664 2.09959 
-30.2778 2.06257 
-30.2893 2.02556 
-30.3009 1.98857 
-30.3125 1.9516 
-30.3241 1.91464 
-30.3357 1.8777 
-30.3474 1.84077 
-30.3591 1.80385 
-30.3708 1.76694 
-30.3826 1.73005 
-30.3944 1.69316 
-30.4062 1.65629 
-30.4181 1.61943 
-30.4299 1.58257 
-30.4419 1.54573 
-30.4538 1.50889 
-30.4658 1.47206 
-30.4778 1.43524 
-30.4898 1.39842 
-30.5018 1.36161 
-30.5139 1.32481 
-30.526 1.28801 
-30.5381 1.25121 
-30.5502 1.21442 
-30.5624 1.17763 
-30.5746 1.14085 
-30.5868 1.10406 
-30.599 1.06728 
-30.6112 1.0305 
-30.6235 0.993713 
-30.6358 0.956931 
-30.6481 0.920147 
-30.6604 0.883361 
-30.6727 0.846574 
-30.6851 0.809784 
-30.6975 0.772991 
-30.7099 0.736194 
-30.7223 0.699392 
-30.7347 0.662586 
-30.7471 0.625774 
-30.7596 0.588957 
-30.772 0.552133 
-30.7845 0.515301 
-30.797 0.478462 
-30.8095 0.441615 
-30.822 0.404759 
-30.8345 0.367894 
-30.847 0.331018 
-30.8596 0.294133 
-30.8721 0.257236 
-30.8847 0.220328 
-30.8972 0.183407 
-30.9098 0.146474 
-30.9224 0.109528 
-30.935 0.0725683 
-30.9476 0.035594 
-30.9602 -0.00139521 
-30.9728 -0.0383998 
-30.9854 -0.0754204 
-30.998 -0.112458 
-31.0106 -0.149512 
-31.0232 -0.186584 
-31.0358 -0.223674 
-31.0484 -0.260783 
-31.0611 -0.297911 
-31.0737 -0.335059 
-31.0863 -0.372227 
-31.0989 -0.409417 
-31.1115 -0.446628 
-31.1242 -0.483861 
-31.1368 -0.521116 
-31.1494 -0.558395 
-31.162 -0.595698 
-31.1746 -0.633025 
-31.1872 -0.670377 
-31.1998 -0.707754 
-31.2124 -0.745157 
-31.2249 -0.782587 
-31.2375 -0.820044 
-31.2501 -0.857529 
-31.2626 -0.895042 
-31.2752 -0.932583 
-31.2877 -0.970155 
-31.3003 -1.00776 
-31.3128 -1.04539 
-31.3253 -1.08305 
-31.3378 -1.12074 
-31.3503 -1.15847 
-31.3627 -1.19623 
-31.3752 -1.23402 
-31.3876 -1.27185 
-31.4001 -1.30971 
-31.4125 -1.34761 
-31.4249 -1.38554 
-31.4373 -1.42351 
-31.4496 -1.46151 
-31.462 -1.49955 
-31.4743 -1.53763 
-31.4866 -1.57575 
-31.4989 -1.61391 
-31.5112 -1.65211 
-31.5234 -1.69034 
-31.5357 -1.72862 
-31.5479 -1.76694 
-31.56 -1.80531 
-31.5722 -1.84371 
-31.5843 -1.88216 
-31.5965 -1.92065 
-31.6085 -1.95919 
-31.6206 -1.99777 
-31.6326 -2.0364 
-31.6447 -2.07507 
-31.6566 -2.11379 
-31.6686 -2.15256 
-31.6805 -2.19137 
-31.6924 -2.23024 
-31.7043 -2.26915 
-31.7161 -2.30812 
-31.7279 -2.34713 
-31.7397 -2.38619 
-31.7514 -2.42531 
-31.7631 -2.46448 
-31.7748 -2.5037 
-31.7864 -2.54298 
-31.798 -2.58231 
-31.8096 -2.6217 
-31.8211 -2.66114 
-31.8326 -2.70064 
-31.844 -2.74019 
-31.8554 -2.7798 
-31.8668 -2.81947 
-31.8781 -2.8592 
-31.8894 -2.89899 
-31.9007 -2.93884 
-31.9119 -2.97874 
-31.923 -3.01871 
-31.9341 -3.05875 
-31.9452 -3.09884 
-31.9562 -3.139 
-31.9672 -3.17922 
-31.9781 -3.21951 
-31.989 -3.25986 
-31.9998 -3.30028 
-32.0106 -3.34077 
-32.0214 -3.38132 
-32.032 -3.42194 
-32.0427 -3.46263 
-32.0532 -3.50339 
-32.0638 -3.54422 
-32.0742 -3.58512 
-32.0847 -3.62609 
-32.095 -3.66714 
-32.1053 -3.70825 
-32.1156 -3.74944 
-32.1257 -3.79071 
-32.1359 -3.83205 
-32.1459 -3.87347 
-32.1559 -3.91496 
-32.1659 -3.95653 
-32.1758 -3.99818 
-32.1856 -4.03991 
-32.1954 -4.08172 
-32.205 -4.12361 
-32.2147 -4.16558 
-32.2242 -4.20763 
-32.2337 -4.24977 
-32.2431 -4.29199 
-32.2525 -4.33429 
-32.2618 -4.37668 
-32.271 -4.41915 
-32.2801 -4.46171 
-32.2892 -4.50436 
-32.2982 -4.54709 
-32.3071 -4.58992 
-32.3159 -4.63283 
-32.3247 -4.67584 
-32.3334 -4.71893 
-32.342 -4.76212 
-32.3505 -4.80541 
-32.359 -4.84878 
-32.3674 -4.89225 
-32.3756 -4.93582 
-32.3838 -4.97948 
-32.392 -5.02324 
-32.4 -5.0671 
-32.4079 -5.11106 
-32.4158 -5.15512 
-32.4236 -5.19928 
-32.4313 -5.24354 
-32.4388 -5.2879 
-32.4463 -5.33237 
-32.4538 -5.37694 
-32.4611 -5.42162 
-32.4683 -5.4664 
-32.4754 -5.51129 
-32.4824 -5.55629 
-32.4894 -5.6014 
-32.4962 -5.64661 
-32.5029 -5.69194 
-32.5095 -5.73738 
-32.5161 -5.78294 
-32.5225 -5.8286 
-32.5288 -5.87438 
-32.535 -5.92028 
-32.5411 -5.9663 
-32.5471 -6.01243 
-32.553 -6.05868 
-32.5588 -6.10505 
-32.5644 -6.15154 
-32.57 -6.19816 
-32.5754 -6.2449 
-32.5807 -6.29176 
-32.5859 -6.33874 
-32.591 -6.38585 
-32.596 -6.43309 
-32.6008 -6.48046 
-32.6056 -6.52796 
-32.6102 -6.57559 
-32.6146 -6.62335 
-32.619 -6.67124 
-32.6232 -6.71926 
-32.6273 -6.76742 
-32.6313 -6.81572 
-32.6351 -6.86415 
-32.6388 -6.91273 
-32.6424 -6.96144 
-32.6458 -7.01029 
-32.6491 -7.05929 
-32.6523 -7.10842 
-32.6553 -7.15771 
-32.6582 -7.20713 
-32.6609 -7.25671 
-32.6635 -7.30643 
-32.6659 -7.3563 
-32.6682 -7.40633 
-32.6704 -7.4565 
-32.6724 -7.50683 
-32.6742 -7.55731 
-32.6759 -7.60795 
-32.6775 -7.65874 
-32.6789 -7.7097 
-32.6801 -7.76081 
-32.6812 -7.81208 
-32.6821 -7.86352 
-32.6828 -7.91512 
-32.6834 -7.96689 
-32.6838 -8.01882 
-32.6841 -8.07092 
-32.6841 -8.12319 
-32.684 -8.17563 
-32.6838 -8.22825 
-32.6833 -8.28103 
-32.6827 -8.334 
-32.6819 -8.38714 
-32.6809 -8.44046 
-32.6798 -8.49396 
-32.6784 -8.54764 
-32.6769 -8.6015 
-32.6752 -8.65555 
-32.6733 -8.70978 
-32.6712 -8.7642 
-32.6689 -8.81882 
-32.6664 -8.87362 
-32.6637 -8.92861 
-32.6609 -8.9838 
-32.6578 -9.03919 
-32.6545 -9.09477 
-32.651 -9.15056 
-32.6473 -9.20654 
-32.6434 -9.26273 
-32.6393 -9.31912 
-32.6349 -9.37572 
-32.6304 -9.43253 
-32.6256 -9.48955 
-32.6206 -9.54678 
-32.6154 -9.60422 
-32.61 -9.66188 
-32.6043 -9.71976 
-32.5985 -9.77786 
-32.5923 -9.83618 
-32.586 -9.89472 
-32.5794 -9.95349 
-32.5726 -10.0125 
-32.5655 -10.0717 
-32.5582 -10.1312 
-32.5506 -10.1909 
-32.5428 -10.2508 
-32.5348 -10.311 
-32.5265 -10.3714 
-32.5179 -10.432 
-32.5091 -10.4929 
-32.5 -10.554 
-32.4906 -10.6154 
-32.481 -10.6771 
-32.4711 -10.739 
-32.461 -10.8011 
-32.4505 -10.8635 
-32.4398 -10.9262 
-32.4288 -10.9891 
-32.4176 -11.0523 
-32.406 -11.1158 
-32.3941 -11.1795 
-32.382 -11.2435 
-32.3696 -11.3078 
-32.3568 -11.3723 
-32.3438 -11.4372 
-32.3304 -11.5023 
-32.3168 -11.5677 
-32.3028 -11.6334 
-32.2886 -11.6994 
-32.274 -11.7657 
-32.2591 -11.8323 
-32.2438 -11.8991 
-32.2283 -11.9663 
-32.2124 -12.0338 
-32.1961 -12.1016 
-32.1796 -12.1697 
-32.1627 -12.2381 
-32.1454 -12.3068 
-32.1278 -12.3759 
-32.1099 -12.4453 
-32.0916 -12.515 
-32.0729 -12.585 
-32.0539 -12.6554 
-32.0345 -12.7261 
-32.0147 -12.7971 
-31.9946 -12.8685 
-31.974 -12.9402 
-31.9531 -13.0123 
-31.9319 -13.0848 
-31.9102 -13.1575 
-31.8881 -13.2307 
-31.8656 -13.3042 
-31.8427 -13.3781 
-31.8194 -13.4523 
-31.7957 -13.527 
-31.7716 -13.602 
-31.7471 -13.6773 
-31.7221 -13.7531 
-31.6967 -13.8293 
-31.6709 -13.9058 
-31.6446 -13.9828 
-31.6179 -14.0602 
-31.5907 -14.1379 
-31.5631 -14.2161 
-31.535 -14.2947 
-31.5065 -14.3737 
-31.4775 -14.4531 
-31.448 -14.533 
-31.418 -14.6133 
-31.3875 -14.694 
-31.3566 -14.7752 
-31.3252 -14.8568 
-31.2932 -14.9388 
-31.2607 -15.0214 
-31.2278 -15.1044 
-31.1943 -15.1878 
-31.1603 -15.2717 
-31.1257 -15.3561 
-31.0906 -15.441 
-31.055 -15.5264 
-31.0188 -15.6122 
-30.9821 -15.6986 
-30.9448 -15.7854 
-30.9069 -15.8728 
-30.8685 -15.9607 
-30.8295 -16.0491 
-30.7899 -16.138 
-30.7497 -16.2275 
-30.7089 -16.3174 
-30.6674 -16.408 
-30.6254 -16.4991 
-30.5827 -16.5907 
-30.5395 -16.6829 
-30.4955 -16.7757 
-30.4509 -16.869 
-30.4057 -16.963 
-30.3598 -17.0575 
-30.3133 -17.1526 
-30.266 -17.2483 
-30.2181 -17.3446 
-30.1695 -17.4416 
-30.1201 -17.5391 
-30.0701 -17.6373 
-30.0193 -17.7362 
-29.9679 -17.8357 
-29.9156 -17.9358 
-29.8627 -18.0366 
-29.8089 -18.1381 
-29.7544 -18.2402 
-29.6992 -18.3431 
-29.6431 -18.4466 
-29.5863 -18.5508 
-29.5286 -18.6558 
-29.4701 -18.7614 
-29.4109 -18.8678 
-29.3507 -18.975 
-29.2897 -19.0829 
-29.2279 -19.1915 
-29.1652 -19.3009 
-29.1016 -19.4111 
-29.0372 -19.5221 
-28.9718 -19.6339 
-28.9055 -19.7464 
-28.8383 -19.8598 
-28.7701 -19.9741 
-28.701 -20.0891 
-28.631 -20.2051 
-28.5599 -20.3218 
-28.4879 -20.4395 
-28.4148 -20.558 
-28.3408 -20.6775 
-28.2657 -20.7978 
-28.1896 -20.9191 
-28.1124 -21.0413 
-28.0342 -21.1645 
-27.9548 -21.2886 
-27.8744 -21.4137 
-27.7928 -21.5397 
-27.7101 -21.6668 
-27.6263 -21.7949 
-27.5413 -21.924 
-27.4551 -22.0541 
-27.3677 -22.1854 
-27.2792 -22.3176 
-27.1893 -22.451 
-27.0983 -22.5855 
-27.0059 -22.7211 
-26.9123 -22.8578 
-26.8174 -22.9957 
-26.7211 -23.1347 
-26.6235 -23.275 
-26.5246 -23.4164 
-26.4242 -23.5591 
-26.3225 -23.703 
-26.2193 -23.8481 
-26.1147 -23.9945 
-26.0087 -24.1423 
-25.9011 -24.2913 
-25.792 -24.4417 
-25.6814 -24.5934 
-25.5693 -24.7465 
-25.4555 -24.9011 
-25.3402 -25.057 
-25.2232 -25.2144 
-25.1045 -25.3732 
-24.9842 -25.5335 
-24.8622 -25.6954 
-24.7384 -25.8588 
-24.6129 -26.0237 
-24.4856 -26.1903 
-24.3564 -26.3584 
-24.2255 -26.5282 
-24.0926 -26.6997 
-23.9578 -26.8728 
-23.8211 -27.0477 
-23.6824 -27.2243 
-23.5417 -27.4027 
-23.3989 -27.5829 
-23.2541 -27.765 
-23.1072 -27.949 
-22.9581 -28.1348 
-22.8068 -28.3226 
-22.6533 -28.5124 
-22.4976 -28.7041 
-22.3396 -28.8979 
-22.1792 -29.0938 
-22.0164 -29.2919 
-21.8512 -29.492 
-21.6836 -29.6944 
-21.5134 -29.899 
-21.3407 -30.1059 
-21.1654 -30.3151 
-20.9875 -30.5267 
-20.8068 -30.7407 
-20.6234 -30.9571 
-20.4372 -31.176 
-20.2482 -31.3975 
-20.0562 -31.6216 
-19.8613 -31.8483 
-19.6634 -32.0778 
-19.4624 -32.3099 
-19.2582 -32.5449 
-19.0509 -32.7827 
-18.8403 -33.0235 
-18.6264 -33.2672 
-18.4091 -33.514 
-18.1884 -33.7639 
-17.9641 -34.0169 
-17.7362 -34.2732 
-17.5047 -34.5328 
-17.2694 -34.7957 
-17.0303 -35.0621 
-16.7873 -35.332 
-16.5404 -35.6054 
-16.2893 -35.8826 
-16.0341 -36.1635 
-15.7747 -36.4482 
-15.5109 -36.7368 
-15.2427 -37.0294 
-14.9699 -37.3261 
-14.6926 -37.627 
-14.4105 -37.9322 
-14.1236 -38.2417 
-13.8317 -38.5557 
-13.5348 -38.8743 
-13.2327 -39.1976 
-12.9253 -39.5257 
-12.6125 -39.8587 
-12.2941 -40.1968 
-11.9701 -40.54 
-11.6402 -40.8885 
-11.3044 -41.2424 
-10.9625 -41.6018 
-10.6144 -41.967 
-10.2598 -42.338 
-9.89872 -42.7149 
-9.53088 -43.098 
-9.15614 -43.4875 
-8.77431 -43.8833 
-8.38523 -44.2858 
-7.9887 -44.6952 
-7.58452 -45.1115 
-7.17249 -45.535 
-6.7524 -45.9659 
-6.32402 -46.4044 
-5.88714 -46.8507 
-5.44152 -47.3051 
-4.98691 -47.7677 
-4.52306 -48.2388 
-4.04971 -48.7186 
-3.56658 -49.2074 
-3.07338 -49.7056 
-2.56983 -50.2132 
-2.05562 -50.7307 
-1.53042 -51.2584 
-0.99391 -51.7965 
-0.445732 -52.3454 
0.11447 -52.9054 
0.687073 -53.4769 
1.27247 -54.0603 
1.87107 -54.6559 
2.4833 -55.2641 
3.10961 -55.8854 
3.75045 -56.5203 
4.40633 -57.1691 
5.07775 -57.8324 
5.76525 -58.5106 
6.46937 -59.2044 
7.19071 -59.9142 
7.92988 -60.6407 
8.68752 -61.3844 
9.46431 -62.1461 
10.261 -62.9263 
11.0782 -63.7258 
11.9168 -64.5453 
12.7777 -65.3857 
13.6616 -66.2477 
14.5694 -67.1322 
15.5023 -68.0402 
16.4611 -68.9727 
17.4469 -69.9305 
18.4609 -70.915 
19.5042 -71.9271 
20.5782 -72.9681 
21.6841 -74.0393 
22.8235 -75.1421 
23.9977 -76.2779 
25.2084 -77.4483 
26.4574 -78.6548 
27.7464 -79.8994 
29.0773 -81.1837 
30.4522 -82.5099 
31.8733 -83.88 
33.343 -85.2963 
34.8638 -86.7612 
36.4383 -88.2774 
38.0695 -89.8476 
39.7604 -91.4748 
41.5144 -93.1623 
43.3351 -94.9136 
45.2263 -96.7324 
47.1923 -98.6227 
49.2374 -100.589 
51.3667 -102.636 
53.5855 -104.769 
55.8995 -106.993 
58.315 -109.316 
60.8389 -111.742 
63.4788 -114.28 
66.2427 -116.938 
69.1399 -119.724 
72.1801 -122.649 
75.3745 -125.723 
78.7352 -128.957 
82.2756 -132.366 
86.0107 -135.963 
89.9574 -139.766 
94.1342 -143.792 
98.5624 -148.062 
103.266 -152.6 
108.271 -157.432 
113.608 -162.587 
119.313 -168.101 
125.425 -174.012 
131.991 -180.367 
139.063 -187.216 
146.705 -194.623 
154.989 -202.659 
164.002 -211.41 
173.848 -220.977 
184.649 -231.482 
196.556 -243.075 
209.754 -255.936 
224.47 -270.293 
240.991 -286.428 
259.682 -304.703 
281.017 -325.588 
305.622 -349.703 
334.344 -377.89 
368.362 -411.318 
409.367 -451.668 
459.893 -501.457 
523.935 -564.66 
608.241 -647.991 
725.377 -763.965 
902.501 -939.644 
1216.8 -1251.99 
2513.23 -2544.4 
-1139.83 1106.83 
-966.379 931.836 
-837.93 802.046 
-739.458 702.389 
-661.841 623.713 
-599.26 560.172 
-547.841 507.875 
-504.915 464.14 
-468.589 427.064 
-437.487 395.261 
-410.584 367.701 
-387.103 343.6 
-366.447 322.356 
-348.146 303.498 
-331.829 286.649 
-317.198 271.51 
-304.01 257.836 
-292.069 245.427 
-281.208 234.116 
-271.293 223.766 
-262.207 214.261 
-253.855 205.501 
-246.152 197.404 
-239.028 189.898 
-232.423 182.92 
-226.283 176.418 
-220.562 170.344 
-215.221 164.658 
-210.223 159.323 
-205.539 154.31 
-201.14 149.588 
-197.002 145.135 
-193.103 140.927 
-189.425 136.945 
-185.949 133.172 
-182.66 129.59 
-179.544 126.187 
-176.589 122.949 
-173.782 119.864 
-171.114 116.922 
-168.575 114.112 
-166.156 111.427 
-163.849 108.858 
-161.648 106.398 
-159.545 104.04 
-157.534 101.777 
-155.611 99.6038 
-153.769 97.5156 
-152.004 95.507 
-150.311 93.5737 
-148.687 91.7114 
-147.127 89.9163 
-145.629 88.1847 
-144.189 86.5133 
-142.803 84.899 
-141.469 83.3388 
-140.185 81.83 
-138.948 80.3701 
-137.755 78.9568 
-136.605 77.5877 
-135.495 76.2608 
-134.424 74.9742 
-133.389 73.726 
-132.39 72.5145 
-131.424 71.338 
-130.49 70.195 
-129.586 69.084 
-128.712 68.0038 
-127.866 66.953 
-127.047 65.9303 
-126.253 64.9347 
-125.485 63.9651 
-124.74 63.0203 
-124.018 62.0995 
-123.317 61.2017 
-122.638 60.326 
-121.979 59.4716 
-121.339 58.6377 
-120.719 57.8235 
-120.116 57.0283 
-119.53 56.2515 
-118.962 55.4923 
-118.409 54.7501 
-117.872 54.0244 
-117.35 53.3146 
-116.843 52.6201 
-116.35 51.9405 
-115.87 51.2751 
-115.403 50.6236 
-114.949 49.9855 
-114.508 49.3604 
-114.078 48.7478 
-113.659 48.1474 
-113.252 47.5588 
-112.856 46.9815 
-112.47 46.4153 
-112.094 45.8598 
-111.727 45.3147 
-111.371 44.7797 
-111.023 44.2544 
-110.685 43.7387 
-110.355 43.2321 
-110.034 42.7346 
-109.721 42.2457 
-109.415 41.7652 
-109.118 41.293 
-108.828 40.8287 
-108.545 40.3722 
-108.27 39.9233 
-108.001 39.4817 
-107.739 39.0472 
-107.484 38.6197 
-107.235 38.199 
-106.992 37.7848 
-106.755 37.3771 
-106.524 36.9756 
-106.299 36.5803 
-106.08 36.1908 
-105.866 35.8072 
-105.657 35.4292 
-105.453 35.0567 
-105.255 34.6895 
-105.061 34.3276 
-104.872 33.9708 
-104.688 33.619 
-104.508 33.272 
-104.333 32.9298 
-104.163 32.5922 
-103.996 32.2591 
-103.834 31.9305 
-103.675 31.6062 
-103.521 31.2861 
-103.371 30.9701 
-103.224 30.6581 
-103.081 30.3501 
-102.942 30.0459 
-102.806 29.7455 
-102.674 29.4487 
-102.545 29.1556 
-102.419 28.8659 
-102.297 28.5797 
-102.178 28.2969 
-102.062 28.0173 
-101.949 27.741 
-101.838 27.4678 
-101.731 27.1977 
