10 9 
10.02 8.99603 
10.04 8.99211 
10.06 8.98822 
10.08 8.98437 
10.1 8.98055 
10.12 8.97678 
10.14 8.97304 
10.1599 8.96934 
10.1799 8.96567 
10.1999 8.96204 
10.2198 8.95845 
10.2398 8.9549 
10.2597 8.95138 
10.2797 8.9479 
10.2996 8.94446 
10.3196 8.94105 
10.3395 8.93768 
10.3594 8.93434 
10.3793 8.93104 
10.3993 8.92777 
10.4192 8.92454 
10.4391 8.92135 
10.459 8.91819 
10.4789 8.91507 
10.4988 8.91198 
10.5187 8.90892 
10.5386 8.9059 
10.5585 8.90292 
10.5784 8.89997 
10.5983 8.89705 
10.6182 8.89417 
10.6381 8.89132 
10.658 8.88851 
10.6778 8.88572 
10.6977 8.88298 
10.7176 8.88026 
10.7375 8.87758 
10.7574 8.87494 
10.7772 8.87232 
10.7971 8.86974 
10.817 8.8672 
10.8368 8.86468 
10.8567 8.8622 
10.8766 8.85975 
10.8965 8.85733 
10.9163 8.85495 
10.9362 8.85259 
10.9561 8.85027 
10.9759 8.84799 
10.9958 8.84573 
11.0157 8.8435 
11.0355 8.84131 
11.0554 8.83915 
11.0753 8.83702 
11.0951 8.83492 
11.115 8.83285 
11.1349 8.83081 
11.1547 8.82881 
11.1746 8.82683 
11.1945 8.82489 
11.2144 8.82298 
11.2342 8.82109 
11.2541 8.81924 
11.274 8.81742 
11.2939 8.81563 
11.3138 8.81386 
11.3336 8.81213 
11.3535 8.81043 
11.3734 8.80876 
11.3933 8.80711 
11.4132 8.8055 
11.4331 8.80392 
11.453 8.80236 
11.4729 8.80084 
11.4928 8.79934 
11.5127 8.79788 
11.5326 8.79644 
11.5525 8.79503 
11.5724 8.79365 
11.5924 8.7923 
11.6123 8.79097 
11.6322 8.78968 
11.6521 8.78841 
11.6721 8.78718 
11.692 8.78597 
11.7119 8.78479 
11.7319 8.78363 
11.7518 8.78251 
11.7718 8.78141 
11.7917 8.78034 
11.8117 8.7793 
11.8317 8.77828 
11.8516 8.77729 
11.8716 8.77634 
11.8916 8.7754 
11.9116 8.7745 
11.9315 8.77362 
11.9515 8.77277 
11.9715 8.77194 
11.9915 8.77115 
12.0115 8.77037 
12.0316 8.76963 
12.0516 8.76891 
12.0716 8.76822 
12.0916 8.76756 
12.1117 8.76692 
12.1317 8.76631 
12.1518 8.76572 
12.1718 8.76516 
12.1919 8.76463 
12.2119 8.76412 
12.232 8.76364 
12.2521 8.76318 
12.2722 8.76275 
12.2923 8.76234 
12.3124 8.76196 
12.3325 8.76161 
12.3526 8.76128 
12.3727 8.76098 
12.3928 8.7607 
12.413 8.76044 
12.4331 8.76021 
12.4533 8.76001 
12.4734 8.75983 
12.4936 8.75968 
12.5138 8.75955 
12.5339 8.75944 
12.5541 8.75936 
12.5743 8.75931 
12.5945 8.75927 
12.6147 8.75927 
12.635 8.75928 
12.6552 8.75933 
12.6754 8.75939 
12.6957 8.75948 
12.7159 8.75959 
12.7362 8.75973 
12.7564 8.75989 
12.7767 8.76008 
12.797 8.76028 
12.8173 8.76051 
12.8376 8.76077 
12.8579 8.76105 
12.8783 8.76135 
12.8986 8.76168 
12.9189 8.76202 
12.9393 8.7624 
12.9596 8.76279 
12.98 8.76321 
13.0004 8.76365 
13.0208 8.76411 
13.0412 8.7646 
13.0616 8.76511 
13.082 8.76564 
13.1024 8.76619 
13.1229 8.76677 
13.1433 8.76737 
13.1638 8.76799 
13.1843 8.76864 
13.2048 8.7693 
13.2252 8.76999 
13.2458 8.7707 
13.2663 8.77143 
13.2868 8.77219 
13.3073 8.77296 
13.3279 8.77376 
13.3484 8.77458 
13.369 8.77543 
13.3896 8.77629 
13.4102 8.77717 
13.4308 8.77808 
13.4514 8.77901 
13.472 8.77996 
13.4927 8.78093 
13.5133 8.78192 
13.534 8.78294 
13.5546 8.78397 
13.5753 8.78503 
13.596 8.78611 
13.6167 8.7872 
13.6375 8.78832 
13.6582 8.78946 
13.6789 8.79062 
13.6997 8.79181 
13.7205 8.79301 
13.7413 8.79423 
13.7621 8.79547 
13.7829 8.79674 
13.8037 8.79802 
13.8245 8.79933 
13.8454 8.80065 
13.8662 8.802 
13.8871 8.80337 
13.908 8.80475 
13.9289 8.80616 
13.9498 8.80758 
13.9708 8.80903 
13.9917 8.8105 
14.0127 8.81198 
14.0336 8.81349 
14.0546 8.81502 
14.0756 8.81656 
14.0966 8.81813 
14.1176 8.81971 
14.1387 8.82132 
14.1597 8.82294 
14.1808 8.82459 
14.2019 8.82625 
14.223 8.82793 
14.2441 8.82964 
14.2652 8.83136 
14.2864 8.8331 
14.3075 8.83486 
14.3287 8.83664 
14.3499 8.83843 
14.3711 8.84025 
14.3923 8.84209 
14.4135 8.84394 
14.4348 8.84582 
14.456 8.84771 
14.4773 8.84962 
14.4986 8.85155 
14.5199 8.8535 
14.5412 8.85547 
14.5626 8.85745 
14.5839 8.85946 
14.6053 8.86148 
14.6267 8.86352 
14.6481 8.86558 
14.6695 8.86766 
14.6909 8.86976 
14.7124 8.87187 
14.7338 8.87401 
14.7553 8.87616 
14.7768 8.87833 
14.7983 8.88051 
14.8198 8.88272 
14.8414 8.88494 
14.863 8.88718 
14.8845 8.88944 
14.9061 8.89172 
14.9277 8.89402 
14.9494 8.89633 
14.971 8.89866 
14.9927 8.90101 
15.0144 8.90337 
15.0361 8.90576 
15.0578 8.90816 
15.0795 8.91057 
15.1013 8.91301 
15.123 8.91546 
15.1448 8.91793 
15.1666 8.92042 
15.1884 8.92293 
15.2103 8.92545 
15.2321 8.92799 
15.254 8.93054 
15.2759 8.93312 
15.2978 8.93571 
15.3197 8.93832 
15.3417 8.94094 
15.3637 8.94358 
15.3856 8.94624 
15.4076 8.94891 
15.4297 8.95161 
15.4517 8.95432 
15.4738 8.95704 
15.4958 8.95978 
15.5179 8.96254 
15.54 8.96532 
15.5622 8.96811 
15.5843 8.97092 
15.6065 8.97374 
15.6287 8.97658 
15.6509 8.97944 
15.6731 8.98232 
15.6954 8.98521 
15.7176 8.98811 
15.7399 8.99104 
15.7622 8.99398 
15.7845 8.99693 
15.8069 8.9999 
15.8293 9.00289 
15.8516 9.00589 
15.874 9.00891 
15.8965 9.01195 
15.9189 9.015 
15.9414 9.01807 
15.9639 9.02115 
15.9864 9.02425 
16.0089 9.02737 
16.0314 9.0305 
16.054 9.03365 
16.0766 9.03681 
16.0992 9.03999 
16.1218 9.04318 
16.1445 9.04639 
16.1671 9.04961 
16.1898 9.05285 
16.2125 9.05611 
16.2353 9.05938 
16.258 9.06267 
16.2808 9.06597 
16.3036 9.06929 
16.3264 9.07262 
16.3492 9.07597 
16.3721 9.07933 
16.395 9.08271 
16.4179 9.0861 
16.4408 9.08951 
16.4638 9.09293 
16.4867 9.09637 
16.5097 9.09983 
16.5327 9.10329 
16.5557 9.10678 
16.5788 9.11028 
16.6019 9.11379 
16.625 9.11732 
16.6481 9.12086 
16.6712 9.12442 
16.6944 9.12799 
16.7176 9.13158 
16.7408 9.13518 
16.764 9.1388 
16.7873 9.14243 
16.8106 9.14608 
16.8339 9.14974 
16.8572 9.15341 
16.8805 9.1571 
16.9039 9.16081 
16.9273 9.16453 
16.9507 9.16826 
16.9742 9.17201 
16.9976 9.17577 
17.0211 9.17954 
17.0446 9.18334 
17.0681 9.18714 
17.0917 9.19096 
17.1153 9.19479 
17.1389 9.19864 
17.1625 9.2025 
17.1861 9.20638 
17.2098 9.21027 
17.2335 9.21417 
17.2572 9.21809 
17.281 9.22202 
17.3048 9.22597 
17.3285 9.22993 
17.3524 9.2339 
17.3762 9.23789 
17.4001 9.24189 
17.424 9.24591 
17.4479 9.24993 
17.4718 9.25398 
17.4958 9.25803 
17.5198 9.26211 
17.5438 9.26619 
17.5678 9.27029 
17.5919 9.2744 
17.616 9.27852 
17.6401 9.28266 
17.6642 9.28681 
17.6884 9.29098 
17.7126 9.29516 
17.7368 9.29935 
17.761 9.30356 
17.7853 9.30778 
17.8096 9.31201 
17.8339 9.31626 
17.8583 9.32052 
17.8826 9.32479 
17.907 9.32908 
17.9314 9.33338 
17.9559 9.33769 
17.9804 9.34202 
18.0048 9.34635 
18.0294 9.35071 
18.0539 9.35507 
18.0785 9.35945 
18.1031 9.36384 
18.1277 9.36825 
18.1524 9.37267 
18.1771 9.3771 
18.2018 9.38154 
18.2265 9.386 
18.2513 9.39047 
18.2761 9.39495 
18.3009 9.39945 
18.3257 9.40395 
18.3506 9.40848 
18.3755 9.41301 
18.4004 9.41756 
18.4254 9.42212 
18.4503 9.42669 
18.4753 9.43127 
18.5004 9.43587 
18.5254 9.44048 
18.5505 9.44511 
18.5756 9.44974 
18.6008 9.45439 
18.6259 9.45905 
18.6511 9.46373 
18.6764 9.46841 
18.7016 9.47311 
18.7269 9.47782 
18.7522 9.48254 
18.7775 9.48728 
18.8029 9.49203 
18.8283 9.49679 
18.8537 9.50156 
18.8792 9.50635 
18.9047 9.51115 
18.9302 9.51596 
18.9557 9.52078 
18.9813 9.52562 
19.0069 9.53046 
19.0325 9.53532 
19.0581 9.54019 
19.0838 9.54508 
19.1095 9.54997 
19.1353 9.55488 
19.161 9.5598 
19.1868 9.56473 
19.2127 9.56968 
19.2385 9.57463 
19.2644 9.5796 
19.2903 9.58458 
19.3163 9.58958 
19.3422 9.59458 
19.3682 9.5996 
19.3943 9.60463 
19.4203 9.60967 
19.4464 9.61472 
19.4726 9.61978 
19.4987 9.62486 
19.5249 9.62995 
19.5511 9.63505 
19.5774 9.64016 
19.6036 9.64528 
19.6299 9.65041 
19.6563 9.65556 
19.6826 9.66072 
19.709 9.66589 
19.7355 9.67107 
19.7619 9.67627 
19.7884 9.68147 
19.8149 9.68669 
19.8415 9.69192 
19.868 9.69716 
19.8947 9.70241 
19.9213 9.70767 
19.948 9.71294 
19.9747 9.71823 
20.0014 9.72353 
20.0282 9.72884 
20.055 9.73416 
20.0818 9.73949 
20.1087 9.74483 
20.1356 9.75019 
20.1625 9.75555 
20.1895 9.76093 
20.2164 9.76632 
20.2435 9.77172 
20.2705 9.77713 
20.2976 9.78256 
20.3247 9.78799 
20.3519 9.79344 
20.3791 9.79889 
20.4063 9.80436 
20.4335 9.80984 
20.4608 9.81533 
20.4881 9.82083 
20.5155 9.82634 
20.5428 9.83187 
20.5702 9.8374 
20.5977 9.84295 
20.6252 9.84851 
20.6527 9.85407 
20.6802 9.85965 
20.7078 9.86524 
20.7354 9.87084 
20.763 9.87646 
20.7907 9.88208 
20.8184 9.88771 
20.8462 9.89336 
20.8739 9.89902 
20.9018 9.90468 
20.9296 9.91036 
20.9575 9.91605 
20.9854 9.92175 
21.0133 9.92746 
21.0413 9.93318 
21.0693 9.93892 
21.0974 9.94466 
21.1254 9.95041 
21.1536 9.95618 
21.1817 9.96195 
21.2099 9.96774 
21.2381 9.97354 
21.2664 9.97935 
21.2946 9.98516 
21.323 9.99099 
21.3513 9.99683 
21.3797 10.0027 
21.4081 10.0085 
21.4366 10.0144 
21.4651 10.0203 
21.4936 10.0262 
21.5222 10.0321 
21.5508 10.038 
21.5794 10.0439 
21.6081 10.0499 
21.6368 10.0558 
21.6656 10.0618 
21.6943 10.0677 
21.7231 10.0737 
21.752 10.0797 
21.7809 10.0857 
21.8098 10.0917 
21.8388 10.0977 
21.8678 10.1038 
21.8968 10.1098 
21.9258 10.1159 
21.955 10.1219 
21.9841 10.128 
22.0133 10.1341 
22.0425 10.1402 
22.0717 10.1463 
22.101 10.1524 
22.1303 10.1585 
22.1597 10.1646 
22.1891 10.1708 
22.2185 10.1769 
22.248 10.1831 
22.2775 10.1893 
22.307 10.1955 
22.3366 10.2017 
22.3662 10.2079 
22.3959 10.2141 
22.4256 10.2203 
22.4553 10.2265 
22.4851 10.2328 
22.5149 10.239 
22.5447 10.2453 
22.5746 10.2516 
22.6045 10.2579 
22.6345 10.2642 
22.6644 10.2705 
22.6945 10.2768 
22.7245 10.2831 
22.7546 10.2895 
22.7848 10.2958 
22.815 10.3022 
22.8452 10.3085 
22.8755 10.3149 
22.9058 10.3213 
22.9361 10.3277 
22.9665 10.3341 
22.9969 10.3405 
23.0273 10.3469 
23.0578 10.3534 
23.0884 10.3598 
23.1189 10.3663 
23.1495 10.3728 
23.1802 10.3792 
23.2109 10.3857 
23.2416 10.3922 
23.2724 10.3987 
23.3032 10.4052 
23.334 10.4118 
23.3649 10.4183 
23.3958 10.4248 
23.4268 10.4314 
23.4578 10.438 
23.4888 10.4445 
23.5199 10.4511 
23.5511 10.4577 
23.5822 10.4643 
23.6134 10.4709 
23.6447 10.4776 
23.676 10.4842 
23.7073 10.4908 
23.7386 10.4975 
23.77 10.5042 
23.8015 10.5108 
23.833 10.5175 
23.8645 10.5242 
23.8961 10.5309 
23.9277 10.5376 
23.9593 10.5443 
23.991 10.5511 
24.0228 10.5578 
24.0546 10.5646 
24.0864 10.5713 
24.1182 10.5781 
24.1501 10.5849 
24.1821 10.5917 
24.2141 10.5985 
24.2461 10.6053 
24.2781 10.6121 
24.3103 10.6189 
24.3424 10.6258 
24.3746 10.6326 
24.4068 10.6395 
24.4391 10.6463 
24.4714 10.6532 
24.5038 10.6601 
24.5362 10.667 
24.5686 10.6739 
24.6011 10.6808 
24.6337 10.6877 
24.6662 10.6946 
24.6988 10.7016 
24.7315 10.7085 
24.7642 10.7155 
24.797 10.7225 
24.8297 10.7294 
24.8626 10.7364 
24.8955 10.7434 
24.9284 10.7504 
24.9613 10.7574 
24.9943 10.7645 
25.0274 10.7715 
25.0605 10.7785 
25.0936 10.7856 
25.1268 10.7927 
25.16 10.7997 
25.1933 10.8068 
25.2266 10.8139 
25.26 10.821 
25.2934 10.8281 
25.3268 10.8352 
25.3603 10.8424 
25.3938 10.8495 
25.4274 10.8567 
25.461 10.8638 
25.4947 10.871 
25.5284 10.8781 
25.5622 10.8853 
25.596 10.8925 
25.6298 10.8997 
25.6637 10.9069 
25.6976 10.9142 
25.7316 10.9214 
25.7656 10.9286 
25.7997 10.9359 
25.8338 10.9431 
25.868 10.9504 
25.9022 10.9577 
25.9365 10.965 
25.9708 10.9723 
26.0051 10.9796 
26.0395 10.9869 
26.0739 10.9942 
26.1084 11.0015 
26.143 11.0089 
26.1775 11.0162 
26.2122 11.0236 
26.2468 11.0309 
26.2815 11.0383 
26.3163 11.0457 
26.3511 11.0531 
26.386 11.0605 
26.4209 11.0679 
26.4558 11.0753 
26.4908 11.0828 
26.5259 11.0902 
26.561 11.0977 
26.5961 11.1051 
26.6313 11.1126 
26.6665 11.1201 
26.7018 11.1275 
26.7371 11.135 
26.7725 11.1425 
26.8079 11.15 
26.8434 11.1576 
26.8789 11.1651 
26.9145 11.1726 
26.9501 11.1802 
26.9858 11.1877 
27.0215 11.1953 
27.0572 11.2029 
27.093 11.2105 
27.1289 11.2181 
27.1648 11.2257 
27.2007 11.2333 
27.2368 11.2409 
27.2728 11.2485 
27.3089 11.2562 
27.3451 11.2638 
27.3812 11.2715 
27.4175 11.2791 
27.4538 11.2868 
27.4901 11.2945 
27.5265 11.3022 
27.563 11.3099 
27.5995 11.3176 
27.636 11.3253 
27.6726 11.333 
27.7093 11.3408 
27.7459 11.3485 
27.7827 11.3563 
27.8195 11.364 
27.8563 11.3718 
27.8932 11.3796 
27.9302 11.3874 
27.9672 11.3952 
28.0042 11.403 
28.0413 11.4108 
28.0784 11.4186 
28.1156 11.4265 
28.1529 11.4343 
28.1902 11.4422 
28.2275 11.45 
28.2649 11.4579 
28.3024 11.4658 
28.3399 11.4736 
28.3774 11.4815 
28.415 11.4894 
28.4527 11.4974 
28.4904 11.5053 
28.5282 11.5132 
28.566 11.5212 
28.6038 11.5291 
28.6418 11.5371 
28.6797 11.545 
28.7177 11.553 
28.7558 11.561 
28.7939 11.569 
28.8321 11.577 
28.8703 11.585 
28.9086 11.593 
28.947 11.601 
28.9853 11.6091 
29.0238 11.6171 
29.0623 11.6252 
29.1008 11.6332 
29.1394 11.6413 
29.1781 11.6494 
29.2168 11.6575 
29.2555 11.6656 
29.2943 11.6737 
29.3332 11.6818 
29.3721 11.6899 
29.4111 11.698 
29.4501 11.7062 
29.4892 11.7143 
29.5283 11.7225 
29.5675 11.7307 
29.6068 11.7388 
29.6461 11.747 
29.6854 11.7552 
29.7248 11.7634 
29.7643 11.7716 
29.8038 11.7799 
29.8434 11.7881 
29.883 11.7963 
29.9227 11.8046 
29.9624 11.8128 
30.0022 11.8211 
30.042 11.8294 
30.0819 11.8376 
30.1219 11.8459 
30.1619 11.8542 
30.202 11.8625 
30.2421 11.8708 
30.2823 11.8792 
30.3225 11.8875 
30.3628 11.8958 
30.4031 11.9042 
30.4435 11.9126 
30.484 11.9209 
30.5245 11.9293 
30.5651 11.9377 
30.6057 11.9461 
30.6464 11.9545 
30.6871 11.9629 
30.7279 11.9713 
30.7687 11.9797 
30.8096 11.9882 
30.8506 11.9966 
30.8916 12.0051 
30.9327 12.0135 
30.9739 12.022 
31.015 12.0305 
31.0563 12.039 
31.0976 12.0475 
31.139 12.056 
31.1804 12.0645 
31.2219 12.073 
31.2634 12.0815 
31.305 12.0901 
31.3467 12.0986 
31.3884 12.1072 
31.4302 12.1158 
31.472 12.1243 
31.5139 12.1329 
31.5558 12.1415 
31.5978 12.1501 
31.6399 12.1587 
31.682 12.1673 
31.7242 12.176 
31.7664 12.1846 
31.8087 12.1932 
31.8511 12.2019 
31.8935 12.2106 
31.936 12.2192 
31.9785 12.2279 
32.0211 12.2366 
32.0638 12.2453 
32.1065 12.254 
32.1493 12.2627 
32.1921 12.2714 
32.235 12.2802 
32.278 12.2889 
32.321 12.2976 
32.3641 12.3064 
32.4072 12.3152 
32.4504 12.3239 
32.4937 12.3327 
32.537 12.3415 
32.5804 12.3503 
32.6238 12.3591 
32.6673 12.3679 
32.7109 12.3768 
32.7545 12.3856 
32.7982 12.3944 
32.842 12.4033 
32.8858 12.4121 
32.9296 12.421 
32.9736 12.4299 
33.0176 12.4388 
33.0616 12.4477 
33.1057 12.4566 
33.1499 12.4655 
33.1942 12.4744 
33.2385 12.4833 
33.2828 12.4923 
33.3273 12.5012 
33.3718 12.5102 
33.4163 12.5191 
33.4609 12.5281 
33.5056 12.5371 
33.5504 12.5461 
33.5952 12.5551 
33.6401 12.5641 
33.685 12.5731 
33.73 12.5821 
33.775 12.5911 
33.8202 12.6002 
33.8654 12.6092 
33.9106 12.6183 
33.9559 12.6274 
34.0013 12.6364 
34.0468 12.6455 
34.0923 12.6546 
34.1378 12.6637 
34.1835 12.6728 
34.2292 12.6819 
34.275 12.6911 
34.3208 12.7002 
34.3667 12.7093 
34.4127 12.7185 
34.4587 12.7277 
34.5048 12.7368 
34.5509 12.746 
34.5972 12.7552 
34.6434 12.7644 
34.6898 12.7736 
34.7362 12.7828 
34.7827 12.792 
34.8293 12.8013 
34.8759 12.8105 
34.9226 12.8197 
34.9693 12.829 
35.0161 12.8383 
35.063 12.8475 
35.11 12.8568 
35.157 12.8661 
35.2041 12.8754 
35.2512 12.8847 
35.2984 12.894 
35.3457 12.9034 
35.3931 12.9127 
35.4405 12.922 
35.488 12.9314 
35.5355 12.9407 
35.5832 12.9501 
35.6308 12.9595 
35.6786 12.9689 
35.7264 12.9783 
35.7743 12.9877 
35.8223 12.9971 
35.8703 13.0065 
35.9184 13.0159 
35.9666 13.0254 
36.0148 13.0348 
36.0631 13.0443 
36.1115 13.0537 
36.1599 13.0632 
36.2084 13.0727 
36.257 13.0822 
36.3057 13.0917 
36.3544 13.1012 
36.4032 13.1107 
36.452 13.1202 
36.501 13.1297 
36.55 13.1393 
36.599 13.1488 
36.6482 13.1584 
36.6974 13.168 
36.7467 13.1775 
36.796 13.1871 
36.8454 13.1967 
36.8949 13.2063 
36.9445 13.2159 
36.9941 13.2255 
37.0438 13.2352 
37.0936 13.2448 
37.1434 13.2545 
37.1933 13.2641 
37.2433 13.2738 
37.2934 13.2834 
37.3435 13.2931 
37.3937 13.3028 
37.444 13.3125 
37.4943 13.3222 
37.5447 13.3319 
37.5952 13.3417 
37.6458 13.3514 
37.6964 13.3611 
37.7471 13.3709 
37.7979 13.3806 
37.8488 13.3904 
37.8997 13.4002 
37.9507 13.41 
38.0017 13.4198 
38.0529 13.4296 
38.1041 13.4394 
38.1554 13.4492 
38.2068 13.459 
38.2582 13.4689 
38.3097 13.4787 
38.3613 13.4886 
38.4129 13.4984 
38.4647 13.5083 
38.5165 13.5182 
38.5684 13.5281 
38.6203 13.538 
38.6724 13.5479 
38.7245 13.5578 
38.7766 13.5677 
38.8289 13.5777 
38.8812 13.5876 
38.9336 13.5976 
38.9861 13.6075 
39.0387 13.6175 
39.0913 13.6275 
39.144 13.6374 
39.1968 13.6474 
39.2496 13.6574 
39.3026 13.6675 
39.3556 13.6775 
39.4087 13.6875 
39.4618 13.6976 
39.5151 13.7076 
39.5684 13.7177 
39.6218 13.7277 
39.6752 13.7378 
39.7288 13.7479 
39.7824 13.758 
39.8361 13.7681 
39.8899 13.7782 
39.9437 13.7883 
39.9977 13.7984 
40.0517 13.8086 
40.1058 13.8187 
40.1599 13.8289 
40.2142 13.839 
40.2685 13.8492 
40.3229 13.8594 
40.3774 13.8696 
40.4319 13.8798 
40.4866 13.89 
40.5413 13.9002 
40.5961 13.9104 
40.651 13.9207 
40.7059 13.9309 
40.7609 13.9412 
40.8161 13.9514 
40.8712 13.9617 
40.9265 13.972 
40.9819 13.9823 
41.0373 13.9926 
41.0928 14.0029 
41.1484 14.0132 
41.2041 14.0235 
41.2598 14.0338 
41.3156 14.0442 
41.3715 14.0545 
