2.2 10 
2.22064 9.98292 
2.24122 9.96592 
2.26174 9.94903 
2.28221 9.93222 
2.30261 9.9155 
2.32296 9.89887 
2.34325 9.88234 
2.36348 9.86589 
2.38366 9.84953 
2.40378 9.83326 
2.42384 9.81708 
2.44385 9.80098 
2.46381 9.78497 
2.48371 9.76905 
2.50355 9.75321 
2.52335 9.73746 
2.54309 9.7218 
2.56277 9.70621 
2.58241 9.69072 
2.60199 9.6753 
2.62152 9.65997 
2.641 9.64472 
2.66043 9.62955 
2.67981 9.61446 
2.69914 9.59946 
2.71842 9.58453 
2.73765 9.56969 
2.75683 9.55492 
2.77596 9.54023 
2.79505 9.52563 
2.81408 9.5111 
2.83307 9.49664 
2.85201 9.48227 
2.87091 9.46797 
2.88976 9.45375 
2.90856 9.4396 
2.92732 9.42554 
2.94603 9.41154 
2.9647 9.39762 
2.98332 9.38378 
3.0019 9.37001 
3.02044 9.35631 
3.03893 9.34268 
3.05738 9.32913 
3.07578 9.31565 
3.09414 9.30225 
3.11246 9.28891 
3.13074 9.27565 
3.14898 9.26246 
3.16717 9.24933 
3.18533 9.23628 
3.20344 9.2233 
3.22151 9.21038 
3.23955 9.19754 
3.25754 9.18476 
3.27549 9.17206 
3.29341 9.15942 
3.31128 9.14685 
3.32912 9.13434 
3.34692 9.1219 
3.36468 9.10953 
3.3824 9.09723 
3.40009 9.08499 
3.41773 9.07281 
3.43534 9.0607 
3.45292 9.04866 
3.47046 9.03668 
3.48796 9.02476 
3.50543 9.01291 
3.52286 9.00112 
3.54025 8.9894 
3.55761 8.97774 
3.57494 8.96614 
3.59223 8.9546 
3.60949 8.94312 
3.62671 8.93171 
3.6439 8.92035 
3.66105 8.90906 
3.67818 8.89783 
3.69527 8.88666 
3.71232 8.87555 
3.72935 8.8645 
3.74634 8.8535 
3.7633 8.84257 
3.78023 8.8317 
3.79713 8.82088 
3.81399 8.81012 
3.83083 8.79942 
3.84763 8.78878 
3.86441 8.7782 
3.88115 8.76767 
3.89786 8.7572 
3.91455 8.74678 
3.9312 8.73643 
3.94783 8.72612 
3.96442 8.71588 
3.98099 8.70569 
3.99753 8.69555 
4.01404 8.68547 
4.03052 8.67544 
4.04697 8.66547 
4.0634 8.65556 
4.07979 8.64569 
4.09616 8.63588 
4.11251 8.62612 
4.12882 8.61642 
4.14511 8.60677 
4.16138 8.59717 
4.17761 8.58763 
4.19382 8.57813 
4.21001 8.56869 
4.22617 8.5593 
4.2423 8.54996 
4.25841 8.54067 
4.27449 8.53144 
4.29055 8.52225 
4.30658 8.51311 
4.32259 8.50403 
4.33858 8.49499 
4.35454 8.48601 
4.37047 8.47707 
4.38639 8.46818 
4.40228 8.45934 
4.41814 8.45056 
4.43398 8.44181 
4.4498 8.43312 
4.4656 8.42448 
4.48137 8.41588 
4.49712 8.40733 
4.51285 8.39883 
4.52856 8.39038 
4.54424 8.38197 
4.55991 8.37361 
4.57555 8.3653 
4.59117 8.35703 
4.60677 8.34881 
4.62235 8.34064 
4.6379 8.33251 
4.65344 8.32442 
4.66895 8.31639 
4.68445 8.30839 
4.69992 8.30045 
4.71538 8.29254 
4.73081 8.28469 
4.74623 8.27687 
4.76162 8.2691 
4.777 8.26138 
4.79236 8.2537 
4.8077 8.24606 
4.82301 8.23846 
4.83832 8.23091 
4.8536 8.2234 
4.86886 8.21594 
4.8841 8.20852 
4.89933 8.20114 
4.91454 8.1938 
4.92973 8.1865 
4.9449 8.17925 
4.96006 8.17204 
4.9752 8.16487 
4.99032 8.15774 
5.00542 8.15065 
5.02051 8.14361 
5.03558 8.1366 
5.05063 8.12964 
5.06567 8.12271 
5.08069 8.11583 
5.0957 8.10899 
5.11068 8.10218 
5.12566 8.09542 
5.14061 8.0887 
5.15555 8.08201 
5.17048 8.07537 
5.18539 8.06876 
5.20028 8.0622 
5.21516 8.05567 
5.23003 8.04918 
5.24488 8.04273 
5.25971 8.03632 
5.27453 8.02995 
5.28934 8.02361 
5.30413 8.01732 
5.31891 8.01106 
5.33367 8.00484 
5.34842 7.99865 
5.36316 7.99251 
5.37788 7.9864 
5.39259 7.98033 
5.40729 7.97429 
5.42197 7.96829 
5.43664 7.96233 
5.45129 7.9564 
5.46594 7.95052 
5.48057 7.94466 
5.49519 7.93885 
5.50979 7.93307 
5.52438 7.92732 
5.53896 7.92161 
5.55353 7.91594 
5.56809 7.9103 
5.58263 7.9047 
5.59717 7.89913 
5.61169 7.89359 
5.6262 7.8881 
5.64069 7.88263 
5.65518 7.8772 
5.66966 7.87181 
5.68412 7.86645 
5.69857 7.86112 
5.71302 7.85583 
5.72745 7.85057 
5.74187 7.84534 
5.75628 7.84015 
5.77068 7.835 
5.78507 7.82987 
5.79945 7.82478 
5.81382 7.81972 
5.82818 7.8147 
5.84253 7.8097 
5.85687 7.80475 
5.8712 7.79982 
5.88552 7.79492 
5.89983 7.79006 
5.91413 7.78523 
5.92842 7.78043 
5.94271 7.77567 
5.95698 7.77093 
5.97125 7.76623 
5.9855 7.76156 
5.99975 7.75692 
6.01399 7.75232 
6.02822 7.74774 
6.04245 7.74319 
6.05666 7.73868 
6.07087 7.7342 
6.08506 7.72975 
6.09925 7.72532 
6.11344 7.72093 
6.12761 7.71657 
6.14178 7.71224 
6.15594 7.70794 
6.17009 7.70367 
6.18423 7.69943 
6.19837 7.69522 
6.2125 7.69105 
6.22662 7.6869 
6.24074 7.68277 
6.25484 7.67868 
6.26895 7.67462 
6.28304 7.67059 
6.29713 7.66659 
6.31121 7.66261 
6.32529 7.65867 
6.33936 7.65475 
6.35342 7.65087 
6.36747 7.64701 
6.38152 7.64318 
6.39557 7.63938 
6.40961 7.63561 
6.42364 7.63186 
6.43767 7.62814 
6.45169 7.62446 
6.4657 7.6208 
6.47971 7.61716 
6.49372 7.61356 
6.50772 7.60998 
6.52171 7.60643 
6.5357 7.60291 
6.54969 7.59942 
6.56366 7.59595 
6.57764 7.59251 
6.59161 7.5891 
6.60557 7.58571 
6.61953 7.58236 
6.63349 7.57902 
6.64744 7.57572 
6.66139 7.57244 
6.67533 7.56919 
6.68927 7.56597 
6.7032 7.56277 
6.71713 7.5596 
6.73106 7.55645 
6.74498 7.55333 
6.7589 7.55024 
6.77282 7.54717 
6.78673 7.54413 
6.80063 7.54111 
6.81454 7.53812 
6.82844 7.53516 
6.84234 7.53222 
6.85623 7.5293 
6.87012 7.52642 
6.88401 7.52355 
6.8979 7.52071 
6.91178 7.5179 
6.92566 7.51512 
6.93954 7.51235 
6.95341 7.50962 
6.96728 7.5069 
6.98115 7.50421 
6.99502 7.50155 
7.00888 7.49891 
7.02274 7.4963 
7.0366 7.49371 
7.05046 7.49114 
7.06432 7.4886 
7.07817 7.48608 
7.09202 7.48359 
7.10587 7.48112 
7.11972 7.47868 
7.13356 7.47626 
7.14741 7.47386 
7.16125 7.47149 
7.17509 7.46914 
7.18893 7.46681 
7.20277 7.46451 
7.21661 7.46223 
7.23045 7.45997 
7.24428 7.45774 
7.25811 7.45553 
7.27195 7.45334 
7.28578 7.45118 
7.29961 7.44904 
7.31344 7.44692 
7.32727 7.44483 
7.3411 7.44276 
7.35493 7.44071 
7.36876 7.43868 
7.38258 7.43668 
7.39641 7.4347 
7.41024 7.43274 
7.42407 7.4308 
7.43789 7.42889 
7.45172 7.427 
7.46555 7.42513 
7.47937 7.42328 
7.4932 7.42145 
7.50703 7.41965 
7.52085 7.41787 
7.53468 7.41611 
7.54851 7.41437 
7.56234 7.41265 
7.57617 7.41096 
7.58999 7.40928 
7.60382 7.40763 
7.61766 7.406 
7.63149 7.40439 
7.64532 7.40281 
7.65915 7.40124 
7.67299 7.3997 
7.68682 7.39817 
7.70066 7.39667 
7.7145 7.39519 
7.72833 7.39373 
7.74217 7.39229 
7.75601 7.39087 
7.76986 7.38947 
7.7837 7.38809 
7.79755 7.38673 
7.81139 7.3854 
7.82524 7.38408 
7.83909 7.38279 
7.85295 7.38151 
7.8668 7.38026 
7.88066 7.37902 
7.89451 7.37781 
7.90837 7.37661 
7.92224 7.37544 
7.9361 7.37429 
7.94997 7.37315 
7.96384 7.37204 
7.97771 7.37094 
7.99158 7.36987 
8.00546 7.36881 
8.01934 7.36778 
8.03322 7.36677 
8.0471 7.36577 
8.06099 7.36479 
8.07488 7.36384 
8.08877 7.3629 
8.10266 7.36198 
8.11656 7.36109 
8.13046 7.36021 
8.14436 7.35935 
8.15827 7.35851 
8.17218 7.35769 
8.18609 7.35688 
8.20001 7.3561 
8.21393 7.35534 
8.22785 7.35459 
8.24178 7.35386 
8.25571 7.35316 
8.26964 7.35247 
8.28358 7.3518 
8.29752 7.35115 
8.31147 7.35051 
8.32541 7.3499 
8.33937 7.3493 
8.35332 7.34873 
8.36728 7.34817 
8.38125 7.34763 
8.39521 7.3471 
8.40919 7.3466 
8.42316 7.34611 
8.43714 7.34565 
8.45113 7.3452 
8.46512 7.34477 
8.47911 7.34435 
8.49311 7.34396 
8.50711 7.34358 
8.52112 7.34322 
8.53513 7.34288 
8.54915 7.34255 
8.56317 7.34225 
8.57719 7.34196 
8.59122 7.34169 
8.60526 7.34143 
8.6193 7.3412 
8.63334 7.34098 
8.64739 7.34078 
8.66145 7.3406 
8.67551 7.34043 
8.68958 7.34028 
8.70365 7.34015 
8.71772 7.34004 
8.73181 7.33994 
8.74589 7.33986 
8.75999 7.3398 
8.77408 7.33975 
8.78819 7.33972 
8.8023 7.33971 
8.81641 7.33972 
8.83053 7.33974 
8.84466 7.33978 
8.85879 7.33983 
8.87293 7.33991 
8.88707 7.34 
8.90122 7.3401 
8.91538 7.34023 
8.92954 7.34037 
8.94371 7.34052 
8.95788 7.34069 
8.97207 7.34088 
8.98625 7.34109 
9.00045 7.34131 
9.01465 7.34155 
9.02885 7.3418 
9.04306 7.34207 
9.05728 7.34236 
9.07151 7.34266 
9.08574 7.34298 
9.09998 7.34332 
9.11423 7.34367 
9.12848 7.34404 
9.14274 7.34442 
9.15701 7.34482 
9.17128 7.34524 
9.18556 7.34567 
9.19985 7.34611 
9.21414 7.34658 
9.22844 7.34706 
9.24275 7.34755 
9.25707 7.34806 
9.27139 7.34859 
9.28572 7.34913 
9.30006 7.34969 
9.3144 7.35026 
9.32876 7.35085 
9.34312 7.35145 
9.35748 7.35207 
9.37186 7.3527 
9.38624 7.35335 
9.40063 7.35402 
9.41503 7.3547 
9.42944 7.35539 
9.44385 7.3561 
9.45828 7.35683 
9.47271 7.35757 
9.48715 7.35833 
9.50159 7.3591 
9.51605 7.35989 
9.53051 7.36069 
9.54498 7.3615 
9.55946 7.36234 
9.57395 7.36318 
9.58844 7.36404 
9.60295 7.36492 
9.61746 7.36581 
9.63198 7.36672 
9.64651 7.36764 
9.66105 7.36857 
9.67559 7.36952 
9.69015 7.37048 
9.70471 7.37146 
9.71929 7.37246 
9.73387 7.37347 
9.74846 7.37449 
9.76306 7.37552 
9.77767 7.37658 
9.79228 7.37764 
9.80691 7.37872 
9.82155 7.37982 
9.83619 7.38093 
9.85084 7.38205 
9.86551 7.38319 
9.88018 7.38434 
9.89486 7.3855 
9.90955 7.38668 
9.92425 7.38788 
9.93896 7.38909 
9.95368 7.39031 
9.96841 7.39155 
9.98315 7.3928 
9.9979 7.39406 
10.0127 7.39534 
10.0274 7.39663 
10.0422 7.39794 
10.057 7.39926 
10.0718 7.40059 
10.0866 7.40194 
10.1014 7.4033 
10.1162 7.40467 
10.1311 7.40606 
10.1459 7.40746 
10.1608 7.40888 
10.1756 7.41031 
10.1905 7.41175 
10.2054 7.41321 
10.2203 7.41468 
10.2352 7.41616 
10.2501 7.41766 
10.2651 7.41917 
10.28 7.4207 
10.295 7.42223 
10.3099 7.42379 
10.3249 7.42535 
10.3399 7.42693 
10.3549 7.42852 
10.3699 7.43012 
10.3849 7.43174 
10.3999 7.43337 
10.415 7.43501 
10.43 7.43667 
10.4451 7.43834 
10.4601 7.44002 
10.4752 7.44172 
10.4903 7.44343 
10.5054 7.44515 
10.5205 7.44689 
10.5356 7.44863 
10.5508 7.4504 
10.5659 7.45217 
10.5811 7.45396 
10.5963 7.45576 
10.6114 7.45757 
10.6266 7.45939 
10.6418 7.46123 
10.6571 7.46308 
10.6723 7.46495 
10.6875 7.46682 
10.7028 7.46871 
10.7181 7.47061 
10.7333 7.47253 
10.7486 7.47445 
10.7639 7.47639 
10.7792 7.47835 
10.7946 7.48031 
10.8099 7.48229 
10.8252 7.48428 
10.8406 7.48628 
10.856 7.48829 
10.8714 7.49032 
10.8868 7.49236 
10.9022 7.49441 
10.9176 7.49647 
10.933 7.49855 
10.9485 7.50064 
10.9639 7.50274 
10.9794 7.50485 
10.9949 7.50698 
11.0104 7.50911 
11.0259 7.51126 
11.0414 7.51342 
11.0569 7.5156 
11.0725 7.51778 
11.0881 7.51998 
11.1036 7.52219 
11.1192 7.52441 
11.1348 7.52665 
11.1504 7.52889 
11.1661 7.53115 
11.1817 7.53342 
11.1973 7.5357 
11.213 7.538 
11.2287 7.5403 
11.2444 7.54262 
11.2601 7.54495 
11.2758 7.54729 
11.2915 7.54964 
11.3073 7.55201 
11.323 7.55438 
11.3388 7.55677 
11.3546 7.55917 
11.3704 7.56158 
11.3862 7.564 
11.402 7.56644 
11.4179 7.56889 
11.4337 7.57134 
11.4496 7.57381 
11.4655 7.57629 
11.4814 7.57879 
11.4973 7.58129 
11.5132 7.58381 
11.5291 7.58633 
11.5451 7.58887 
11.5611 7.59142 
11.577 7.59398 
11.593 7.59656 
11.6091 7.59914 
11.6251 7.60173 
11.6411 7.60434 
11.6572 7.60696 
11.6732 7.60959 
11.6893 7.61223 
11.7054 7.61488 
11.7215 7.61754 
11.7376 7.62022 
11.7538 7.6229 
11.7699 7.6256 
11.7861 7.62831 
11.8023 7.63103 
11.8185 7.63376 
11.8347 7.6365 
11.8509 7.63925 
11.8672 7.64201 
11.8834 7.64479 
11.8997 7.64757 
11.916 7.65037 
11.9323 7.65318 
11.9486 7.656 
11.9649 7.65883 
11.9813 7.66167 
11.9977 7.66452 
12.014 7.66738 
12.0304 7.67025 
12.0468 7.67314 
12.0633 7.67603 
12.0797 7.67894 
12.0962 7.68185 
12.1126 7.68478 
12.1291 7.68772 
12.1456 7.69066 
12.1622 7.69362 
12.1787 7.69659 
12.1952 7.69957 
12.2118 7.70257 
12.2284 7.70557 
12.245 7.70858 
12.2616 7.7116 
12.2782 7.71464 
12.2949 7.71768 
12.3115 7.72074 
12.3282 7.7238 
12.3449 7.72688 
12.3616 7.72996 
12.3784 7.73306 
12.3951 7.73617 
12.4119 7.73929 
12.4286 7.74242 
12.4454 7.74555 
12.4622 7.7487 
12.4791 7.75186 
12.4959 7.75503 
12.5128 7.75821 
12.5297 7.76141 
12.5465 7.76461 
12.5635 7.76782 
12.5804 7.77104 
12.5973 7.77427 
12.6143 7.77751 
12.6313 7.78077 
12.6483 7.78403 
12.6653 7.7873 
12.6823 7.79059 
12.6993 7.79388 
12.7164 7.79718 
12.7335 7.8005 
12.7506 7.80382 
12.7677 7.80716 
12.7848 7.8105 
12.802 7.81386 
12.8192 7.81722 
12.8363 7.82059 
12.8535 7.82398 
12.8708 7.82737 
12.888 7.83078 
12.9052 7.83419 
12.9225 7.83762 
12.9398 7.84105 
12.9571 7.8445 
12.9744 7.84795 
12.9918 7.85142 
13.0091 7.85489 
13.0265 7.85838 
13.0439 7.86187 
13.0613 7.86537 
13.0788 7.86889 
13.0962 7.87241 
13.1137 7.87595 
13.1312 7.87949 
13.1487 7.88304 
13.1662 7.88661 
13.1837 7.89018 
13.2013 7.89376 
13.2189 7.89736 
13.2365 7.90096 
13.2541 7.90457 
13.2717 7.90819 
13.2894 7.91182 
13.3071 7.91546 
13.3247 7.91912 
13.3425 7.92278 
13.3602 7.92645 
13.3779 7.93013 
13.3957 7.93382 
13.4135 7.93751 
13.4313 7.94122 
13.4491 7.94494 
13.4669 7.94867 
13.4848 7.95241 
13.5027 7.95615 
13.5206 7.95991 
13.5385 7.96368 
13.5564 7.96745 
13.5744 7.97124 
13.5924 7.97503 
13.6104 7.97883 
13.6284 7.98265 
13.6464 7.98647 
13.6645 7.9903 
13.6825 7.99414 
13.7006 7.998 
13.7187 8.00186 
13.7369 8.00573 
13.755 8.0096 
13.7732 8.01349 
13.7914 8.01739 
13.8096 8.0213 
13.8278 8.02521 
13.8461 8.02914 
13.8643 8.03308 
13.8826 8.03702 
13.9009 8.04097 
13.9193 8.04494 
13.9376 8.04891 
13.956 8.05289 
13.9744 8.05688 
13.9928 8.06088 
14.0112 8.06489 
14.0297 8.06891 
14.0481 8.07293 
14.0666 8.07697 
14.0852 8.08102 
14.1037 8.08507 
14.1222 8.08914 
14.1408 8.09321 
14.1594 8.09729 
14.178 8.10138 
14.1967 8.10548 
14.2153 8.10959 
14.234 8.11371 
14.2527 8.11784 
14.2714 8.12197 
14.2902 8.12612 
14.3089 8.13027 
14.3277 8.13444 
14.3465 8.13861 
14.3653 8.14279 
14.3842 8.14698 
14.4031 8.15118 
14.4219 8.15539 
14.4409 8.15961 
14.4598 8.16383 
14.4787 8.16807 
14.4977 8.17231 
14.5167 8.17657 
14.5357 8.18083 
14.5548 8.1851 
14.5738 8.18938 
14.5929 8.19367 
14.612 8.19797 
14.6312 8.20227 
14.6503 8.20659 
14.6695 8.21091 
14.6887 8.21524 
14.7079 8.21959 
14.7271 8.22394 
14.7464 8.22829 
14.7657 8.23266 
14.785 8.23704 
14.8043 8.24142 
14.8236 8.24582 
14.843 8.25022 
14.8624 8.25463 
14.8818 8.25905 
14.9012 8.26348 
14.9207 8.26792 
14.9402 8.27237 
14.9597 8.27682 
14.9792 8.28128 
14.9988 8.28576 
15.0183 8.29024 
15.0379 8.29473 
15.0576 8.29922 
15.0772 8.30373 
15.0969 8.30825 
15.1165 8.31277 
15.1363 8.3173 
15.156 8.32184 
15.1757 8.32639 
15.1955 8.33095 
15.2153 8.33552 
15.2352 8.34009 
15.255 8.34468 
15.2749 8.34927 
15.2948 8.35387 
15.3147 8.35848 
15.3346 8.3631 
15.3546 8.36773 
15.3746 8.37236 
15.3946 8.377 
15.4146 8.38166 
15.4347 8.38632 
15.4548 8.39098 
15.4749 8.39566 
15.495 8.40035 
15.5152 8.40504 
15.5353 8.40974 
15.5556 8.41445 
15.5758 8.41917 
15.596 8.4239 
15.6163 8.42864 
15.6366 8.43338 
15.6569 8.43813 
15.6773 8.44289 
15.6976 8.44766 
15.718 8.45244 
15.7385 8.45723 
15.7589 8.46202 
15.7794 8.46682 
15.7999 8.47164 
15.8204 8.47645 
15.8409 8.48128 
15.8615 8.48612 
15.8821 8.49096 
15.9027 8.49581 
15.9234 8.50067 
15.944 8.50554 
15.9647 8.51042 
15.9854 8.51531 
16.0062 8.5202 
16.0269 8.5251 
16.0477 8.53001 
16.0685 8.53493 
16.0894 8.53986 
16.1103 8.54479 
16.1312 8.54973 
16.1521 8.55468 
16.173 8.55964 
16.194 8.56461 
16.215 8.56959 
16.236 8.57457 
16.257 8.57956 
16.2781 8.58456 
16.2992 8.58957 
16.3203 8.59458 
16.3415 8.59961 
16.3627 8.60464 
16.3839 8.60968 
16.4051 8.61473 
16.4263 8.61979 
16.4476 8.62485 
16.4689 8.62992 
16.4902 8.635 
16.5116 8.64009 
16.533 8.64519 
16.5544 8.65029 
16.5758 8.65541 
16.5973 8.66053 
16.6188 8.66566 
16.6403 8.67079 
16.6618 8.67594 
16.6834 8.68109 
16.705 8.68625 
16.7266 8.69142 
16.7483 8.6966 
16.7699 8.70178 
16.7916 8.70698 
16.8134 8.71218 
16.8351 8.71739 
16.8569 8.7226 
16.8787 8.72783 
16.9005 8.73306 
16.9224 8.7383 
16.9443 8.74355 
16.9662 8.74881 
16.9882 8.75407 
17.0101 8.75934 
17.0321 8.76462 
17.0542 8.76991 
17.0762 8.77521 
17.0983 8.78051 
17.1204 8.78582 
17.1425 8.79114 
17.1647 8.79647 
17.1869 8.8018 
17.2091 8.80715 
17.2314 8.8125 
17.2536 8.81786 
17.2759 8.82322 
17.2983 8.8286 
17.3206 8.83398 
17.343 8.83937 
17.3654 8.84477 
17.3879 8.85017 
17.4103 8.85559 
17.4328 8.86101 
17.4554 8.86644 
17.4779 8.87187 
17.5005 8.87732 
17.5231 8.88277 
17.5458 8.88823 
17.5684 8.8937 
17.5911 8.89918 
17.6138 8.90466 
17.6366 8.91015 
17.6594 8.91565 
17.6822 8.92116 
17.705 8.92667 
17.7279 8.93219 
17.7508 8.93772 
17.7737 8.94326 
17.7967 8.94881 
17.8197 8.95436 
17.8427 8.95992 
17.8657 8.96549 
17.8888 8.97106 
17.9119 8.97665 
17.9351 8.98224 
17.9582 8.98784 
17.9814 8.99345 
18.0046 8.99906 
18.0279 9.00468 
18.0512 9.01031 
18.0745 9.01595 
18.0978 9.0216 
18.1212 9.02725 
18.1446 9.03291 
18.168 9.03858 
18.1915 9.04425 
18.215 9.04994 
18.2385 9.05563 
18.262 9.06133 
18.2856 9.06703 
18.3092 9.07275 
18.3329 9.07847 
18.3565 9.0842 
18.3802 9.08993 
18.404 9.09568 
18.4277 9.10143 
18.4515 9.10719 
18.4754 9.11296 
18.4992 9.11873 
18.5231 9.12451 
18.547 9.1303 
18.5709 9.1361 
18.5949 9.1419 
18.6189 9.14772 
18.643 9.15354 
18.667 9.15936 
18.6911 9.1652 
18.7153 9.17104 
18.7394 9.17689 
18.7636 9.18275 
18.7879 9.18861 
18.8121 9.19449 
18.8364 9.20037 
18.8607 9.20625 
18.8851 9.21215 
18.9095 9.21805 
18.9339 9.22396 
18.9583 9.22988 
18.9828 9.23581 
19.0073 9.24174 
19.0318 9.24768 
19.0564 9.25363 
19.081 9.25958 
19.1057 9.26554 
19.1303 9.27151 
19.155 9.27749 
