2.1 10 
2.1206 9.9828 
2.14114 9.96569 
2.16162 9.94867 
2.18204 9.93174 
2.2024 9.91491 
2.22271 9.89816 
2.24295 9.88151 
2.26314 9.86494 
2.28328 9.84847 
2.30335 9.83208 
2.32337 9.81578 
2.34333 9.79957 
2.36324 9.78345 
2.3831 9.76741 
2.40289 9.75146 
2.42264 9.7356 
2.44233 9.71982 
2.46197 9.70412 
2.48156 9.68851 
2.50109 9.67298 
2.52057 9.65754 
2.54 9.64218 
2.55938 9.6269 
2.57871 9.6117 
2.59798 9.59658 
2.61721 9.58155 
2.63639 9.56659 
2.65552 9.55172 
2.6746 9.53692 
2.69363 9.5222 
2.71261 9.50757 
2.73154 9.49301 
2.75043 9.47852 
2.76927 9.46412 
2.78807 9.44979 
2.80681 9.43554 
2.82552 9.42136 
2.84417 9.40726 
2.86278 9.39324 
2.88135 9.37929 
2.89987 9.36541 
2.91834 9.35161 
2.93678 9.33788 
2.95516 9.32422 
2.97351 9.31064 
2.99181 9.29713 
3.01007 9.28369 
3.02829 9.27032 
3.04646 9.25703 
3.0646 9.2438 
3.08269 9.23065 
3.10074 9.21756 
3.11875 9.20455 
3.13672 9.1916 
3.15465 9.17872 
3.17254 9.16592 
3.19039 9.15318 
3.2082 9.1405 
3.22597 9.1279 
3.24371 9.11536 
3.2614 9.10289 
3.27906 9.09048 
3.29668 9.07814 
3.31426 9.06587 
3.3318 9.05366 
3.34931 9.04152 
3.36678 9.02944 
3.38421 9.01743 
3.40161 9.00548 
3.41897 8.99359 
3.4363 8.98177 
3.45359 8.97001 
3.47085 8.95831 
3.48807 8.94668 
3.50525 8.93511 
3.52241 8.9236 
3.53952 8.91215 
3.55661 8.90076 
3.57366 8.88943 
3.59068 8.87816 
3.60766 8.86696 
3.62461 8.85581 
3.64153 8.84472 
3.65842 8.8337 
3.67528 8.82273 
3.6921 8.81182 
3.70889 8.80097 
3.72565 8.79017 
3.74238 8.77944 
3.75908 8.76876 
3.77575 8.75814 
3.79238 8.74757 
3.80899 8.73707 
3.82557 8.72662 
3.84212 8.71622 
3.85864 8.70588 
3.87513 8.6956 
3.89159 8.68537 
3.90802 8.6752 
3.92442 8.66508 
3.94079 8.65502 
3.95714 8.64501 
3.97346 8.63506 
3.98975 8.62516 
4.00601 8.61531 
4.02225 8.60552 
4.03846 8.59577 
4.05464 8.58609 
4.0708 8.57645 
4.08693 8.56687 
4.10303 8.55734 
4.11911 8.54786 
4.13516 8.53843 
4.15118 8.52905 
4.16718 8.51972 
4.18316 8.51045 
4.19911 8.50123 
4.21503 8.49205 
4.23093 8.48293 
4.24681 8.47385 
4.26266 8.46483 
4.27849 8.45585 
4.29429 8.44693 
4.31007 8.43805 
4.32583 8.42922 
4.34156 8.42044 
4.35727 8.41171 
4.37296 8.40303 
4.38862 8.39439 
4.40426 8.3858 
4.41988 8.37726 
4.43548 8.36877 
4.45105 8.36032 
4.46661 8.35193 
4.48214 8.34357 
4.49765 8.33527 
4.51314 8.32701 
4.5286 8.31879 
4.54405 8.31062 
4.55948 8.3025 
4.57488 8.29442 
4.59027 8.28639 
4.60563 8.2784 
4.62097 8.27046 
4.6363 8.26256 
4.6516 8.25471 
4.66689 8.2469 
4.68215 8.23913 
4.6974 8.23141 
4.71262 8.22373 
4.72783 8.2161 
4.74302 8.2085 
4.75819 8.20095 
4.77334 8.19345 
4.78847 8.18599 
4.80358 8.17856 
4.81868 8.17119 
4.83376 8.16385 
4.84882 8.15655 
4.86386 8.1493 
4.87889 8.14209 
4.8939 8.13492 
4.90889 8.12779 
4.92386 8.1207 
4.93882 8.11366 
4.95376 8.10665 
4.96868 8.09969 
4.98359 8.09276 
4.99848 8.08588 
5.01335 8.07903 
5.02821 8.07223 
5.04305 8.06546 
5.05788 8.05873 
5.07269 8.05205 
5.08749 8.0454 
5.10227 8.03879 
5.11703 8.03222 
5.13178 8.02569 
5.14652 8.0192 
5.16124 8.01275 
5.17594 8.00633 
5.19063 7.99995 
5.20531 7.99361 
5.21997 7.98731 
5.23462 7.98105 
5.24925 7.97482 
5.26387 7.96863 
5.27848 7.96248 
5.29307 7.95636 
5.30765 7.95029 
5.32222 7.94424 
5.33677 7.93824 
5.35131 7.93227 
5.36583 7.92634 
5.38035 7.92044 
5.39485 7.91458 
5.40934 7.90876 
5.42381 7.90297 
5.43827 7.89722 
5.45272 7.8915 
5.46716 7.88582 
5.48159 7.88017 
5.496 7.87456 
5.51041 7.86898 
5.5248 7.86344 
5.53918 7.85793 
5.55355 7.85246 
5.5679 7.84702 
5.58225 7.84161 
5.59658 7.83624 
5.6109 7.8309 
5.62522 7.8256 
5.63952 7.82033 
5.65381 7.8151 
5.66809 7.80989 
5.68236 7.80472 
5.69662 7.79959 
5.71087 7.79449 
5.72511 7.78942 
5.73934 7.78438 
5.75356 7.77937 
5.76777 7.7744 
5.78197 7.76946 
5.79616 7.76456 
5.81034 7.75968 
5.82451 7.75484 
5.83867 7.75003 
5.85282 7.74525 
5.86697 7.7405 
5.8811 7.73578 
5.89523 7.7311 
5.90935 7.72645 
5.92346 7.72182 
5.93756 7.71723 
5.95165 7.71267 
5.96573 7.70815 
5.97981 7.70365 
5.99387 7.69918 
6.00793 7.69474 
6.02198 7.69034 
6.03603 7.68596 
6.05006 7.68162 
6.06409 7.6773 
6.07811 7.67301 
6.09212 7.66876 
6.10613 7.66453 
6.12013 7.66034 
6.13412 7.65617 
6.1481 7.65203 
6.16208 7.64793 
6.17605 7.64385 
6.19001 7.6398 
6.20397 7.63578 
6.21792 7.63179 
6.23186 7.62782 
6.2458 7.62389 
6.25973 7.61998 
6.27365 7.61611 
6.28757 7.61226 
6.30149 7.60844 
6.31539 7.60465 
6.32929 7.60089 
6.34319 7.59715 
6.35707 7.59344 
6.37096 7.58976 
6.38484 7.58611 
6.39871 7.58249 
6.41257 7.57889 
6.42644 7.57532 
6.44029 7.57178 
6.45414 7.56827 
6.46799 7.56478 
6.48183 7.56132 
6.49567 7.55789 
6.5095 7.55448 
6.52333 7.5511 
6.53715 7.54775 
6.55097 7.54442 
6.56478 7.54112 
6.57859 7.53785 
6.59239 7.5346 
6.60619 7.53138 
6.61999 7.52819 
6.63378 7.52502 
6.64757 7.52188 
6.66136 7.51877 
6.67514 7.51568 
6.68892 7.51261 
6.70269 7.50957 
6.71646 7.50656 
6.73023 7.50357 
6.74399 7.50061 
6.75775 7.49767 
6.7715 7.49476 
6.78526 7.49188 
6.79901 7.48901 
6.81276 7.48618 
6.8265 7.48337 
6.84024 7.48058 
6.85398 7.47782 
6.86772 7.47508 
6.88145 7.47237 
6.89518 7.46968 
6.90891 7.46702 
6.92264 7.46438 
6.93636 7.46177 
6.95008 7.45918 
6.9638 7.45661 
6.97752 7.45407 
6.99123 7.45155 
7.00495 7.44906 
7.01866 7.44658 
7.03237 7.44414 
7.04608 7.44172 
7.05978 7.43932 
7.07349 7.43694 
7.08719 7.43459 
7.10089 7.43226 
7.11459 7.42995 
7.12829 7.42767 
7.14199 7.42541 
7.15569 7.42318 
7.16938 7.42096 
7.18308 7.41877 
7.19677 7.4166 
7.21046 7.41446 
7.22416 7.41234 
7.23785 7.41024 
7.25154 7.40816 
7.26523 7.40611 
7.27892 7.40408 
7.29261 7.40207 
7.30629 7.40008 
7.31998 7.39812 
7.33367 7.39618 
7.34736 7.39426 
7.36104 7.39236 
7.37473 7.39048 
7.38842 7.38863 
7.40211 7.3868 
7.41579 7.38498 
7.42948 7.3832 
7.44317 7.38143 
7.45686 7.37968 
7.47055 7.37796 
7.48424 7.37626 
7.49793 7.37458 
7.51162 7.37292 
7.52531 7.37128 
7.539 7.36966 
7.55269 7.36806 
7.56639 7.36649 
7.58008 7.36494 
7.59377 7.3634 
7.60747 7.36189 
7.62117 7.3604 
7.63487 7.35893 
7.64857 7.35748 
7.66227 7.35605 
7.67597 7.35464 
7.68967 7.35325 
7.70338 7.35189 
7.71708 7.35054 
7.73079 7.34921 
7.7445 7.34791 
7.75821 7.34662 
7.77193 7.34536 
7.78564 7.34411 
7.79936 7.34288 
7.81308 7.34168 
7.8268 7.34049 
7.84052 7.33933 
7.85425 7.33818 
7.86798 7.33706 
7.8817 7.33595 
7.89544 7.33486 
7.90917 7.3338 
7.92291 7.33275 
7.93665 7.33172 
7.95039 7.33071 
7.96413 7.32972 
7.97788 7.32875 
7.99163 7.3278 
8.00538 7.32687 
8.01914 7.32596 
8.0329 7.32507 
8.04666 7.32419 
8.06042 7.32334 
8.07419 7.3225 
8.08796 7.32169 
8.10173 7.32089 
8.11551 7.32011 
8.12929 7.31935 
8.14307 7.31861 
8.15686 7.31789 
8.17065 7.31718 
8.18444 7.3165 
8.19824 7.31583 
8.21204 7.31518 
8.22585 7.31455 
8.23966 7.31394 
8.25347 7.31334 
8.26728 7.31277 
8.2811 7.31221 
8.29493 7.31167 
8.30876 7.31115 
8.32259 7.31065 
8.33642 7.31017 
8.35026 7.3097 
8.36411 7.30925 
8.37796 7.30882 
8.39181 7.30841 
8.40567 7.30801 
8.41953 7.30764 
8.4334 7.30728 
8.44727 7.30693 
8.46114 7.30661 
8.47502 7.3063 
8.48891 7.30601 
8.5028 7.30574 
8.51669 7.30549 
8.53059 7.30525 
8.5445 7.30503 
8.55841 7.30483 
8.57232 7.30464 
8.58624 7.30448 
8.60016 7.30433 
8.61409 7.30419 
8.62803 7.30408 
8.64197 7.30398 
8.65592 7.30389 
8.66987 7.30383 
8.68382 7.30378 
8.69778 7.30375 
8.71175 7.30373 
8.72573 7.30374 
8.7397 7.30375 
8.75369 7.30379 
8.76768 7.30384 
8.78168 7.30391 
8.79568 7.304 
8.80969 7.3041 
8.8237 7.30422 
8.83772 7.30435 
8.85174 7.3045 
8.86578 7.30467 
8.87981 7.30485 
8.89386 7.30505 
8.90791 7.30527 
8.92197 7.3055 
8.93603 7.30575 
8.9501 7.30602 
8.96418 7.3063 
8.97826 7.30659 
8.99235 7.30691 
9.00644 7.30724 
9.02055 7.30758 
9.03466 7.30794 
9.04877 7.30832 
9.06289 7.30871 
9.07702 7.30912 
9.09116 7.30954 
9.1053 7.30998 
9.11945 7.31044 
9.13361 7.31091 
9.14778 7.31139 
9.16195 7.3119 
9.17613 7.31241 
9.19031 7.31295 
9.20451 7.3135 
9.21871 7.31406 
9.23291 7.31464 
9.24713 7.31523 
9.26135 7.31584 
9.27558 7.31647 
9.28982 7.31711 
9.30407 7.31776 
9.31832 7.31844 
9.33258 7.31912 
9.34685 7.31982 
9.36113 7.32054 
9.37541 7.32127 
9.38971 7.32202 
9.40401 7.32278 
9.41831 7.32355 
9.43263 7.32434 
9.44696 7.32515 
9.46129 7.32597 
9.47563 7.3268 
9.48998 7.32765 
9.50434 7.32852 
9.5187 7.3294 
9.53308 7.33029 
9.54746 7.3312 
9.56185 7.33212 
9.57625 7.33306 
9.59066 7.33401 
9.60508 7.33498 
9.6195 7.33596 
9.63393 7.33696 
9.64838 7.33797 
9.66283 7.33899 
9.67729 7.34003 
9.69176 7.34108 
9.70624 7.34215 
9.72073 7.34323 
9.73522 7.34433 
9.74973 7.34544 
9.76424 7.34656 
9.77877 7.3477 
9.7933 7.34885 
9.80784 7.35002 
9.82239 7.3512 
9.83695 7.35239 
9.85152 7.3536 
9.8661 7.35482 
9.88069 7.35606 
9.89529 7.35731 
9.9099 7.35857 
9.92452 7.35985 
9.93914 7.36114 
9.95378 7.36244 
9.96843 7.36376 
9.98309 7.36509 
9.99775 7.36644 
10.0124 7.3678 
10.0271 7.36917 
10.0418 7.37056 
10.0565 7.37196 
10.0712 7.37337 
10.086 7.3748 
10.1007 7.37624 
10.1154 7.37769 
10.1302 7.37916 
10.145 7.38064 
10.1597 7.38213 
10.1745 7.38364 
10.1893 7.38516 
10.2041 7.3867 
10.219 7.38824 
10.2338 7.3898 
10.2486 7.39138 
10.2635 7.39296 
10.2783 7.39456 
10.2932 7.39618 
10.3081 7.3978 
10.323 7.39944 
10.3379 7.40109 
10.3528 7.40276 
10.3677 7.40443 
10.3827 7.40613 
10.3976 7.40783 
10.4126 7.40955 
10.4276 7.41128 
10.4425 7.41302 
10.4575 7.41477 
10.4725 7.41654 
10.4876 7.41832 
10.5026 7.42011 
10.5176 7.42192 
10.5327 7.42374 
10.5477 7.42557 
10.5628 7.42741 
10.5779 7.42927 
10.593 7.43114 
10.6081 7.43302 
10.6232 7.43492 
10.6384 7.43682 
10.6535 7.43874 
10.6687 7.44067 
10.6838 7.44262 
10.699 7.44457 
10.7142 7.44654 
10.7294 7.44852 
10.7446 7.45052 
10.7598 7.45252 
10.7751 7.45454 
10.7903 7.45657 
10.8056 7.45861 
10.8209 7.46067 
10.8362 7.46274 
10.8515 7.46481 
10.8668 7.46691 
10.8821 7.46901 
10.8974 7.47112 
10.9128 7.47325 
10.9281 7.47539 
10.9435 7.47754 
10.9589 7.47971 
10.9743 7.48188 
10.9897 7.48407 
11.0052 7.48627 
11.0206 7.48848 
11.036 7.4907 
11.0515 7.49294 
11.067 7.49519 
11.0825 7.49745 
11.098 7.49972 
11.1135 7.502 
11.129 7.50429 
11.1446 7.5066 
11.1601 7.50892 
11.1757 7.51125 
11.1913 7.51359 
11.2069 7.51594 
11.2225 7.5183 
11.2381 7.52068 
11.2537 7.52307 
11.2694 7.52547 
11.2851 7.52788 
11.3007 7.5303 
11.3164 7.53273 
11.3321 7.53518 
11.3479 7.53764 
11.3636 7.5401 
11.3793 7.54258 
11.3951 7.54507 
11.4109 7.54758 
11.4266 7.55009 
11.4424 7.55262 
11.4583 7.55515 
11.4741 7.5577 
11.4899 7.56026 
11.5058 7.56283 
11.5217 7.56541 
11.5376 7.568 
11.5535 7.57061 
11.5694 7.57322 
11.5853 7.57585 
11.6012 7.57849 
11.6172 7.58113 
11.6332 7.58379 
11.6492 7.58647 
11.6652 7.58915 
11.6812 7.59184 
11.6972 7.59454 
11.7132 7.59726 
11.7293 7.59998 
11.7454 7.60272 
11.7615 7.60547 
11.7776 7.60823 
11.7937 7.611 
11.8098 7.61378 
11.826 7.61657 
11.8421 7.61937 
11.8583 7.62219 
11.8745 7.62501 
11.8907 7.62784 
11.9069 7.63069 
11.9232 7.63355 
11.9394 7.63641 
11.9557 7.63929 
11.972 7.64218 
11.9883 7.64508 
12.0046 7.64799 
12.0209 7.65091 
12.0373 7.65384 
12.0537 7.65678 
12.07 7.65974 
12.0864 7.6627 
12.1028 7.66567 
12.1193 7.66866 
12.1357 7.67165 
12.1522 7.67466 
12.1686 7.67768 
12.1851 7.6807 
12.2016 7.68374 
12.2182 7.68679 
12.2347 7.68984 
12.2512 7.69291 
12.2678 7.69599 
12.2844 7.69908 
12.301 7.70218 
12.3176 7.70529 
12.3343 7.70841 
12.3509 7.71154 
12.3676 7.71468 
12.3843 7.71783 
12.401 7.721 
12.4177 7.72417 
12.4344 7.72735 
12.4512 7.73054 
12.4679 7.73374 
12.4847 7.73696 
12.5015 7.74018 
12.5183 7.74341 
12.5352 7.74666 
12.552 7.74991 
12.5689 7.75317 
12.5858 7.75645 
12.6027 7.75973 
12.6196 7.76302 
12.6365 7.76633 
12.6535 7.76964 
12.6704 7.77297 
12.6874 7.7763 
12.7044 7.77964 
12.7214 7.783 
12.7385 7.78636 
12.7555 7.78974 
12.7726 7.79312 
12.7897 7.79651 
12.8068 7.79992 
12.8239 7.80333 
12.8411 7.80676 
12.8582 7.81019 
12.8754 7.81363 
12.8926 7.81709 
12.9098 7.82055 
12.927 7.82402 
12.9443 7.8275 
12.9616 7.831 
12.9788 7.8345 
12.9961 7.83801 
13.0135 7.84153 
13.0308 7.84506 
13.0482 7.84861 
13.0655 7.85216 
13.0829 7.85572 
13.1003 7.85929 
13.1178 7.86287 
13.1352 7.86646 
13.1527 7.87006 
13.1702 7.87366 
13.1877 7.87728 
13.2052 7.88091 
13.2227 7.88455 
13.2403 7.8882 
13.2579 7.89185 
13.2755 7.89552 
13.2931 7.8992 
13.3107 7.90288 
13.3284 7.90658 
13.346 7.91028 
13.3637 7.91399 
13.3814 7.91772 
13.3992 7.92145 
13.4169 7.92519 
13.4347 7.92894 
13.4525 7.93271 
13.4703 7.93648 
13.4881 7.94026 
13.5059 7.94405 
13.5238 7.94784 
13.5417 7.95165 
13.5596 7.95547 
13.5775 7.9593 
13.5954 7.96313 
13.6134 7.96698 
13.6314 7.97083 
13.6494 7.9747 
13.6674 7.97857 
13.6854 7.98245 
13.7035 7.98634 
13.7215 7.99024 
13.7396 7.99415 
13.7577 7.99807 
13.7759 8.002 
13.794 8.00594 
13.8122 8.00989 
13.8304 8.01384 
13.8486 8.01781 
13.8669 8.02178 
13.8851 8.02577 
13.9034 8.02976 
13.9217 8.03376 
13.94 8.03777 
13.9583 8.04179 
13.9767 8.04582 
13.9951 8.04986 
14.0135 8.05391 
14.0319 8.05796 
14.0503 8.06203 
14.0688 8.0661 
14.0873 8.07019 
14.1058 8.07428 
14.1243 8.07838 
14.1428 8.08249 
14.1614 8.08661 
14.18 8.09074 
14.1986 8.09487 
14.2172 8.09902 
14.2358 8.10317 
14.2545 8.10734 
14.2732 8.11151 
14.2919 8.11569 
14.3106 8.11988 
14.3294 8.12408 
14.3481 8.12829 
14.3669 8.13251 
14.3858 8.13673 
14.4046 8.14097 
14.4234 8.14521 
14.4423 8.14946 
14.4612 8.15372 
14.4801 8.15799 
14.4991 8.16227 
14.5181 8.16656 
14.537 8.17086 
14.556 8.17516 
14.5751 8.17947 
14.5941 8.1838 
14.6132 8.18813 
14.6323 8.19247 
14.6514 8.19682 
14.6706 8.20117 
14.6897 8.20554 
14.7089 8.20991 
14.7281 8.2143 
14.7473 8.21869 
14.7666 8.22309 
14.7859 8.2275 
14.8051 8.23192 
14.8245 8.23634 
14.8438 8.24078 
14.8632 8.24522 
14.8826 8.24967 
14.902 8.25413 
14.9214 8.2586 
14.9408 8.26308 
14.9603 8.26757 
14.9798 8.27206 
14.9993 8.27657 
15.0189 8.28108 
15.0384 8.2856 
15.058 8.29013 
15.0776 8.29466 
15.0973 8.29921 
15.1169 8.30376 
15.1366 8.30833 
15.1563 8.3129 
15.176 8.31748 
15.1958 8.32207 
15.2156 8.32666 
15.2354 8.33127 
15.2552 8.33588 
15.275 8.3405 
15.2949 8.34513 
15.3148 8.34977 
15.3347 8.35442 
15.3546 8.35907 
15.3746 8.36374 
15.3946 8.36841 
15.4146 8.37309 
15.4346 8.37778 
15.4547 8.38248 
15.4747 8.38718 
15.4948 8.3919 
15.515 8.39662 
15.5351 8.40135 
15.5553 8.40609 
15.5755 8.41083 
15.5957 8.41559 
15.616 8.42035 
15.6362 8.42512 
15.6565 8.4299 
15.6768 8.43469 
15.6972 8.43949 
15.7176 8.44429 
15.738 8.44911 
15.7584 8.45393 
15.7788 8.45876 
15.7993 8.46359 
15.8198 8.46844 
15.8403 8.47329 
15.8608 8.47816 
15.8814 8.48303 
15.902 8.4879 
15.9226 8.49279 
15.9432 8.49769 
15.9639 8.50259 
15.9846 8.5075 
16.0053 8.51242 
16.026 8.51735 
16.0468 8.52228 
16.0676 8.52722 
16.0884 8.53218 
16.1093 8.53713 
16.1301 8.5421 
16.151 8.54708 
16.1719 8.55206 
16.1929 8.55705 
16.2138 8.56205 
16.2348 8.56706 
16.2559 8.57208 
16.2769 8.5771 
16.298 8.58213 
16.3191 8.58717 
16.3402 8.59222 
16.3613 8.59728 
16.3825 8.60234 
16.4037 8.60741 
16.4249 8.61249 
16.4462 8.61758 
16.4675 8.62268 
16.4888 8.62778 
16.5101 8.63289 
16.5315 8.63801 
16.5529 8.64314 
16.5743 8.64828 
16.5957 8.65342 
16.6172 8.65857 
16.6386 8.66373 
16.6602 8.6689 
16.6817 8.67407 
16.7033 8.67926 
16.7249 8.68445 
16.7465 8.68965 
16.7681 8.69485 
16.7898 8.70007 
16.8115 8.70529 
16.8333 8.71052 
16.855 8.71576 
16.8768 8.72101 
16.8986 8.72626 
16.9204 8.73152 
16.9423 8.73679 
16.9642 8.74207 
16.9861 8.74736 
17.0081 8.75265 
17.03 8.75795 
17.052 8.76326 
17.0741 8.76857 
17.0961 8.7739 
17.1182 8.77923 
17.1403 8.78457 
17.1625 8.78992 
17.1846 8.79527 
17.2068 8.80064 
17.229 8.80601 
17.2513 8.81139 
17.2736 8.81677 
17.2959 8.82217 
17.3182 8.82757 
17.3406 8.83298 
17.363 8.8384 
17.3854 8.84382 
17.4078 8.84926 
17.4303 8.8547 
17.4528 8.86015 
17.4754 8.8656 
17.4979 8.87107 
17.5205 8.87654 
17.5431 8.88202 
17.5658 8.8875 
17.5884 8.893 
17.6111 8.8985 
17.6339 8.90401 
17.6566 8.90953 
17.6794 8.91505 
17.7022 8.92059 
17.7251 8.92613 
17.748 8.93167 
17.7709 8.93723 
17.7938 8.94279 
17.8168 8.94836 
17.8398 8.95394 
17.8628 8.95953 
17.8858 8.96512 
17.9089 8.97072 
17.932 8.97633 
17.9552 8.98195 
17.9783 8.98757 
18.0015 8.99321 
18.0248 8.99885 
18.048 9.00449 
18.0713 9.01015 
18.0946 9.01581 
18.118 9.02148 
18.1414 9.02716 
18.1648 9.03284 
18.1882 9.03854 
18.2117 9.04424 
18.2352 9.04994 
18.2587 9.05566 
18.2823 9.06138 
18.3059 9.06711 
18.3295 9.07285 
18.3531 9.07859 
18.3768 9.08435 
18.4005 9.09011 
18.4243 9.09588 
18.448 9.10165 
18.4718 9.10743 
18.4957 9.11322 
18.5195 9.11902 
18.5434 9.12483 
18.5673 9.13064 
18.5913 9.13646 
18.6153 9.14229 
18.6393 9.14812 
18.6633 9.15397 
18.6874 9.15982 
18.7115 9.16567 
18.7357 9.17154 
18.7599 9.17741 
18.7841 9.18329 
18.8083 9.18918 
18.8326 9.19508 
18.8569 9.20098 
