5 10 
5.02178 9.98627 
5.04351 9.97262 
5.06519 9.95904 
5.08683 9.94555 
5.10842 9.93214 
5.12997 9.9188 
5.15148 9.90555 
5.17294 9.89237 
5.19436 9.87927 
5.21574 9.86625 
5.23707 9.8533 
5.25836 9.84043 
5.27961 9.82764 
5.30082 9.81492 
5.32199 9.80228 
5.34311 9.78971 
5.3642 9.77722 
5.38524 9.7648 
5.40625 9.75245 
5.42722 9.74017 
5.44814 9.72797 
5.46903 9.71584 
5.48988 9.70379 
5.51069 9.6918 
5.53146 9.67989 
5.5522 9.66804 
5.5729 9.65627 
5.59356 9.64457 
5.61419 9.63294 
5.63477 9.62137 
5.65533 9.60988 
5.67584 9.59845 
5.69633 9.58709 
5.71677 9.5758 
5.73718 9.56458 
5.75756 9.55342 
5.7779 9.54233 
5.79821 9.53131 
5.81849 9.52036 
5.83873 9.50946 
5.85894 9.49864 
5.87911 9.48788 
5.89926 9.47719 
5.91937 9.46655 
5.93945 9.45599 
5.95949 9.44549 
5.97951 9.43505 
5.99949 9.42467 
6.01945 9.41436 
6.03937 9.40411 
6.05926 9.39392 
6.07913 9.38379 
6.09896 9.37373 
6.11876 9.36372 
6.13854 9.35378 
6.15828 9.3439 
6.178 9.33408 
6.19768 9.32432 
6.21734 9.31462 
6.23697 9.30498 
6.25658 9.29539 
6.27615 9.28587 
6.2957 9.2764 
6.31522 9.267 
6.33472 9.25765 
6.35418 9.24836 
6.37362 9.23913 
6.39304 9.22995 
6.41243 9.22083 
6.43179 9.21177 
6.45113 9.20276 
6.47044 9.19381 
6.48973 9.18492 
6.50899 9.17608 
6.52823 9.1673 
6.54745 9.15857 
6.56664 9.1499 
6.5858 9.14128 
6.60494 9.13272 
6.62406 9.12421 
6.64316 9.11575 
6.66223 9.10735 
6.68128 9.099 
6.70031 9.0907 
6.71931 9.08246 
6.7383 9.07427 
6.75726 9.06613 
6.7762 9.05804 
6.79511 9.05001 
6.81401 9.04203 
6.83289 9.03409 
6.85174 9.02621 
6.87057 9.01838 
6.88939 9.01061 
6.90818 9.00288 
6.92695 8.9952 
6.9457 8.98757 
6.96444 8.97999 
6.98315 8.97246 
7.00184 8.96499 
7.02052 8.95755 
7.03917 8.95017 
7.05781 8.94284 
7.07643 8.93556 
7.09503 8.92832 
7.11361 8.92113 
7.13217 8.91399 
7.15072 8.9069 
7.16924 8.89985 
7.18775 8.89285 
7.20625 8.8859 
7.22472 8.879 
7.24318 8.87214 
7.26162 8.86533 
7.28005 8.85856 
7.29846 8.85184 
7.31685 8.84517 
7.33523 8.83854 
7.35359 8.83196 
7.37193 8.82542 
7.39026 8.81893 
7.40857 8.81248 
7.42687 8.80608 
7.44516 8.79972 
7.46342 8.7934 
7.48168 8.78713 
7.49992 8.7809 
7.51814 8.77472 
7.53635 8.76858 
7.55455 8.76248 
7.57273 8.75643 
7.5909 8.75042 
7.60905 8.74445 
7.6272 8.73853 
7.64532 8.73264 
7.66344 8.7268 
7.68154 8.721 
7.69963 8.71524 
7.71771 8.70953 
7.73577 8.70385 
7.75382 8.69822 
7.77186 8.69263 
7.78989 8.68708 
7.8079 8.68157 
7.82591 8.6761 
7.8439 8.67067 
7.86188 8.66528 
7.87985 8.65993 
7.8978 8.65463 
7.91575 8.64936 
7.93369 8.64413 
7.95161 8.63894 
7.96952 8.63379 
7.98743 8.62868 
8.00532 8.62361 
8.0232 8.61857 
8.04108 8.61358 
8.05894 8.60862 
8.07679 8.6037 
8.09464 8.59882 
8.11247 8.59398 
8.1303 8.58918 
8.14811 8.58441 
8.16592 8.57969 
8.18372 8.575 
8.2015 8.57034 
8.21928 8.56573 
8.23706 8.56115 
8.25482 8.55661 
8.27257 8.5521 
8.29032 8.54763 
8.30806 8.5432 
8.32579 8.53881 
8.34351 8.53445 
8.36123 8.53012 
8.37893 8.52584 
8.39663 8.52158 
8.41432 8.51737 
8.43201 8.51319 
8.44969 8.50904 
8.46736 8.50493 
8.48502 8.50086 
8.50268 8.49682 
8.52033 8.49281 
8.53798 8.48884 
8.55562 8.48491 
8.57325 8.481 
8.59088 8.47714 
8.6085 8.4733 
8.62611 8.4695 
8.64372 8.46574 
8.66132 8.46201 
8.67892 8.45831 
8.69651 8.45465 
8.7141 8.45102 
8.73168 8.44742 
8.74926 8.44385 
8.76683 8.44032 
8.7844 8.43682 
8.80196 8.43336 
8.81952 8.42993 
8.83707 8.42653 
8.85462 8.42316 
8.87217 8.41982 
8.88971 8.41652 
8.90725 8.41325 
8.92478 8.41001 
8.94231 8.4068 
8.95983 8.40363 
8.97736 8.40048 
8.99487 8.39737 
9.01239 8.39429 
9.0299 8.39124 
9.04741 8.38822 
9.06492 8.38523 
9.08242 8.38228 
9.09992 8.37935 
9.11742 8.37646 
9.13491 8.37359 
9.1524 8.37076 
9.16989 8.36795 
9.18738 8.36518 
9.20487 8.36244 
9.22235 8.35973 
9.23983 8.35704 
9.25731 8.35439 
9.27479 8.35177 
9.29227 8.34917 
9.30974 8.34661 
9.32721 8.34407 
9.34469 8.34157 
9.36216 8.33909 
9.37962 8.33665 
9.39709 8.33423 
9.41456 8.33184 
9.43203 8.32948 
9.44949 8.32715 
9.46696 8.32485 
9.48442 8.32257 
9.50189 8.32033 
9.51935 8.31811 
9.53681 8.31592 
9.55427 8.31376 
9.57174 8.31163 
9.5892 8.30952 
9.60666 8.30745 
9.62413 8.3054 
9.64159 8.30337 
9.65905 8.30138 
9.67652 8.29941 
9.69398 8.29748 
9.71145 8.29556 
9.72891 8.29368 
9.74638 8.29182 
9.76385 8.28999 
9.78132 8.28819 
9.79879 8.28641 
9.81626 8.28466 
9.83373 8.28294 
9.8512 8.28125 
9.86868 8.27958 
9.88616 8.27793 
9.90363 8.27632 
9.92111 8.27473 
9.9386 8.27316 
9.95608 8.27162 
9.97357 8.27011 
9.99105 8.26863 
10.0085 8.26716 
10.026 8.26573 
10.0435 8.26432 
10.061 8.26294 
10.0785 8.26158 
10.096 8.26025 
10.1135 8.25894 
10.131 8.25766 
10.1486 8.2564 
10.1661 8.25517 
10.1836 8.25396 
10.2011 8.25278 
10.2186 8.25163 
10.2362 8.25049 
10.2537 8.24939 
10.2712 8.2483 
10.2888 8.24725 
10.3063 8.24621 
10.3238 8.2452 
10.3414 8.24422 
10.3589 8.24326 
10.3765 8.24232 
10.394 8.24141 
10.4116 8.24052 
10.4292 8.23966 
10.4468 8.23882 
10.4643 8.238 
10.4819 8.23721 
10.4995 8.23644 
10.5171 8.23569 
10.5347 8.23497 
10.5523 8.23427 
10.5699 8.2336 
10.5875 8.23295 
10.6051 8.23232 
10.6227 8.23171 
10.6403 8.23113 
10.658 8.23057 
10.6756 8.23003 
10.6933 8.22952 
10.7109 8.22903 
10.7285 8.22856 
10.7462 8.22811 
10.7639 8.22769 
10.7815 8.22729 
10.7992 8.22691 
10.8169 8.22656 
10.8346 8.22623 
10.8523 8.22591 
10.87 8.22563 
10.8877 8.22536 
10.9054 8.22512 
10.9231 8.22489 
10.9408 8.22469 
10.9585 8.22451 
10.9763 8.22436 
10.994 8.22422 
11.0118 8.22411 
11.0295 8.22402 
11.0473 8.22395 
11.0651 8.2239 
11.0828 8.22387 
11.1006 8.22387 
11.1184 8.22388 
11.1362 8.22392 
11.154 8.22398 
11.1718 8.22406 
11.1897 8.22416 
11.2075 8.22428 
11.2253 8.22442 
11.2432 8.22458 
11.261 8.22477 
11.2789 8.22497 
11.2967 8.2252 
11.3146 8.22545 
11.3325 8.22571 
11.3504 8.226 
11.3683 8.22631 
11.3862 8.22664 
11.4041 8.22698 
11.422 8.22735 
11.44 8.22774 
11.4579 8.22815 
11.4759 8.22858 
11.4938 8.22903 
11.5118 8.2295 
11.5298 8.22999 
11.5478 8.2305 
11.5658 8.23103 
11.5838 8.23158 
11.6018 8.23215 
11.6198 8.23274 
11.6378 8.23334 
11.6559 8.23397 
11.6739 8.23462 
11.692 8.23529 
11.71 8.23597 
11.7281 8.23668 
11.7462 8.2374 
11.7643 8.23815 
11.7824 8.23891 
11.8005 8.2397 
11.8186 8.2405 
11.8368 8.24132 
11.8549 8.24216 
11.8731 8.24302 
11.8913 8.2439 
11.9094 8.24479 
11.9276 8.24571 
11.9458 8.24664 
11.964 8.2476 
11.9822 8.24857 
12.0005 8.24956 
12.0187 8.25057 
12.037 8.2516 
12.0552 8.25264 
12.0735 8.25371 
12.0918 8.25479 
12.1101 8.25589 
12.1284 8.25701 
12.1467 8.25815 
12.165 8.2593 
12.1834 8.26048 
12.2017 8.26167 
12.2201 8.26288 
12.2385 8.26411 
12.2568 8.26535 
12.2752 8.26662 
12.2936 8.2679 
12.3121 8.2692 
12.3305 8.27052 
12.3489 8.27185 
12.3674 8.27321 
12.3859 8.27458 
12.4043 8.27597 
12.4228 8.27737 
12.4413 8.27879 
12.4598 8.28024 
12.4784 8.28169 
12.4969 8.28317 
12.5155 8.28466 
12.534 8.28617 
12.5526 8.2877 
12.5712 8.28924 
12.5898 8.29081 
12.6084 8.29239 
12.627 8.29398 
12.6457 8.29559 
12.6643 8.29722 
12.683 8.29887 
12.7017 8.30054 
12.7204 8.30222 
12.7391 8.30391 
12.7578 8.30563 
12.7765 8.30736 
12.7953 8.30911 
12.814 8.31087 
12.8328 8.31265 
12.8516 8.31445 
12.8704 8.31626 
12.8892 8.3181 
12.908 8.31994 
12.9269 8.32181 
12.9457 8.32369 
12.9646 8.32558 
12.9835 8.32749 
13.0024 8.32942 
13.0213 8.33137 
13.0402 8.33333 
13.0591 8.33531 
13.0781 8.3373 
13.097 8.33931 
13.116 8.34134 
13.135 8.34338 
13.154 8.34544 
13.1731 8.34751 
13.1921 8.3496 
13.2112 8.3517 
13.2302 8.35383 
13.2493 8.35596 
13.2684 8.35811 
13.2875 8.36028 
13.3066 8.36247 
13.3258 8.36467 
13.3449 8.36688 
13.3641 8.36911 
13.3833 8.37136 
13.4025 8.37362 
13.4217 8.3759 
13.441 8.37819 
13.4602 8.3805 
13.4795 8.38282 
13.4988 8.38516 
13.5181 8.38751 
13.5374 8.38988 
13.5567 8.39227 
13.576 8.39467 
13.5954 8.39708 
13.6148 8.39951 
13.6342 8.40196 
13.6536 8.40442 
13.673 8.40689 
13.6924 8.40938 
13.7119 8.41189 
13.7314 8.41441 
13.7509 8.41694 
13.7704 8.41949 
13.7899 8.42205 
13.8094 8.42463 
13.829 8.42723 
13.8485 8.42984 
13.8681 8.43246 
13.8877 8.4351 
13.9074 8.43775 
13.927 8.44042 
13.9467 8.4431 
13.9663 8.44579 
13.986 8.4485 
14.0057 8.45123 
14.0254 8.45397 
14.0452 8.45672 
14.0649 8.45949 
14.0847 8.46227 
14.1045 8.46507 
14.1243 8.46788 
14.1442 8.47071 
14.164 8.47354 
14.1839 8.4764 
14.2037 8.47927 
14.2236 8.48215 
14.2436 8.48504 
14.2635 8.48795 
14.2834 8.49088 
14.3034 8.49382 
14.3234 8.49677 
14.3434 8.49973 
14.3634 8.50271 
14.3835 8.50571 
14.4035 8.50872 
14.4236 8.51174 
14.4437 8.51477 
14.4638 8.51782 
14.484 8.52088 
14.5041 8.52396 
14.5243 8.52705 
14.5445 8.53015 
14.5647 8.53327 
14.5849 8.5364 
14.6052 8.53955 
14.6254 8.54271 
14.6457 8.54588 
14.666 8.54906 
14.6863 8.55226 
14.7067 8.55547 
14.727 8.5587 
14.7474 8.56194 
14.7678 8.56519 
14.7882 8.56845 
14.8087 8.57173 
14.8291 8.57503 
14.8496 8.57833 
14.8701 8.58165 
14.8906 8.58498 
14.9112 8.58833 
14.9317 8.59168 
14.9523 8.59505 
14.9729 8.59844 
14.9935 8.60184 
15.0142 8.60525 
15.0348 8.60867 
15.0555 8.61211 
15.0762 8.61556 
15.0969 8.61902 
15.1176 8.62249 
15.1384 8.62598 
15.1592 8.62948 
15.18 8.633 
15.2008 8.63652 
15.2216 8.64006 
15.2425 8.64361 
15.2634 8.64718 
15.2843 8.65076 
15.3052 8.65435 
15.3261 8.65795 
15.3471 8.66157 
15.3681 8.66519 
15.3891 8.66883 
15.4101 8.67249 
15.4312 8.67615 
15.4522 8.67983 
15.4733 8.68352 
15.4945 8.68723 
15.5156 8.69094 
15.5367 8.69467 
15.5579 8.69841 
15.5791 8.70216 
15.6003 8.70593 
15.6216 8.70971 
15.6428 8.7135 
15.6641 8.7173 
15.6854 8.72112 
15.7068 8.72494 
15.7281 8.72878 
15.7495 8.73263 
15.7709 8.7365 
15.7923 8.74037 
15.8137 8.74426 
15.8352 8.74816 
15.8567 8.75207 
15.8782 8.756 
15.8997 8.75993 
15.9213 8.76388 
15.9428 8.76784 
15.9644 8.77181 
15.9861 8.7758 
16.0077 8.7798 
16.0294 8.7838 
16.0511 8.78782 
16.0728 8.79186 
16.0945 8.7959 
16.1162 8.79996 
16.138 8.80402 
16.1598 8.8081 
16.1817 8.81219 
16.2035 8.8163 
16.2254 8.82041 
16.2473 8.82454 
16.2692 8.82868 
16.2911 8.83282 
16.3131 8.83699 
16.3351 8.84116 
16.3571 8.84534 
16.3791 8.84954 
16.4012 8.85375 
16.4233 8.85797 
16.4454 8.8622 
16.4675 8.86644 
16.4897 8.8707 
16.5119 8.87496 
16.5341 8.87924 
16.5563 8.88353 
16.5785 8.88783 
16.6008 8.89214 
16.6231 8.89646 
16.6454 8.90079 
16.6678 8.90514 
16.6902 8.9095 
16.7126 8.91386 
16.735 8.91824 
16.7574 8.92263 
16.7799 8.92704 
16.8024 8.93145 
16.8249 8.93587 
16.8475 8.94031 
16.8701 8.94476 
16.8926 8.94921 
16.9153 8.95368 
16.9379 8.95816 
16.9606 8.96265 
16.9833 8.96716 
17.006 8.97167 
17.0288 8.9762 
17.0515 8.98073 
17.0743 8.98528 
17.0972 8.98984 
17.12 8.9944 
17.1429 8.99898 
17.1658 9.00357 
17.1887 9.00818 
17.2117 9.01279 
17.2347 9.01741 
17.2577 9.02205 
17.2807 9.02669 
17.3037 9.03135 
17.3268 9.03601 
17.3499 9.04069 
17.3731 9.04538 
17.3962 9.05008 
17.4194 9.05479 
17.4426 9.05951 
17.4659 9.06424 
17.4892 9.06899 
17.5124 9.07374 
17.5358 9.0785 
17.5591 9.08328 
17.5825 9.08806 
17.6059 9.09286 
17.6293 9.09766 
17.6528 9.10248 
17.6763 9.10731 
17.6998 9.11215 
17.7233 9.117 
17.7469 9.12186 
17.7705 9.12673 
17.7941 9.13161 
17.8177 9.1365 
17.8414 9.1414 
17.8651 9.14631 
17.8888 9.15123 
17.9126 9.15617 
17.9364 9.16111 
17.9602 9.16606 
17.984 9.17103 
18.0079 9.176 
18.0318 9.18099 
18.0557 9.18598 
18.0797 9.19099 
18.1036 9.19601 
18.1276 9.20103 
18.1517 9.20607 
18.1757 9.21112 
18.1998 9.21617 
18.2239 9.22124 
18.2481 9.22632 
18.2723 9.23141 
18.2965 9.2365 
18.3207 9.24161 
18.345 9.24673 
18.3693 9.25186 
18.3936 9.257 
18.4179 9.26215 
18.4423 9.26731 
18.4667 9.27248 
18.4912 9.27766 
18.5156 9.28285 
18.5401 9.28805 
18.5646 9.29326 
18.5892 9.29848 
18.6138 9.30371 
18.6384 9.30895 
18.663 9.3142 
18.6877 9.31946 
18.7124 9.32473 
18.7371 9.33001 
18.7619 9.3353 
18.7867 9.3406 
18.8115 9.34591 
18.8363 9.35123 
18.8612 9.35656 
18.8861 9.3619 
18.9111 9.36724 
18.936 9.3726 
18.961 9.37797 
18.9861 9.38335 
19.0111 9.38874 
19.0362 9.39414 
19.0613 9.39955 
19.0865 9.40497 
19.1117 9.4104 
19.1369 9.41583 
19.1621 9.42128 
19.1874 9.42674 
19.2127 9.43221 
19.238 9.43768 
19.2634 9.44317 
19.2888 9.44867 
19.3142 9.45417 
19.3397 9.45969 
19.3652 9.46522 
19.3907 9.47075 
19.4162 9.4763 
19.4418 9.48185 
19.4674 9.48742 
19.4931 9.49299 
19.5188 9.49857 
19.5445 9.50417 
19.5702 9.50977 
19.596 9.51538 
19.6218 9.521 
19.6476 9.52663 
19.6735 9.53227 
19.6994 9.53793 
19.7253 9.54359 
19.7513 9.54925 
19.7773 9.55493 
19.8033 9.56062 
19.8294 9.56632 
19.8555 9.57203 
19.8816 9.57775 
19.9077 9.58347 
19.9339 9.58921 
19.9602 9.59495 
19.9864 9.60071 
20.0127 9.60647 
20.039 9.61225 
20.0654 9.61803 
20.0918 9.62382 
20.1182 9.62962 
20.1446 9.63543 
20.1711 9.64125 
20.1976 9.64708 
20.2242 9.65292 
20.2508 9.65877 
20.2774 9.66463 
20.3041 9.6705 
20.3307 9.67637 
20.3575 9.68226 
20.3842 9.68815 
20.411 9.69406 
20.4378 9.69997 
20.4647 9.70589 
20.4916 9.71182 
20.5185 9.71777 
20.5454 9.72372 
20.5724 9.72968 
20.5994 9.73564 
20.6265 9.74162 
20.6536 9.74761 
20.6807 9.75361 
20.7079 9.75961 
20.7351 9.76563 
20.7623 9.77165 
20.7896 9.77768 
20.8169 9.78372 
20.8442 9.78978 
20.8716 9.79584 
20.899 9.80191 
20.9264 9.80798 
20.9539 9.81407 
20.9814 9.82017 
21.0089 9.82627 
21.0365 9.83239 
21.0641 9.83851 
21.0918 9.84464 
21.1194 9.85079 
21.1472 9.85694 
21.1749 9.8631 
21.2027 9.86927 
21.2305 9.87544 
21.2584 9.88163 
21.2863 9.88783 
21.3142 9.89403 
21.3422 9.90025 
21.3702 9.90647 
21.3982 9.9127 
21.4263 9.91894 
21.4544 9.92519 
21.4826 9.93145 
21.5108 9.93772 
21.539 9.94399 
21.5672 9.95028 
21.5955 9.95657 
21.6239 9.96288 
21.6522 9.96919 
21.6806 9.97551 
21.7091 9.98184 
21.7375 9.98818 
21.7661 9.99453 
21.7946 10.0009 
21.8232 10.0072 
21.8518 10.0136 
21.8805 10.02 
21.9092 10.0264 
21.9379 10.0328 
21.9667 10.0392 
21.9955 10.0456 
22.0243 10.0521 
22.0532 10.0585 
22.0821 10.0649 
22.1111 10.0714 
22.1401 10.0778 
22.1691 10.0843 
22.1982 10.0908 
22.2273 10.0973 
22.2565 10.1038 
22.2857 10.1103 
22.3149 10.1168 
22.3441 10.1233 
22.3734 10.1299 
22.4028 10.1364 
22.4322 10.1429 
22.4616 10.1495 
22.491 10.1561 
22.5205 10.1626 
22.5501 10.1692 
22.5796 10.1758 
22.6092 10.1824 
22.6389 10.189 
22.6686 10.1957 
22.6983 10.2023 
22.7281 10.2089 
22.7579 10.2156 
22.7877 10.2222 
22.8176 10.2289 
22.8475 10.2355 
22.8775 10.2422 
22.9075 10.2489 
22.9375 10.2556 
22.9676 10.2623 
22.9977 10.269 
23.0279 10.2757 
23.0581 10.2825 
23.0883 10.2892 
23.1186 10.296 
23.1489 10.3027 
23.1793 10.3095 
23.2097 10.3163 
23.2401 10.323 
23.2706 10.3298 
23.3011 10.3366 
23.3317 10.3434 
23.3623 10.3503 
23.3929 10.3571 
23.4236 10.3639 
23.4543 10.3708 
23.4851 10.3776 
23.5159 10.3845 
23.5467 10.3913 
23.5776 10.3982 
23.6086 10.4051 
23.6395 10.412 
23.6705 10.4189 
23.7016 10.4258 
23.7327 10.4327 
23.7638 10.4396 
23.795 10.4466 
23.8262 10.4535 
23.8575 10.4605 
23.8888 10.4674 
23.9201 10.4744 
23.9515 10.4814 
23.9829 10.4884 
24.0144 10.4954 
24.0459 10.5024 
24.0774 10.5094 
24.109 10.5164 
24.1407 10.5234 
24.1724 10.5304 
24.2041 10.5375 
24.2358 10.5445 
24.2676 10.5516 
24.2995 10.5587 
24.3314 10.5658 
24.3633 10.5728 
24.3953 10.5799 
24.4273 10.587 
24.4594 10.5941 
24.4915 10.6013 
24.5236 10.6084 
24.5558 10.6155 
24.5881 10.6227 
24.6203 10.6298 
24.6527 10.637 
24.685 10.6442 
24.7174 10.6513 
24.7499 10.6585 
24.7824 10.6657 
24.8149 10.6729 
24.8475 10.6801 
24.8801 10.6873 
24.9128 10.6946 
24.9455 10.7018 
24.9783 10.7091 
25.0111 10.7163 
25.0439 10.7236 
25.0768 10.7308 
25.1098 10.7381 
25.1428 10.7454 
25.1758 10.7527 
25.2089 10.76 
25.242 10.7673 
25.2751 10.7746 
25.3083 10.782 
25.3416 10.7893 
25.3749 10.7966 
25.4082 10.804 
25.4416 10.8113 
25.4751 10.8187 
25.5085 10.8261 
25.5421 10.8335 
25.5756 10.8409 
25.6092 10.8483 
25.6429 10.8557 
25.6766 10.8631 
25.7104 10.8705 
25.7442 10.878 
25.778 10.8854 
25.8119 10.8929 
25.8458 10.9003 
25.8798 10.9078 
25.9138 10.9153 
25.9479 10.9227 
25.982 10.9302 
26.0162 10.9377 
26.0504 10.9452 
26.0847 10.9528 
26.119 10.9603 
26.1533 10.9678 
26.1877 10.9754 
26.2222 10.9829 
26.2567 10.9905 
26.2912 10.998 
26.3258 11.0056 
26.3604 11.0132 
26.3951 11.0208 
26.4299 11.0284 
26.4646 11.036 
26.4995 11.0436 
26.5343 11.0512 
26.5693 11.0588 
26.6042 11.0665 
26.6393 11.0741 
26.6743 11.0818 
26.7094 11.0895 
26.7446 11.0971 
26.7798 11.1048 
26.8151 11.1125 
26.8504 11.1202 
26.8857 11.1279 
26.9211 11.1356 
26.9566 11.1433 
26.9921 11.1511 
27.0276 11.1588 
27.0632 11.1665 
27.0989 11.1743 
27.1346 11.1821 
27.1703 11.1898 
27.2061 11.1976 
27.242 11.2054 
27.2779 11.2132 
27.3138 11.221 
27.3498 11.2288 
27.3858 11.2366 
27.4219 11.2444 
27.4581 11.2523 
27.4943 11.2601 
27.5305 11.268 
27.5668 11.2758 
27.6031 11.2837 
27.6395 11.2916 
27.676 11.2995 
27.7125 11.3073 
