7.6 10 
7.62283 9.98938 
7.64563 9.97883 
7.66839 9.96835 
7.69112 9.95793 
7.71382 9.94759 
7.73649 9.93731 
7.75912 9.9271 
7.78173 9.91696 
7.8043 9.90689 
7.82684 9.89688 
7.84936 9.88694 
7.87184 9.87706 
7.89429 9.86725 
7.91672 9.85751 
7.93911 9.84783 
7.96147 9.83822 
7.98381 9.82867 
8.00612 9.81918 
8.0284 9.80976 
8.05065 9.8004 
8.07288 9.79111 
8.09507 9.78188 
8.11724 9.77271 
8.13939 9.7636 
8.1615 9.75455 
8.18359 9.74557 
8.20566 9.73665 
8.2277 9.72779 
8.24971 9.71898 
8.2717 9.71024 
8.29366 9.70156 
8.3156 9.69294 
8.33752 9.68438 
8.35941 9.67588 
8.38127 9.66744 
8.40312 9.65905 
8.42493 9.65073 
8.44673 9.64246 
8.4685 9.63425 
8.49025 9.6261 
8.51198 9.618 
8.53369 9.60997 
8.55537 9.60198 
8.57703 9.59406 
8.59867 9.58619 
8.62029 9.57838 
8.64189 9.57062 
8.66347 9.56292 
8.68502 9.55527 
8.70656 9.54768 
8.72807 9.54015 
8.74957 9.53266 
8.77104 9.52524 
8.7925 9.51786 
8.81394 9.51054 
8.83536 9.50327 
8.85676 9.49606 
8.87814 9.4889 
8.8995 9.48179 
8.92084 9.47473 
8.94217 9.46773 
8.96348 9.46078 
8.98477 9.45388 
9.00604 9.44703 
9.02729 9.44023 
9.04853 9.43348 
9.06976 9.42679 
9.09096 9.42014 
9.11215 9.41355 
9.13332 9.407 
9.15448 9.40051 
9.17562 9.39406 
9.19675 9.38767 
9.21786 9.38132 
9.23895 9.37502 
9.26003 9.36877 
9.2811 9.36257 
9.30215 9.35642 
9.32318 9.35032 
9.3442 9.34426 
9.36521 9.33825 
9.38621 9.33229 
9.40719 9.32638 
9.42815 9.32051 
9.44911 9.31469 
9.47005 9.30892 
9.49097 9.30319 
9.51189 9.29751 
9.53279 9.29188 
9.55368 9.28629 
9.57456 9.28075 
9.59542 9.27525 
9.61627 9.2698 
9.63712 9.26439 
9.65795 9.25903 
9.67876 9.25371 
9.69957 9.24844 
9.72037 9.24321 
9.74115 9.23803 
9.76193 9.23289 
9.78269 9.22779 
9.80345 9.22274 
9.82419 9.21773 
9.84492 9.21276 
9.86565 9.20784 
9.88636 9.20296 
9.90707 9.19812 
9.92776 9.19333 
9.94845 9.18858 
9.96912 9.18387 
9.98979 9.1792 
10.0105 9.17457 
10.0311 9.16999 
10.0517 9.16544 
10.0724 9.16094 
10.093 9.15648 
10.1136 9.15206 
10.1342 9.14768 
10.1548 9.14334 
10.1754 9.13904 
10.196 9.13478 
10.2166 9.13057 
10.2372 9.12639 
10.2577 9.12225 
10.2783 9.11815 
10.2989 9.11409 
10.3194 9.11007 
10.3399 9.10609 
10.3605 9.10215 
10.381 9.09825 
10.4015 9.09439 
10.422 9.09056 
10.4426 9.08678 
10.4631 9.08303 
10.4836 9.07932 
10.5041 9.07564 
10.5245 9.07201 
10.545 9.06841 
10.5655 9.06485 
10.586 9.06133 
10.6065 9.05785 
10.6269 9.0544 
10.6474 9.05099 
10.6679 9.04762 
10.6883 9.04428 
10.7088 9.04098 
10.7292 9.03771 
10.7497 9.03449 
10.7701 9.03129 
10.7905 9.02814 
10.811 9.02502 
10.8314 9.02193 
10.8518 9.01888 
10.8723 9.01587 
10.8927 9.01289 
10.9131 9.00995 
10.9335 9.00704 
10.9539 9.00417 
10.9744 9.00133 
10.9948 8.99853 
11.0152 8.99576 
11.0356 8.99302 
11.056 8.99032 
11.0764 8.98765 
11.0968 8.98502 
11.1172 8.98242 
11.1376 8.97986 
11.158 8.97733 
11.1784 8.97483 
11.1988 8.97236 
11.2192 8.96993 
11.2396 8.96753 
11.26 8.96517 
11.2804 8.96284 
11.3008 8.96054 
11.3212 8.95827 
11.3416 8.95604 
11.362 8.95383 
11.3824 8.95166 
11.4028 8.94953 
11.4232 8.94742 
11.4436 8.94535 
11.464 8.94331 
11.4844 8.9413 
11.5048 8.93932 
11.5252 8.93737 
11.5456 8.93545 
11.566 8.93357 
11.5865 8.93172 
11.6069 8.9299 
11.6273 8.9281 
11.6477 8.92634 
11.6681 8.92461 
11.6885 8.92291 
11.709 8.92125 
11.7294 8.91961 
11.7498 8.918 
11.7702 8.91642 
11.7907 8.91487 
11.8111 8.91336 
11.8315 8.91187 
11.852 8.91041 
11.8724 8.90898 
11.8929 8.90758 
11.9133 8.90621 
11.9338 8.90487 
11.9542 8.90356 
11.9747 8.90228 
11.9952 8.90103 
12.0156 8.8998 
12.0361 8.89861 
12.0566 8.89744 
12.0771 8.89631 
12.0975 8.8952 
12.118 8.89412 
12.1385 8.89306 
12.159 8.89204 
12.1795 8.89104 
12.2 8.89008 
12.2205 8.88914 
12.2411 8.88823 
12.2616 8.88734 
12.2821 8.88648 
12.3026 8.88566 
12.3232 8.88486 
12.3437 8.88408 
12.3643 8.88334 
12.3848 8.88262 
12.4054 8.88192 
12.4259 8.88126 
12.4465 8.88062 
12.4671 8.88001 
12.4877 8.87943 
12.5083 8.87887 
12.5289 8.87834 
12.5495 8.87783 
12.5701 8.87736 
12.5907 8.8769 
12.6113 8.87648 
12.632 8.87608 
12.6526 8.87571 
12.6732 8.87536 
12.6939 8.87504 
12.7145 8.87474 
12.7352 8.87447 
12.7559 8.87423 
12.7766 8.87401 
12.7973 8.87382 
12.818 8.87365 
12.8387 8.87351 
12.8594 8.8734 
12.8801 8.8733 
12.9008 8.87324 
12.9216 8.8732 
12.9423 8.87318 
12.963 8.87319 
12.9838 8.87322 
13.0046 8.87328 
13.0254 8.87337 
13.0461 8.87347 
13.0669 8.87361 
13.0877 8.87376 
13.1086 8.87394 
13.1294 8.87415 
13.1502 8.87438 
13.1711 8.87463 
13.1919 8.87491 
13.2128 8.87521 
13.2336 8.87554 
13.2545 8.87589 
13.2754 8.87626 
13.2963 8.87666 
13.3172 8.87708 
13.3381 8.87752 
13.3591 8.87799 
13.38 8.87848 
13.4009 8.879 
13.4219 8.87953 
13.4429 8.88009 
13.4639 8.88068 
13.4848 8.88128 
13.5058 8.88191 
13.5269 8.88257 
13.5479 8.88324 
13.5689 8.88394 
13.59 8.88466 
13.611 8.88541 
13.6321 8.88617 
13.6532 8.88696 
13.6742 8.88777 
13.6953 8.88861 
13.7165 8.88946 
13.7376 8.89034 
13.7587 8.89124 
13.7799 8.89216 
13.801 8.89311 
13.8222 8.89408 
13.8434 8.89506 
13.8646 8.89608 
13.8858 8.89711 
13.907 8.89816 
13.9282 8.89924 
13.9495 8.90033 
13.9707 8.90145 
13.992 8.90259 
14.0133 8.90376 
14.0346 8.90494 
14.0559 8.90614 
14.0772 8.90737 
14.0985 8.90862 
14.1199 8.90988 
14.1412 8.91117 
14.1626 8.91248 
14.184 8.91381 
14.2054 8.91516 
14.2268 8.91654 
14.2482 8.91793 
14.2697 8.91935 
14.2911 8.92078 
14.3126 8.92224 
14.3341 8.92371 
14.3556 8.92521 
14.3771 8.92672 
14.3986 8.92826 
14.4202 8.92982 
14.4417 8.9314 
14.4633 8.93299 
14.4849 8.93461 
14.5064 8.93625 
14.5281 8.93791 
14.5497 8.93959 
14.5713 8.94128 
14.593 8.943 
14.6146 8.94474 
14.6363 8.9465 
14.658 8.94827 
14.6797 8.95007 
14.7015 8.95189 
14.7232 8.95372 
14.745 8.95558 
14.7668 8.95745 
14.7885 8.95935 
14.8104 8.96126 
14.8322 8.96319 
14.854 8.96515 
14.8759 8.96712 
14.8977 8.96911 
14.9196 8.97112 
14.9415 8.97314 
14.9634 8.97519 
14.9854 8.97726 
15.0073 8.97934 
15.0293 8.98145 
15.0513 8.98357 
15.0733 8.98571 
15.0953 8.98787 
15.1173 8.99005 
15.1394 8.99225 
15.1614 8.99446 
15.1835 8.9967 
15.2056 8.99895 
15.2277 9.00122 
15.2499 9.00351 
15.272 9.00582 
15.2942 9.00815 
15.3164 9.01049 
15.3386 9.01285 
15.3608 9.01523 
15.3831 9.01763 
15.4053 9.02005 
15.4276 9.02248 
15.4499 9.02493 
15.4722 9.02741 
15.4945 9.02989 
15.5169 9.0324 
15.5392 9.03492 
15.5616 9.03746 
15.584 9.04002 
15.6064 9.0426 
15.6289 9.04519 
15.6513 9.04781 
15.6738 9.05043 
15.6963 9.05308 
15.7188 9.05574 
15.7413 9.05843 
15.7639 9.06112 
15.7864 9.06384 
15.809 9.06657 
15.8316 9.06932 
15.8543 9.07209 
15.8769 9.07488 
15.8996 9.07768 
15.9222 9.0805 
15.945 9.08333 
15.9677 9.08618 
15.9904 9.08905 
16.0132 9.09194 
16.036 9.09484 
16.0588 9.09776 
16.0816 9.1007 
16.1044 9.10365 
16.1273 9.10662 
16.1502 9.10961 
16.1731 9.11261 
16.196 9.11563 
16.2189 9.11866 
16.2419 9.12172 
16.2649 9.12478 
16.2879 9.12787 
16.3109 9.13097 
16.3339 9.13409 
16.357 9.13722 
16.3801 9.14037 
16.4032 9.14354 
16.4263 9.14672 
16.4495 9.14992 
16.4726 9.15313 
16.4958 9.15636 
16.519 9.15961 
16.5423 9.16287 
16.5655 9.16615 
16.5888 9.16944 
16.6121 9.17275 
16.6354 9.17608 
16.6587 9.17942 
16.6821 9.18278 
16.7055 9.18615 
16.7289 9.18954 
16.7523 9.19294 
16.7758 9.19636 
16.7992 9.1998 
16.8227 9.20325 
16.8462 9.20672 
16.8698 9.2102 
16.8933 9.21369 
16.9169 9.21721 
16.9405 9.22073 
16.9641 9.22428 
16.9878 9.22784 
17.0115 9.23141 
17.0352 9.235 
17.0589 9.2386 
17.0826 9.24222 
17.1064 9.24586 
17.1302 9.2495 
17.154 9.25317 
17.1778 9.25685 
17.2017 9.26054 
17.2255 9.26425 
17.2494 9.26798 
17.2734 9.27171 
17.2973 9.27547 
17.3213 9.27924 
17.3453 9.28302 
17.3693 9.28682 
17.3934 9.29063 
17.4174 9.29446 
17.4415 9.2983 
17.4656 9.30216 
17.4898 9.30603 
17.5139 9.30991 
17.5381 9.31381 
17.5623 9.31773 
17.5866 9.32166 
17.6108 9.3256 
17.6351 9.32956 
17.6594 9.33353 
17.6838 9.33752 
17.7081 9.34152 
17.7325 9.34553 
17.7569 9.34956 
17.7814 9.35361 
17.8058 9.35766 
17.8303 9.36174 
17.8548 9.36582 
17.8794 9.36992 
17.9039 9.37404 
17.9285 9.37817 
17.9531 9.38231 
17.9778 9.38646 
18.0024 9.39063 
18.0271 9.39482 
18.0518 9.39902 
18.0766 9.40323 
18.1013 9.40745 
18.1261 9.41169 
18.1509 9.41595 
18.1758 9.42021 
18.2006 9.4245 
18.2255 9.42879 
18.2505 9.4331 
18.2754 9.43742 
18.3004 9.44176 
18.3254 9.4461 
18.3504 9.45047 
18.3755 9.45484 
18.4005 9.45923 
18.4257 9.46364 
18.4508 9.46805 
18.4759 9.47248 
18.5011 9.47693 
18.5264 9.48138 
18.5516 9.48585 
18.5769 9.49034 
18.6022 9.49483 
18.6275 9.49934 
18.6528 9.50387 
18.6782 9.5084 
18.7036 9.51295 
18.7291 9.51752 
18.7545 9.52209 
18.78 9.52668 
18.8055 9.53128 
18.8311 9.5359 
18.8566 9.54053 
18.8822 9.54517 
18.9079 9.54982 
18.9335 9.55449 
18.9592 9.55917 
18.9849 9.56386 
19.0107 9.56857 
19.0364 9.57329 
19.0622 9.57802 
19.0881 9.58276 
19.1139 9.58752 
19.1398 9.59229 
19.1657 9.59707 
19.1917 9.60187 
19.2176 9.60668 
19.2436 9.6115 
19.2696 9.61633 
19.2957 9.62118 
19.3218 9.62604 
19.3479 9.63091 
19.3741 9.63579 
19.4002 9.64069 
19.4264 9.6456 
19.4527 9.65052 
19.4789 9.65545 
19.5052 9.6604 
19.5315 9.66536 
19.5579 9.67033 
19.5843 9.67531 
19.6107 9.68031 
19.6371 9.68532 
19.6636 9.69034 
19.6901 9.69537 
19.7166 9.70042 
19.7432 9.70548 
19.7698 9.71055 
19.7964 9.71563 
19.8231 9.72072 
19.8498 9.72583 
19.8765 9.73095 
19.9032 9.73608 
19.93 9.74122 
19.9568 9.74638 
19.9837 9.75154 
20.0105 9.75672 
20.0374 9.76191 
20.0644 9.76712 
20.0913 9.77233 
20.1183 9.77756 
20.1453 9.7828 
20.1724 9.78805 
20.1995 9.79331 
20.2266 9.79859 
20.2538 9.80387 
20.2809 9.80917 
20.3082 9.81448 
20.3354 9.8198 
20.3627 9.82514 
20.39 9.83048 
20.4173 9.83584 
20.4447 9.84121 
20.4721 9.84659 
20.4996 9.85198 
20.527 9.85739 
20.5545 9.8628 
20.5821 9.86823 
20.6096 9.87367 
20.6372 9.87912 
20.6649 9.88458 
20.6925 9.89006 
20.7202 9.89554 
20.748 9.90104 
20.7757 9.90655 
20.8035 9.91207 
20.8314 9.9176 
20.8592 9.92314 
20.8871 9.9287 
20.9151 9.93426 
20.943 9.93984 
20.971 9.94543 
20.9991 9.95103 
21.0271 9.95664 
21.0552 9.96226 
21.0834 9.9679 
21.1115 9.97354 
21.1397 9.9792 
21.168 9.98486 
21.1962 9.99054 
21.2245 9.99623 
21.2529 10.0019 
21.2812 10.0076 
21.3097 10.0134 
21.3381 10.0191 
21.3666 10.0249 
21.3951 10.0306 
21.4236 10.0364 
21.4522 10.0422 
21.4808 10.0479 
21.5095 10.0537 
21.5381 10.0596 
21.5669 10.0654 
21.5956 10.0712 
21.6244 10.0771 
21.6532 10.0829 
21.6821 10.0888 
21.711 10.0947 
21.7399 10.1006 
21.7689 10.1065 
21.7979 10.1124 
21.8269 10.1183 
21.856 10.1242 
21.8851 10.1302 
21.9142 10.1361 
21.9434 10.1421 
21.9726 10.1481 
22.0019 10.1541 
22.0312 10.1601 
22.0605 10.1661 
22.0898 10.1721 
22.1192 10.1781 
22.1487 10.1842 
22.1781 10.1902 
22.2076 10.1963 
22.2372 10.2023 
22.2668 10.2084 
22.2964 10.2145 
22.326 10.2206 
22.3557 10.2267 
22.3854 10.2329 
22.4152 10.239 
22.445 10.2451 
22.4749 10.2513 
22.5047 10.2575 
22.5346 10.2637 
22.5646 10.2698 
22.5946 10.276 
22.6246 10.2823 
22.6547 10.2885 
22.6848 10.2947 
22.7149 10.301 
22.7451 10.3072 
22.7753 10.3135 
22.8055 10.3197 
22.8358 10.326 
22.8662 10.3323 
22.8965 10.3386 
22.9269 10.3449 
22.9574 10.3513 
22.9879 10.3576 
23.0184 10.3639 
23.0489 10.3703 
23.0795 10.3767 
23.1102 10.383 
23.1408 10.3894 
23.1716 10.3958 
23.2023 10.4022 
23.2331 10.4087 
23.2639 10.4151 
23.2948 10.4215 
23.3257 10.428 
23.3567 10.4344 
23.3877 10.4409 
23.4187 10.4474 
23.4497 10.4539 
23.4809 10.4604 
23.512 10.4669 
23.5432 10.4734 
23.5744 10.4799 
23.6057 10.4865 
23.637 10.493 
23.6683 10.4996 
23.6997 10.5062 
23.7312 10.5127 
23.7626 10.5193 
23.7941 10.5259 
23.8257 10.5325 
23.8573 10.5392 
23.8889 10.5458 
23.9206 10.5524 
23.9523 10.5591 
23.984 10.5657 
24.0158 10.5724 
24.0477 10.5791 
24.0795 10.5858 
24.1114 10.5925 
24.1434 10.5992 
24.1754 10.6059 
24.2074 10.6126 
24.2395 10.6194 
24.2717 10.6261 
24.3038 10.6329 
24.336 10.6397 
24.3683 10.6464 
24.4006 10.6532 
24.4329 10.66 
24.4653 10.6668 
24.4977 10.6737 
24.5301 10.6805 
24.5626 10.6873 
24.5952 10.6942 
24.6278 10.701 
24.6604 10.7079 
24.6931 10.7148 
24.7258 10.7217 
24.7585 10.7286 
24.7913 10.7355 
24.8242 10.7424 
24.8571 10.7493 
24.89 10.7562 
24.923 10.7632 
24.956 10.7701 
24.989 10.7771 
25.0221 10.7841 
25.0553 10.7911 
25.0885 10.7981 
25.1217 10.8051 
25.155 10.8121 
25.1883 10.8191 
25.2217 10.8261 
25.2551 10.8332 
25.2885 10.8402 
25.322 10.8473 
25.3556 10.8543 
25.3891 10.8614 
25.4228 10.8685 
25.4564 10.8756 
25.4902 10.8827 
25.5239 10.8898 
25.5577 10.897 
25.5916 10.9041 
25.6255 10.9113 
25.6594 10.9184 
25.6934 10.9256 
25.7274 10.9328 
25.7615 10.9399 
25.7956 10.9471 
25.8298 10.9543 
25.864 10.9615 
25.8983 10.9688 
25.9326 10.976 
25.9669 10.9832 
26.0013 10.9905 
26.0357 10.9978 
26.0702 11.005 
26.1048 11.0123 
26.1393 11.0196 
26.174 11.0269 
26.2086 11.0342 
26.2433 11.0415 
26.2781 11.0488 
26.3129 11.0562 
26.3478 11.0635 
26.3827 11.0709 
26.4176 11.0782 
26.4526 11.0856 
26.4876 11.093 
26.5227 11.1004 
26.5579 11.1078 
26.593 11.1152 
26.6283 11.1226 
26.6636 11.13 
26.6989 11.1375 
26.7342 11.1449 
26.7697 11.1524 
26.8051 11.1598 
26.8406 11.1673 
26.8762 11.1748 
26.9118 11.1823 
26.9475 11.1898 
26.9832 11.1973 
27.0189 11.2048 
27.0547 11.2124 
27.0906 11.2199 
27.1265 11.2274 
27.1624 11.235 
27.1984 11.2426 
27.2345 11.2501 
27.2706 11.2577 
27.3067 11.2653 
27.3429 11.2729 
27.3791 11.2805 
27.4154 11.2882 
27.4517 11.2958 
27.4881 11.3034 
27.5246 11.3111 
27.561 11.3187 
27.5976 11.3264 
27.6342 11.3341 
27.6708 11.3418 
27.7075 11.3495 
27.7442 11.3572 
27.781 11.3649 
27.8178 11.3726 
27.8547 11.3803 
27.8916 11.3881 
27.9286 11.3958 
27.9656 11.4036 
28.0027 11.4113 
28.0399 11.4191 
28.077 11.4269 
28.1143 11.4347 
28.1516 11.4425 
28.1889 11.4503 
28.2263 11.4581 
28.2637 11.466 
28.3012 11.4738 
28.3387 11.4817 
28.3763 11.4895 
28.414 11.4974 
28.4517 11.5053 
28.4894 11.5131 
28.5272 11.521 
28.5651 11.5289 
28.603 11.5368 
28.6409 11.5448 
28.6789 11.5527 
28.717 11.5606 
28.7551 11.5686 
28.7932 11.5765 
28.8314 11.5845 
28.8697 11.5925 
28.908 11.6005 
28.9464 11.6085 
28.9848 11.6165 
29.0233 11.6245 
29.0618 11.6325 
29.1004 11.6405 
29.139 11.6486 
29.1777 11.6566 
29.2164 11.6647 
29.2552 11.6727 
29.2941 11.6808 
29.333 11.6889 
29.3719 11.697 
29.4109 11.7051 
29.45 11.7132 
29.4891 11.7213 
29.5283 11.7294 
29.5675 11.7376 
29.6068 11.7457 
29.6461 11.7538 
29.6855 11.762 
29.7249 11.7702 
29.7644 11.7784 
29.8039 11.7865 
29.8435 11.7947 
29.8832 11.803 
29.9229 11.8112 
29.9627 11.8194 
30.0025 11.8276 
30.0424 11.8359 
30.0823 11.8441 
30.1223 11.8524 
30.1623 11.8606 
30.2024 11.8689 
30.2426 11.8772 
30.2828 11.8855 
30.323 11.8938 
30.3634 11.9021 
30.4037 11.9104 
30.4442 11.9188 
30.4846 11.9271 
30.5252 11.9355 
30.5658 11.9438 
30.6064 11.9522 
30.6471 11.9605 
30.6879 11.9689 
30.7287 11.9773 
30.7696 11.9857 
30.8106 11.9941 
30.8516 12.0026 
30.8926 12.011 
30.9337 12.0194 
30.9749 12.0279 
31.0161 12.0363 
31.0574 12.0448 
31.0987 12.0532 
31.1401 12.0617 
31.1816 12.0702 
31.2231 12.0787 
31.2646 12.0872 
31.3063 12.0957 
31.3479 12.1043 
31.3897 12.1128 
31.4315 12.1213 
31.4733 12.1299 
31.5153 12.1384 
31.5572 12.147 
31.5993 12.1556 
31.6414 12.1642 
31.6835 12.1728 
31.7257 12.1814 
31.768 12.19 
31.8103 12.1986 
31.8527 12.2072 
31.8952 12.2159 
31.9377 12.2245 
31.9802 12.2332 
32.0228 12.2418 
32.0655 12.2505 
32.1083 12.2592 
32.1511 12.2679 
32.1939 12.2766 
32.2369 12.2853 
32.2798 12.294 
32.3229 12.3027 
32.366 12.3114 
32.4092 12.3202 
32.4524 12.3289 
32.4957 12.3377 
32.539 12.3465 
32.5824 12.3552 
32.6259 12.364 
32.6694 12.3728 
32.713 12.3816 
32.7567 12.3904 
32.8004 12.3993 
32.8441 12.4081 
32.888 12.4169 
32.9319 12.4258 
32.9758 12.4346 
33.0199 12.4435 
33.0639 12.4524 
33.1081 12.4613 
33.1523 12.4701 
33.1966 12.479 
33.2409 12.4879 
33.2853 12.4969 
33.3297 12.5058 
33.3742 12.5147 
33.4188 12.5237 
33.4635 12.5326 
33.5082 12.5416 
33.5529 12.5506 
33.5978 12.5595 
33.6427 12.5685 
33.6876 12.5775 
33.7327 12.5865 
33.7777 12.5955 
33.8229 12.6045 
33.8681 12.6136 
33.9134 12.6226 
33.9587 12.6317 
34.0041 12.6407 
34.0496 12.6498 
34.0951 12.6589 
34.1407 12.6679 
34.1864 12.677 
34.2321 12.6861 
34.2779 12.6952 
34.3238 12.7044 
34.3697 12.7135 
34.4157 12.7226 
34.4617 12.7318 
34.5078 12.7409 
34.554 12.7501 
34.6003 12.7593 
34.6466 12.7684 
34.6929 12.7776 
34.7394 12.7868 
34.7859 12.796 
34.8325 12.8052 
34.8791 12.8145 
34.9258 12.8237 
34.9726 12.8329 
35.0194 12.8422 
35.0663 12.8514 
35.1133 12.8607 
35.1603 12.87 
35.2075 12.8793 
35.2546 12.8885 
35.3019 12.8978 
35.3492 12.9072 
35.3965 12.9165 
35.444 12.9258 
35.4915 12.9351 
35.5391 12.9445 
35.5867 12.9538 
35.6344 12.9632 
35.6822 12.9726 
35.73 12.9819 
35.778 12.9913 
35.8259 13.0007 
35.874 13.0101 
35.9221 13.0195 
35.9703 13.029 
