9.8 10 
9.82372 9.99201 
9.84742 9.98409 
9.8711 9.97622 
9.89475 9.96841 
9.91839 9.96066 
9.942 9.95297 
9.96559 9.94534 
9.98916 9.93777 
10.0127 9.93025 
10.0362 9.9228 
10.0598 9.9154 
10.0832 9.90806 
10.1067 9.90077 
10.1302 9.89355 
10.1536 9.88637 
10.177 9.87926 
10.2004 9.8722 
10.2238 9.8652 
10.2471 9.85825 
10.2705 9.85136 
10.2938 9.84452 
10.3171 9.83774 
10.3404 9.83101 
10.3637 9.82434 
10.3869 9.81772 
10.4102 9.81115 
10.4334 9.80464 
10.4566 9.79818 
10.4798 9.79177 
10.503 9.78542 
10.5261 9.77912 
10.5493 9.77287 
10.5724 9.76667 
10.5955 9.76053 
10.6186 9.75443 
10.6417 9.74839 
10.6648 9.7424 
10.6878 9.73646 
10.7109 9.73057 
10.7339 9.72473 
10.7569 9.71894 
10.7799 9.7132 
10.8029 9.70751 
10.8259 9.70187 
10.8489 9.69628 
10.8718 9.69074 
10.8948 9.68525 
10.9177 9.67981 
10.9406 9.67441 
10.9635 9.66906 
10.9864 9.66376 
11.0093 9.65851 
11.0322 9.65331 
11.055 9.64815 
11.0779 9.64304 
11.1007 9.63798 
11.1236 9.63296 
11.1464 9.628 
11.1692 9.62307 
11.192 9.6182 
11.2148 9.61337 
11.2376 9.60858 
11.2603 9.60384 
11.2831 9.59915 
11.3059 9.5945 
11.3286 9.5899 
11.3513 9.58534 
11.3741 9.58082 
11.3968 9.57635 
11.4195 9.57193 
11.4422 9.56755 
11.4649 9.56321 
11.4876 9.55892 
11.5103 9.55467 
11.533 9.55046 
11.5556 9.5463 
11.5783 9.54217 
11.601 9.5381 
11.6236 9.53406 
11.6463 9.53007 
11.6689 9.52612 
11.6915 9.52221 
11.7142 9.51834 
11.7368 9.51452 
11.7594 9.51073 
11.782 9.50699 
11.8046 9.50329 
11.8272 9.49963 
11.8498 9.49601 
11.8724 9.49244 
11.895 9.4889 
11.9176 9.4854 
11.9402 9.48194 
11.9627 9.47853 
11.9853 9.47515 
12.0079 9.47181 
12.0305 9.46852 
12.053 9.46526 
12.0756 9.46204 
12.0981 9.45886 
12.1207 9.45572 
12.1432 9.45262 
12.1658 9.44956 
12.1883 9.44653 
12.2109 9.44355 
12.2334 9.4406 
12.256 9.43769 
12.2785 9.43482 
12.301 9.43198 
12.3236 9.42919 
12.3461 9.42643 
12.3686 9.42371 
12.3912 9.42102 
12.4137 9.41837 
12.4362 9.41576 
12.4587 9.41319 
12.4813 9.41065 
12.5038 9.40815 
12.5263 9.40569 
12.5488 9.40326 
12.5714 9.40087 
12.5939 9.39851 
12.6164 9.39619 
12.6389 9.39391 
12.6615 9.39166 
12.684 9.38944 
12.7065 9.38726 
12.7291 9.38512 
12.7516 9.38301 
12.7741 9.38094 
12.7967 9.3789 
12.8192 9.3769 
12.8417 9.37493 
12.8643 9.37299 
12.8868 9.37109 
12.9094 9.36922 
12.9319 9.36739 
12.9545 9.36559 
12.977 9.36383 
12.9996 9.36209 
13.0221 9.36039 
13.0447 9.35873 
13.0672 9.3571 
13.0898 9.3555 
13.1124 9.35393 
13.1349 9.3524 
13.1575 9.3509 
13.1801 9.34943 
13.2027 9.348 
13.2252 9.34659 
13.2478 9.34522 
13.2704 9.34388 
13.293 9.34258 
13.3156 9.3413 
13.3382 9.34006 
13.3608 9.33885 
13.3834 9.33767 
13.4061 9.33652 
13.4287 9.33541 
13.4513 9.33432 
13.474 9.33327 
13.4966 9.33224 
13.5192 9.33125 
13.5419 9.33029 
13.5645 9.32936 
13.5872 9.32846 
13.6099 9.32759 
13.6325 9.32675 
13.6552 9.32594 
13.6779 9.32516 
13.7006 9.32441 
13.7233 9.32369 
13.746 9.323 
13.7687 9.32234 
13.7914 9.32171 
13.8142 9.32111 
13.8369 9.32054 
13.8596 9.32 
13.8824 9.31949 
13.9051 9.31901 
13.9279 9.31855 
13.9507 9.31813 
13.9734 9.31773 
13.9962 9.31736 
14.019 9.31702 
14.0418 9.31671 
14.0646 9.31643 
14.0874 9.31618 
14.1103 9.31595 
14.1331 9.31576 
14.1559 9.31559 
14.1788 9.31545 
14.2016 9.31533 
14.2245 9.31525 
14.2474 9.31519 
14.2703 9.31516 
14.2932 9.31516 
14.3161 9.31518 
14.339 9.31523 
14.3619 9.31531 
14.3848 9.31542 
14.4078 9.31555 
14.4307 9.31571 
14.4537 9.3159 
14.4767 9.31611 
14.4996 9.31636 
14.5226 9.31662 
14.5456 9.31692 
14.5687 9.31724 
14.5917 9.31758 
14.6147 9.31796 
14.6378 9.31836 
14.6608 9.31878 
14.6839 9.31923 
14.707 9.31971 
14.73 9.32021 
14.7531 9.32074 
14.7763 9.3213 
14.7994 9.32188 
14.8225 9.32248 
14.8457 9.32312 
14.8688 9.32377 
14.892 9.32445 
14.9152 9.32516 
14.9384 9.32589 
14.9616 9.32665 
14.9848 9.32743 
15.008 9.32824 
15.0313 9.32907 
15.0545 9.32993 
15.0778 9.33081 
15.1011 9.33172 
15.1243 9.33265 
15.1477 9.3336 
15.171 9.33458 
15.1943 9.33559 
15.2176 9.33661 
15.241 9.33766 
15.2644 9.33874 
15.2878 9.33984 
15.3112 9.34096 
15.3346 9.34211 
15.358 9.34328 
15.3814 9.34448 
15.4049 9.3457 
15.4284 9.34694 
15.4518 9.34821 
15.4753 9.34949 
15.4988 9.35081 
15.5224 9.35214 
15.5459 9.3535 
15.5695 9.35488 
15.593 9.35629 
15.6166 9.35772 
15.6402 9.35917 
15.6638 9.36064 
15.6875 9.36214 
15.7111 9.36366 
15.7348 9.3652 
15.7584 9.36676 
15.7821 9.36835 
15.8058 9.36996 
15.8296 9.37159 
15.8533 9.37325 
15.877 9.37492 
15.9008 9.37662 
15.9246 9.37834 
15.9484 9.38008 
15.9722 9.38185 
15.996 9.38363 
16.0199 9.38544 
16.0438 9.38727 
16.0676 9.38912 
16.0915 9.391 
16.1155 9.39289 
16.1394 9.39481 
16.1633 9.39675 
16.1873 9.39871 
16.2113 9.40069 
16.2353 9.40269 
16.2593 9.40471 
16.2833 9.40676 
16.3074 9.40882 
16.3315 9.41091 
16.3555 9.41302 
16.3797 9.41515 
16.4038 9.4173 
16.4279 9.41947 
16.4521 9.42166 
16.4763 9.42387 
16.5004 9.4261 
16.5247 9.42836 
16.5489 9.43063 
16.5731 9.43292 
16.5974 9.43524 
16.6217 9.43757 
16.646 9.43993 
16.6703 9.4423 
16.6947 9.4447 
16.719 9.44711 
16.7434 9.44955 
16.7678 9.45201 
16.7922 9.45448 
16.8167 9.45698 
16.8411 9.45949 
16.8656 9.46203 
16.8901 9.46458 
16.9146 9.46716 
16.9391 9.46975 
16.9637 9.47237 
16.9883 9.475 
17.0129 9.47765 
17.0375 9.48033 
17.0621 9.48302 
17.0868 9.48573 
17.1114 9.48846 
17.1361 9.49121 
17.1609 9.49398 
17.1856 9.49676 
17.2104 9.49957 
17.2351 9.5024 
17.2599 9.50524 
17.2848 9.50811 
17.3096 9.51099 
17.3345 9.51389 
17.3593 9.51681 
17.3842 9.51975 
17.4092 9.52271 
17.4341 9.52568 
17.4591 9.52868 
17.4841 9.53169 
17.5091 9.53472 
17.5341 9.53777 
17.5592 9.54084 
17.5842 9.54393 
17.6093 9.54703 
17.6345 9.55016 
17.6596 9.5533 
17.6848 9.55646 
17.71 9.55964 
17.7352 9.56283 
17.7604 9.56604 
17.7856 9.56928 
17.8109 9.57253 
17.8362 9.57579 
17.8615 9.57908 
17.8869 9.58238 
17.9123 9.5857 
17.9376 9.58904 
17.9631 9.5924 
17.9885 9.59577 
18.014 9.59916 
18.0394 9.60257 
18.0649 9.606 
18.0905 9.60944 
18.116 9.6129 
18.1416 9.61638 
18.1672 9.61988 
18.1928 9.62339 
18.2185 9.62692 
18.2442 9.63047 
18.2698 9.63403 
18.2956 9.63761 
18.3213 9.64121 
18.3471 9.64483 
18.3729 9.64846 
18.3987 9.65211 
18.4245 9.65578 
18.4504 9.65946 
18.4763 9.66316 
18.5022 9.66688 
18.5282 9.67061 
18.5541 9.67436 
18.5801 9.67813 
18.6061 9.68191 
18.6322 9.68571 
18.6582 9.68953 
18.6843 9.69336 
18.7104 9.69721 
18.7366 9.70107 
18.7628 9.70496 
18.789 9.70885 
18.8152 9.71277 
18.8414 9.7167 
18.8677 9.72065 
18.894 9.72461 
18.9203 9.72859 
18.9467 9.73258 
18.973 9.7366 
18.9994 9.74062 
19.0259 9.74467 
19.0523 9.74873 
19.0788 9.7528 
19.1053 9.75689 
19.1318 9.761 
19.1584 9.76512 
19.185 9.76926 
19.2116 9.77341 
19.2383 9.77758 
19.2649 9.78177 
19.2916 9.78597 
19.3183 9.79019 
19.3451 9.79442 
19.3719 9.79867 
19.3987 9.80293 
19.4255 9.80721 
19.4524 9.8115 
19.4793 9.81581 
19.5062 9.82014 
19.5331 9.82448 
19.5601 9.82883 
19.5871 9.8332 
19.6141 9.83759 
19.6412 9.84199 
19.6683 9.84641 
19.6954 9.85084 
19.7225 9.85528 
19.7497 9.85974 
19.7769 9.86422 
19.8041 9.86871 
19.8314 9.87322 
19.8587 9.87774 
19.886 9.88227 
19.9133 9.88682 
19.9407 9.89139 
19.9681 9.89597 
19.9955 9.90056 
20.023 9.90517 
20.0505 9.9098 
20.078 9.91444 
20.1055 9.91909 
20.1331 9.92376 
20.1607 9.92844 
20.1883 9.93314 
20.216 9.93785 
20.2437 9.94258 
20.2714 9.94732 
20.2992 9.95207 
20.327 9.95684 
20.3548 9.96163 
20.3826 9.96642 
20.4105 9.97124 
20.4384 9.97606 
20.4664 9.9809 
20.4943 9.98576 
20.5223 9.99063 
20.5504 9.99551 
20.5784 10.0004 
20.6065 10.0053 
20.6346 10.0102 
20.6628 10.0152 
20.691 10.0201 
20.7192 10.0251 
20.7474 10.0301 
20.7757 10.0351 
20.804 10.0401 
20.8324 10.0451 
20.8607 10.0502 
20.8892 10.0552 
20.9176 10.0603 
20.9461 10.0653 
20.9746 10.0704 
21.0031 10.0755 
21.0317 10.0807 
21.0603 10.0858 
21.0889 10.0909 
21.1175 10.0961 
21.1462 10.1013 
21.175 10.1065 
21.2037 10.1117 
21.2325 10.1169 
21.2613 10.1221 
21.2902 10.1273 
21.3191 10.1326 
21.348 10.1379 
21.377 10.1431 
21.406 10.1484 
21.435 10.1537 
21.464 10.1591 
21.4931 10.1644 
21.5223 10.1698 
21.5514 10.1751 
21.5806 10.1805 
21.6098 10.1859 
21.6391 10.1913 
21.6684 10.1967 
21.6977 10.2021 
21.7271 10.2075 
21.7564 10.213 
21.7859 10.2185 
21.8153 10.2239 
21.8448 10.2294 
21.8744 10.2349 
21.9039 10.2405 
21.9335 10.246 
21.9632 10.2515 
21.9928 10.2571 
22.0225 10.2627 
22.0523 10.2682 
22.082 10.2738 
22.1118 10.2794 
22.1417 10.2851 
22.1716 10.2907 
22.2015 10.2963 
22.2314 10.302 
22.2614 10.3077 
22.2914 10.3133 
22.3215 10.319 
22.3516 10.3247 
22.3817 10.3305 
22.4119 10.3362 
22.4421 10.3419 
22.4723 10.3477 
22.5026 10.3535 
22.5329 10.3592 
22.5632 10.365 
22.5936 10.3709 
22.624 10.3767 
22.6545 10.3825 
22.685 10.3883 
22.7155 10.3942 
22.746 10.4001 
22.7766 10.406 
22.8073 10.4118 
22.8379 10.4178 
22.8687 10.4237 
22.8994 10.4296 
22.9302 10.4355 
22.961 10.4415 
22.9919 10.4475 
23.0228 10.4534 
23.0537 10.4594 
23.0847 10.4654 
23.1157 10.4714 
23.1467 10.4775 
23.1778 10.4835 
23.2089 10.4896 
23.2401 10.4956 
23.2713 10.5017 
23.3025 10.5078 
23.3338 10.5139 
23.3651 10.52 
23.3964 10.5261 
23.4278 10.5323 
23.4593 10.5384 
23.4907 10.5446 
23.5222 10.5507 
23.5538 10.5569 
23.5853 10.5631 
23.617 10.5693 
23.6486 10.5755 
23.6803 10.5817 
23.7121 10.588 
23.7438 10.5942 
23.7757 10.6005 
23.8075 10.6068 
23.8394 10.6131 
23.8713 10.6194 
23.9033 10.6257 
23.9353 10.632 
23.9674 10.6383 
23.9995 10.6447 
24.0316 10.651 
24.0638 10.6574 
24.096 10.6638 
24.1283 10.6702 
24.1605 10.6766 
24.1929 10.683 
24.2253 10.6894 
24.2577 10.6958 
24.2901 10.7023 
24.3226 10.7087 
24.3552 10.7152 
24.3877 10.7217 
24.4204 10.7282 
24.453 10.7347 
24.4857 10.7412 
24.5185 10.7477 
24.5512 10.7543 
24.5841 10.7608 
24.6169 10.7674 
24.6499 10.7739 
24.6828 10.7805 
24.7158 10.7871 
24.7488 10.7937 
24.7819 10.8003 
24.815 10.807 
24.8482 10.8136 
24.8814 10.8202 
24.9146 10.8269 
24.9479 10.8336 
24.9812 10.8403 
25.0146 10.847 
25.048 10.8537 
25.0815 10.8604 
25.115 10.8671 
25.1485 10.8738 
25.1821 10.8806 
25.2157 10.8873 
25.2494 10.8941 
25.2831 10.9009 
25.3169 10.9077 
25.3507 10.9145 
25.3845 10.9213 
25.4184 10.9281 
25.4523 10.935 
25.4863 10.9418 
25.5203 10.9487 
25.5544 10.9555 
25.5885 10.9624 
25.6226 10.9693 
25.6568 10.9762 
25.6911 10.9831 
25.7253 10.99 
25.7597 10.997 
25.794 11.0039 
25.8284 11.0109 
25.8629 11.0178 
25.8974 11.0248 
25.9319 11.0318 
25.9665 11.0388 
26.0012 11.0458 
26.0359 11.0528 
26.0706 11.0598 
26.1054 11.0669 
26.1402 11.0739 
26.175 11.081 
26.2099 11.088 
26.2449 11.0951 
26.2799 11.1022 
26.3149 11.1093 
26.35 11.1164 
26.3852 11.1235 
26.4203 11.1307 
26.4556 11.1378 
26.4909 11.145 
26.5262 11.1521 
26.5615 11.1593 
26.5969 11.1665 
26.6324 11.1737 
26.6679 11.1809 
26.7035 11.1881 
26.7391 11.1954 
26.7747 11.2026 
26.8104 11.2098 
26.8461 11.2171 
26.8819 11.2244 
26.9178 11.2316 
26.9536 11.2389 
26.9896 11.2462 
27.0255 11.2535 
27.0616 11.2609 
27.0976 11.2682 
27.1337 11.2755 
27.1699 11.2829 
27.2061 11.2902 
27.2424 11.2976 
27.2787 11.305 
27.3151 11.3124 
27.3515 11.3198 
27.3879 11.3272 
27.4244 11.3346 
27.461 11.3421 
27.4976 11.3495 
27.5342 11.3569 
27.5709 11.3644 
27.6076 11.3719 
27.6444 11.3794 
27.6813 11.3869 
27.7182 11.3944 
27.7551 11.4019 
27.7921 11.4094 
27.8291 11.4169 
27.8662 11.4245 
27.9034 11.432 
27.9405 11.4396 
27.9778 11.4472 
28.0151 11.4547 
28.0524 11.4623 
28.0898 11.4699 
28.1272 11.4776 
28.1647 11.4852 
28.2022 11.4928 
28.2398 11.5005 
28.2775 11.5081 
28.3151 11.5158 
28.3529 11.5234 
28.3907 11.5311 
28.4285 11.5388 
28.4664 11.5465 
28.5043 11.5542 
28.5423 11.562 
28.5804 11.5697 
28.6185 11.5774 
28.6566 11.5852 
28.6948 11.593 
28.7331 11.6007 
28.7713 11.6085 
28.8097 11.6163 
28.8481 11.6241 
28.8866 11.6319 
28.9251 11.6397 
28.9636 11.6476 
29.0022 11.6554 
29.0409 11.6633 
29.0796 11.6711 
29.1184 11.679 
29.1572 11.6869 
29.1961 11.6948 
29.235 11.7027 
29.274 11.7106 
29.313 11.7185 
29.3521 11.7264 
29.3912 11.7343 
29.4304 11.7423 
29.4696 11.7503 
29.5089 11.7582 
29.5483 11.7662 
29.5877 11.7742 
29.6271 11.7822 
29.6666 11.7902 
29.7062 11.7982 
29.7458 11.8062 
29.7855 11.8143 
29.8252 11.8223 
29.865 11.8304 
29.9048 11.8384 
29.9447 11.8465 
29.9846 11.8546 
30.0246 11.8627 
30.0647 11.8708 
30.1048 11.8789 
30.1449 11.887 
30.1852 11.8951 
30.2254 11.9033 
30.2657 11.9114 
30.3061 11.9196 
30.3466 11.9278 
30.387 11.9359 
30.4276 11.9441 
30.4682 11.9523 
30.5088 11.9605 
30.5496 11.9688 
30.5903 11.977 
30.6311 11.9852 
30.672 11.9935 
30.713 12.0017 
30.7539 12.01 
30.795 12.0183 
30.8361 12.0265 
30.8773 12.0348 
30.9185 12.0431 
30.9597 12.0515 
31.0011 12.0598 
31.0425 12.0681 
31.0839 12.0765 
31.1254 12.0848 
31.167 12.0932 
31.2086 12.1015 
31.2502 12.1099 
31.292 12.1183 
31.3338 12.1267 
31.3756 12.1351 
31.4175 12.1435 
31.4595 12.1519 
31.5015 12.1604 
31.5436 12.1688 
31.5857 12.1773 
31.6279 12.1857 
31.6701 12.1942 
31.7124 12.2027 
31.7548 12.2112 
31.7972 12.2197 
31.8397 12.2282 
31.8823 12.2367 
31.9249 12.2452 
31.9675 12.2538 
32.0102 12.2623 
32.053 12.2709 
32.0959 12.2795 
32.1388 12.288 
32.1817 12.2966 
32.2247 12.3052 
32.2678 12.3138 
32.3109 12.3224 
32.3541 12.3311 
32.3974 12.3397 
32.4407 12.3483 
32.4841 12.357 
32.5275 12.3656 
32.571 12.3743 
32.6146 12.383 
32.6582 12.3917 
32.7019 12.4004 
32.7456 12.4091 
32.7894 12.4178 
32.8333 12.4265 
32.8772 12.4353 
32.9212 12.444 
32.9652 12.4527 
33.0093 12.4615 
33.0535 12.4703 
33.0977 12.4791 
33.142 12.4879 
33.1864 12.4967 
33.2308 12.5055 
33.2753 12.5143 
33.3198 12.5231 
33.3644 12.5319 
33.4091 12.5408 
33.4538 12.5496 
33.4986 12.5585 
33.5434 12.5674 
33.5883 12.5763 
33.6333 12.5852 
33.6784 12.5941 
33.7235 12.603 
33.7686 12.6119 
33.8138 12.6208 
33.8591 12.6297 
33.9045 12.6387 
33.9499 12.6477 
33.9954 12.6566 
34.0409 12.6656 
34.0865 12.6746 
34.1322 12.6836 
34.178 12.6926 
34.2238 12.7016 
34.2696 12.7106 
34.3156 12.7196 
34.3615 12.7287 
34.4076 12.7377 
34.4537 12.7468 
34.4999 12.7558 
34.5462 12.7649 
34.5925 12.774 
34.6389 12.7831 
34.6853 12.7922 
34.7318 12.8013 
34.7784 12.8104 
34.8251 12.8196 
34.8718 12.8287 
34.9185 12.8379 
34.9654 12.847 
35.0123 12.8562 
35.0593 12.8654 
35.1063 12.8745 
35.1534 12.8837 
35.2006 12.8929 
35.2478 12.9022 
35.2951 12.9114 
35.3425 12.9206 
35.39 12.9299 
35.4375 12.9391 
35.485 12.9484 
35.5327 12.9576 
35.5804 12.9669 
35.6282 12.9762 
35.676 12.9855 
35.7239 12.9948 
35.7719 13.0041 
35.8199 13.0134 
35.868 13.0228 
35.9162 13.0321 
35.9645 13.0415 
36.0128 13.0508 
36.0612 13.0602 
36.1096 13.0696 
36.1582 13.079 
36.2068 13.0884 
36.2554 13.0978 
36.3041 13.1072 
36.3529 13.1166 
36.4018 13.126 
36.4507 13.1355 
36.4998 13.1449 
36.5488 13.1544 
36.598 13.1639 
36.6472 13.1733 
36.6965 13.1828 
36.7458 13.1923 
36.7953 13.2018 
36.8448 13.2113 
36.8943 13.2209 
36.944 13.2304 
36.9937 13.2399 
37.0434 13.2495 
37.0933 13.2591 
37.1432 13.2686 
37.1932 13.2782 
37.2433 13.2878 
37.2934 13.2974 
37.3436 13.307 
37.3939 13.3166 
37.4442 13.3262 
37.4946 13.3359 
37.5451 13.3455 
37.5957 13.3552 
37.6463 13.3648 
37.697 13.3745 
37.7478 13.3842 
37.7986 13.3939 
37.8496 13.4036 
37.9006 13.4133 
37.9516 13.423 
38.0028 13.4327 
38.054 13.4424 
38.1053 13.4522 
38.1566 13.4619 
38.2081 13.4717 
38.2596 13.4815 
38.3111 13.4913 
38.3628 13.501 
38.4145 13.5108 
38.4663 13.5207 
38.5182 13.5305 
38.5701 13.5403 
38.6222 13.5501 
38.6743 13.56 
38.7264 13.5698 
38.7787 13.5797 
38.831 13.5896 
38.8834 13.5994 
38.9359 13.6093 
38.9884 13.6192 
39.041 13.6291 
39.0937 13.6391 
39.1465 13.649 
39.1993 13.6589 
39.2523 13.6689 
39.3053 13.6788 
39.3583 13.6888 
39.4115 13.6988 
39.4647 13.7087 
39.518 13.7187 
39.5714 13.7287 
39.6248 13.7387 
39.6784 13.7488 
39.732 13.7588 
39.7857 13.7688 
39.8394 13.7789 
39.8933 13.7889 
39.9472 13.799 
40.0012 13.8091 
40.0552 13.8191 
40.1094 13.8292 
40.1636 13.8393 
40.2179 13.8494 
40.2723 13.8596 
40.3267 13.8697 
40.3813 13.8798 
40.4359 13.89 
40.4906 13.9001 
40.5454 13.9103 
40.6002 13.9205 
40.6551 13.9307 
40.7102 13.9409 
40.7652 13.9511 
40.8204 13.9613 
40.8757 13.9715 
40.931 13.9817 
40.9864 13.992 
41.0419 14.0022 
41.0974 14.0125 
41.1531 14.0227 
41.2088 14.033 
41.2646 14.0433 
41.3205 14.0536 
41.3765 14.0639 
41.4325 14.0742 
41.4886 14.0845 
41.5448 14.0949 
41.6011 14.1052 
41.6575 14.1155 
41.7139 14.1259 
41.7705 14.1363 
41.8271 14.1466 
41.8838 14.157 
41.9406 14.1674 
41.9974 14.1778 
42.0544 14.1882 
42.1114 14.1987 
42.1685 14.2091 
42.2257 14.2195 
42.2829 14.23 
42.3403 14.2405 
42.3977 14.2509 
42.4552 14.2614 
42.5128 14.2719 
42.5705 14.2824 
42.6283 14.2929 
42.6861 14.3034 
42.7441 14.3139 
42.8021 14.3245 
42.8602 14.335 
42.9184 14.3456 
42.9766 14.3561 
43.035 14.3667 
43.0934 14.3773 
43.152 14.3879 
