-30 21 
-29.9249 20.877 
-29.8508 20.7551 
-29.7777 20.6343 
-29.7056 20.5146 
-29.6343 20.3959 
-29.5641 20.2782 
-29.4947 20.1616 
-29.4262 20.046 
-29.3586 19.9314 
-29.2919 19.8178 
-29.2261 19.7052 
-29.1611 19.5935 
-29.097 19.4828 
-29.0337 19.3729 
-28.9712 19.264 
-28.9095 19.1561 
-28.8486 19.049 
-28.7885 18.9427 
-28.7292 18.8374 
-28.6706 18.7329 
-28.6128 18.6292 
-28.5557 18.5264 
-28.4993 18.4244 
-28.4437 18.3233 
-28.3888 18.2229 
-28.3346 18.1233 
-28.2811 18.0245 
-28.2282 17.9264 
-28.1761 17.8291 
-28.1246 17.7326 
-28.0737 17.6368 
-28.0236 17.5417 
-27.974 17.4474 
-27.9251 17.3538 
-27.8768 17.2608 
-27.8292 17.1686 
-27.7821 17.077 
-27.7356 16.9862 
-27.6898 16.8959 
-27.6445 16.8064 
-27.5998 16.7175 
-27.5557 16.6292 
-27.5121 16.5416 
-27.4691 16.4546 
-27.4266 16.3682 
-27.3847 16.2824 
-27.3434 16.1973 
-27.3025 16.1127 
-27.2622 16.0287 
-27.2224 15.9453 
-27.1831 15.8625 
-27.1443 15.7802 
-27.106 15.6985 
-27.0682 15.6174 
-27.0309 15.5368 
-26.9941 15.4567 
-26.9578 15.3772 
-26.9219 15.2982 
-26.8865 15.2198 
-26.8515 15.1418 
-26.817 15.0644 
-26.783 14.9874 
-26.7494 14.911 
-26.7162 14.835 
-26.6835 14.7596 
-26.6512 14.6846 
-26.6193 14.6101 
-26.5879 14.536 
-26.5568 14.4625 
-26.5262 14.3893 
-26.496 14.3167 
-26.4662 14.2445 
-26.4367 14.1727 
-26.4077 14.1014 
-26.379 14.0305 
-26.3508 13.96 
-26.3229 13.89 
-26.2954 13.8203 
-26.2682 13.7511 
-26.2415 13.6823 
-26.2151 13.6139 
-26.189 13.5459 
-26.1633 13.4783 
-26.138 13.4111 
-26.113 13.3443 
-26.0883 13.2779 
-26.064 13.2118 
-26.0401 13.1462 
-26.0164 13.0809 
-25.9931 13.0159 
-25.9701 12.9513 
-25.9475 12.8871 
-25.9251 12.8233 
-25.9031 12.7597 
-25.8814 12.6966 
-25.86 12.6338 
-25.8389 12.5713 
-25.8181 12.5092 
-25.7976 12.4473 
-25.7774 12.3859 
-25.7575 12.3247 
-25.7379 12.2639 
-25.7186 12.2034 
-25.6996 12.1432 
-25.6808 12.0833 
-25.6624 12.0238 
-25.6442 11.9645 
-25.6263 11.9055 
-25.6086 11.8469 
-25.5912 11.7885 
-25.5741 11.7304 
-25.5573 11.6727 
-25.5407 11.6152 
-25.5244 11.558 
-25.5083 11.5011 
-25.4925 11.4444 
-25.4769 11.388 
-25.4616 11.3319 
-25.4466 11.2761 
-25.4317 11.2206 
-25.4172 11.1653 
-25.4028 11.1103 
-25.3887 11.0555 
-25.3748 11.001 
-25.3612 10.9467 
-25.3478 10.8927 
-25.3346 10.839 
-25.3217 10.7855 
-25.309 10.7322 
-25.2965 10.6792 
-25.2842 10.6264 
-25.2721 10.5739 
-25.2603 10.5216 
-25.2486 10.4695 
-25.2372 10.4177 
-25.226 10.366 
-25.215 10.3147 
-25.2042 10.2635 
-25.1936 10.2125 
-25.1832 10.1618 
-25.173 10.1113 
-25.163 10.061 
-25.1532 10.0109 
-25.1436 9.96108 
-25.1342 9.91142 
-25.125 9.86197 
-25.116 9.81273 
-25.1072 9.76368 
-25.0985 9.71484 
-25.0901 9.6662 
-25.0818 9.61775 
-25.0737 9.5695 
-25.0658 9.52144 
-25.0581 9.47357 
-25.0505 9.4259 
-25.0431 9.3784 
-25.0359 9.3311 
-25.0289 9.28398 
-25.022 9.23704 
-25.0153 9.19029 
-25.0088 9.14371 
-25.0024 9.0973 
-24.9962 9.05108 
-24.9902 9.00503 
-24.9844 8.95915 
-24.9786 8.91344 
-24.9731 8.86789 
-24.9677 8.82252 
-24.9625 8.77731 
-24.9574 8.73227 
-24.9525 8.68739 
-24.9477 8.64266 
-24.9431 8.5981 
-24.9387 8.5537 
-24.9343 8.50945 
-24.9302 8.46536 
-24.9262 8.42142 
-24.9223 8.37763 
-24.9186 8.33399 
-24.915 8.29051 
-24.9115 8.24717 
-24.9082 8.20397 
-24.9051 8.16092 
-24.9021 8.11802 
-24.8992 8.07525 
-24.8964 8.03263 
-24.8938 7.99015 
-24.8913 7.9478 
-24.889 7.90559 
-24.8868 7.86352 
-24.8847 7.82158 
-24.8827 7.77977 
-24.8809 7.7381 
-24.8792 7.69656 
-24.8776 7.65514 
-24.8762 7.61385 
-24.8749 7.57269 
-24.8737 7.53166 
-24.8726 7.49075 
-24.8716 7.44996 
-24.8708 7.4093 
-24.8701 7.36875 
-24.8695 7.32833 
-24.869 7.28802 
-24.8687 7.24783 
-24.8684 7.20776 
-24.8683 7.1678 
-24.8683 7.12796 
-24.8684 7.08823 
-24.8686 7.04861 
-24.8689 7.0091 
-24.8694 6.96971 
-24.8699 6.93042 
-24.8705 6.89123 
-24.8713 6.85216 
-24.8722 6.81319 
-24.8731 6.77432 
-24.8742 6.73556 
-24.8754 6.6969 
-24.8767 6.65835 
-24.8781 6.61989 
-24.8796 6.58153 
-24.8812 6.54328 
-24.8828 6.50511 
-24.8846 6.46705 
-24.8865 6.42908 
-24.8885 6.39121 
-24.8906 6.35343 
-24.8928 6.31574 
-24.8951 6.27815 
-24.8974 6.24064 
-24.8999 6.20323 
-24.9025 6.16591 
-24.9051 6.12867 
-24.9079 6.09152 
-24.9107 6.05446 
-24.9136 6.01749 
-24.9166 5.9806 
-24.9197 5.94379 
-24.9229 5.90707 
-24.9262 5.87043 
-24.9296 5.83387 
-24.933 5.79739 
-24.9366 5.76099 
-24.9402 5.72467 
-24.9439 5.68843 
-24.9477 5.65227 
-24.9516 5.61618 
-24.9555 5.58017 
-24.9596 5.54424 
-24.9637 5.50838 
-24.9679 5.47259 
-24.9722 5.43687 
-24.9765 5.40123 
-24.981 5.36566 
-24.9855 5.33016 
-24.9901 5.29473 
-24.9948 5.25937 
-24.9995 5.22408 
-25.0043 5.18885 
-25.0092 5.15369 
-25.0142 5.1186 
-25.0192 5.08357 
-25.0244 5.04861 
-25.0295 5.01371 
-25.0348 4.97888 
-25.0401 4.94411 
-25.0455 4.9094 
-25.051 4.87475 
-25.0566 4.84016 
-25.0622 4.80563 
-25.0679 4.77117 
-25.0736 4.73676 
-25.0794 4.7024 
-25.0853 4.66811 
-25.0912 4.63387 
-25.0973 4.59969 
-25.1033 4.56556 
-25.1095 4.53149 
-25.1157 4.49747 
-25.122 4.46351 
-25.1283 4.42959 
-25.1347 4.39573 
-25.1411 4.36192 
-25.1477 4.32817 
-25.1542 4.29446 
-25.1609 4.2608 
-25.1676 4.22719 
-25.1743 4.19363 
-25.1812 4.16012 
-25.188 4.12666 
-25.195 4.09324 
-25.202 4.05987 
-25.209 4.02654 
-25.2161 3.99326 
-25.2233 3.96002 
-25.2305 3.92683 
-25.2378 3.89368 
-25.2451 3.86057 
-25.2525 3.8275 
-25.2599 3.79448 
-25.2674 3.76149 
-25.2749 3.72855 
-25.2825 3.69565 
-25.2901 3.66278 
-25.2978 3.62996 
-25.3056 3.59717 
-25.3134 3.56442 
-25.3212 3.53171 
-25.3291 3.49903 
-25.337 3.46639 
-25.345 3.43379 
-25.3531 3.40122 
-25.3612 3.36868 
-25.3693 3.33618 
-25.3775 3.30371 
-25.3857 3.27127 
-25.3939 3.23887 
-25.4023 3.2065 
-25.4106 3.17416 
-25.419 3.14185 
-25.4275 3.10957 
-25.436 3.07732 
-25.4445 3.0451 
-25.4531 3.01291 
-25.4617 2.98075 
-25.4703 2.94861 
-25.479 2.9165 
-25.4878 2.88442 
-25.4966 2.85237 
-25.5054 2.82034 
-25.5142 2.78833 
-25.5231 2.75635 
-25.5321 2.7244 
-25.541 2.69247 
-25.5501 2.66056 
-25.5591 2.62868 
-25.5682 2.59681 
-25.5773 2.56497 
-25.5865 2.53315 
-25.5957 2.50136 
-25.6049 2.46958 
-25.6142 2.43782 
-25.6235 2.40608 
-25.6328 2.37437 
-25.6422 2.34267 
-25.6516 2.31098 
-25.661 2.27932 
-25.6705 2.24767 
-25.68 2.21604 
-25.6895 2.18443 
-25.6991 2.15283 
-25.7087 2.12125 
-25.7183 2.08968 
-25.7279 2.05813 
-25.7376 2.02659 
-25.7473 1.99507 
-25.7571 1.96356 
-25.7669 1.93206 
-25.7767 1.90057 
-25.7865 1.8691 
-25.7963 1.83764 
-25.8062 1.80619 
-25.8161 1.77475 
-25.826 1.74331 
-25.836 1.71189 
-25.846 1.68048 
-25.856 1.64908 
-25.866 1.61769 
-25.8761 1.5863 
-25.8862 1.55492 
-25.8963 1.52355 
-25.9064 1.49219 
-25.9166 1.46083 
-25.9267 1.42948 
-25.9369 1.39813 
-25.9471 1.36679 
-25.9574 1.33545 
-25.9676 1.30412 
-25.9779 1.27279 
-25.9882 1.24146 
-25.9985 1.21014 
-26.0089 1.17882 
-26.0192 1.1475 
-26.0296 1.11619 
-26.04 1.08487 
-26.0504 1.05356 
-26.0608 1.02225 
-26.0713 0.990933 
-26.0817 0.95962 
-26.0922 0.928305 
-26.1027 0.89699 
-26.1132 0.865673 
-26.1237 0.834354 
-26.1342 0.803033 
-26.1448 0.771708 
-26.1553 0.740381 
-26.1659 0.70905 
-26.1765 0.677715 
-26.1871 0.646376 
-26.1977 0.615031 
-26.2084 0.583682 
-26.219 0.552327 
-26.2296 0.520965 
-26.2403 0.489598 
-26.251 0.458223 
-26.2616 0.426841 
-26.2723 0.395452 
-26.283 0.364054 
-26.2937 0.332648 
-26.3045 0.301233 
-26.3152 0.269809 
-26.3259 0.238375 
-26.3366 0.206931 
-26.3474 0.175477 
-26.3581 0.144012 
-26.3689 0.112535 
-26.3797 0.0810465 
-26.3904 0.049546 
-26.4012 0.018033 
-26.412 -0.0134929 
-26.4227 -0.0450322 
-26.4335 -0.0765851 
-26.4443 -0.108152 
-26.4551 -0.139734 
-26.4659 -0.17133 
-26.4767 -0.202942 
-26.4875 -0.23457 
-26.4983 -0.266214 
-26.5091 -0.297874 
-26.5199 -0.329551 
-26.5307 -0.361246 
-26.5415 -0.392958 
-26.5523 -0.424689 
-26.5631 -0.456438 
-26.5739 -0.488206 
-26.5846 -0.519993 
-26.5954 -0.5518 
-26.6062 -0.583628 
-26.617 -0.615476 
-26.6278 -0.647345 
-26.6385 -0.679235 
-26.6493 -0.711148 
-26.6601 -0.743082 
-26.6708 -0.775039 
-26.6816 -0.807019 
-26.6923 -0.839023 
-26.7031 -0.87105 
-26.7138 -0.903102 
-26.7245 -0.935179 
-26.7353 -0.96728 
-26.746 -0.999407 
-26.7567 -1.03156 
-26.7674 -1.06374 
-26.778 -1.09595 
-26.7887 -1.12818 
-26.7994 -1.16044 
-26.81 -1.19273 
-26.8207 -1.22505 
-26.8313 -1.25739 
-26.8419 -1.28977 
-26.8525 -1.32217 
-26.8631 -1.35461 
-26.8737 -1.38707 
-26.8842 -1.41957 
-26.8948 -1.4521 
-26.9053 -1.48466 
-26.9158 -1.51725 
-26.9263 -1.54987 
-26.9368 -1.58253 
-26.9473 -1.61522 
-26.9577 -1.64795 
-26.9682 -1.68071 
-26.9786 -1.7135 
-26.989 -1.74633 
-26.9993 -1.7792 
-27.0097 -1.8121 
-27.02 -1.84504 
-27.0304 -1.87801 
-27.0407 -1.91102 
-27.0509 -1.94407 
-27.0612 -1.97716 
-27.0714 -2.01029 
-27.0816 -2.04345 
-27.0918 -2.07666 
-27.102 -2.10991 
-27.1121 -2.14319 
-27.1222 -2.17652 
-27.1323 -2.20989 
-27.1424 -2.2433 
-27.1524 -2.27675 
-27.1624 -2.31025 
-27.1724 -2.34379 
-27.1823 -2.37737 
-27.1923 -2.411 
-27.2022 -2.44467 
-27.212 -2.47839 
-27.2219 -2.51215 
-27.2317 -2.54596 
-27.2414 -2.57981 
-27.2512 -2.61371 
-27.2609 -2.64766 
-27.2706 -2.68166 
-27.2802 -2.7157 
-27.2898 -2.7498 
-27.2994 -2.78394 
-27.309 -2.81813 
-27.3185 -2.85238 
-27.3279 -2.88667 
-27.3374 -2.92102 
-27.3468 -2.95542 
-27.3561 -2.98987 
-27.3655 -3.02437 
-27.3748 -3.05892 
-27.384 -3.09353 
-27.3932 -3.1282 
-27.4024 -3.16291 
-27.4115 -3.19769 
-27.4206 -3.23252 
-27.4297 -3.2674 
-27.4387 -3.30235 
-27.4476 -3.33735 
-27.4565 -3.3724 
-27.4654 -3.40752 
-27.4742 -3.44269 
-27.483 -3.47793 
-27.4918 -3.51322 
-27.5004 -3.54858 
-27.5091 -3.58399 
-27.5177 -3.61947 
-27.5262 -3.65501 
-27.5347 -3.69061 
-27.5432 -3.72627 
-27.5516 -3.762 
-27.5599 -3.79779 
-27.5682 -3.83365 
-27.5765 -3.86957 
-27.5847 -3.90556 
-27.5928 -3.94162 
-27.6009 -3.97774 
-27.6089 -4.01393 
-27.6169 -4.05018 
-27.6248 -4.08651 
-27.6327 -4.12291 
-27.6405 -4.15937 
-27.6482 -4.19591 
-27.6559 -4.23251 
-27.6635 -4.26919 
-27.6711 -4.30594 
-27.6786 -4.34276 
-27.686 -4.37966 
-27.6934 -4.41663 
-27.7007 -4.45368 
-27.708 -4.4908 
-27.7152 -4.52799 
-27.7223 -4.56526 
-27.7294 -4.60261 
-27.7364 -4.64004 
-27.7433 -4.67755 
-27.7502 -4.71513 
-27.757 -4.75279 
-27.7637 -4.79054 
-27.7703 -4.82836 
-27.7769 -4.86627 
-27.7834 -4.90426 
-27.7899 -4.94233 
-27.7962 -4.98048 
-27.8025 -5.01872 
-27.8087 -5.05705 
-27.8149 -5.09546 
-27.8209 -5.13395 
-27.8269 -5.17253 
-27.8328 -5.2112 
-27.8387 -5.24996 
-27.8444 -5.28881 
-27.8501 -5.32774 
-27.8557 -5.36677 
-27.8612 -5.40588 
-27.8666 -5.44509 
-27.8719 -5.4844 
-27.8772 -5.52379 
-27.8824 -5.56328 
-27.8874 -5.60286 
-27.8924 -5.64254 
-27.8973 -5.68231 
-27.9022 -5.72218 
-27.9069 -5.76215 
-27.9115 -5.80222 
-27.9161 -5.84239 
-27.9205 -5.88265 
-27.9249 -5.92302 
-27.9291 -5.96349 
-27.9333 -6.00406 
-27.9374 -6.04473 
-27.9413 -6.08551 
-27.9452 -6.12639 
-27.949 -6.16738 
-27.9527 -6.20847 
-27.9562 -6.24967 
-27.9597 -6.29098 
-27.9631 -6.3324 
-27.9664 -6.37392 
-27.9695 -6.41556 
-27.9726 -6.45731 
-27.9755 -6.49917 
-27.9783 -6.54114 
-27.9811 -6.58323 
-27.9837 -6.62543 
-27.9862 -6.66775 
-27.9886 -6.71018 
-27.9909 -6.75273 
-27.993 -6.7954 
-27.9951 -6.83819 
-27.997 -6.8811 
-27.9988 -6.92413 
-28.0005 -6.96728 
-28.0021 -7.01056 
-28.0035 -7.05396 
-28.0049 -7.09748 
-28.0061 -7.14113 
-28.0072 -7.18491 
-28.0081 -7.22881 
-28.0089 -7.27285 
-28.0096 -7.31701 
-28.0102 -7.36131 
-28.0106 -7.40573 
-28.0109 -7.45029 
-28.0111 -7.49498 
-28.0111 -7.53981 
-28.011 -7.58478 
-28.0108 -7.62988 
-28.0104 -7.67512 
-28.0099 -7.72049 
-28.0092 -7.76601 
-28.0084 -7.81167 
-28.0075 -7.85748 
-28.0064 -7.90342 
-28.0052 -7.94951 
-28.0038 -7.99575 
-28.0022 -8.04214 
-28.0006 -8.08867 
-27.9987 -8.13535 
-27.9967 -8.18218 
-27.9946 -8.22917 
-27.9923 -8.2763 
-27.9898 -8.3236 
-27.9872 -8.37104 
-27.9844 -8.41865 
-27.9815 -8.46641 
-27.9783 -8.51433 
-27.9751 -8.56241 
-27.9716 -8.61065 
-27.968 -8.65906 
-27.9642 -8.70763 
-27.9603 -8.75636 
-27.9561 -8.80527 
-27.9518 -8.85434 
-27.9474 -8.90358 
-27.9427 -8.95299 
-27.9379 -9.00258 
-27.9328 -9.05233 
-27.9276 -9.10227 
-27.9222 -9.15238 
-27.9167 -9.20266 
-27.9109 -9.25313 
-27.905 -9.30378 
-27.8988 -9.35461 
-27.8925 -9.40563 
-27.8859 -9.45683 
-27.8792 -9.50822 
-27.8722 -9.55979 
-27.8651 -9.61156 
-27.8578 -9.66352 
-27.8502 -9.71567 
-27.8425 -9.76801 
-27.8345 -9.82056 
-27.8263 -9.8733 
-27.8179 -9.92624 
-27.8093 -9.97938 
-27.8005 -10.0327 
-27.7915 -10.0863 
-27.7822 -10.14 
-27.7727 -10.194 
-27.763 -10.2482 
-27.7531 -10.3026 
-27.7429 -10.3572 
-27.7325 -10.412 
-27.7219 -10.467 
-27.711 -10.5223 
-27.6999 -10.5777 
-27.6886 -10.6334 
-27.677 -10.6893 
-27.6651 -10.7455 
-27.653 -10.8019 
-27.6407 -10.8585 
-27.6281 -10.9153 
-27.6153 -10.9724 
-27.6022 -11.0297 
-27.5888 -11.0873 
-27.5752 -11.145 
-27.5613 -11.2031 
-27.5471 -11.2614 
-27.5327 -11.3199 
-27.518 -11.3787 
-27.503 -11.4377 
-27.4878 -11.497 
-27.4722 -11.5565 
-27.4564 -11.6163 
-27.4403 -11.6763 
-27.4239 -11.7367 
-27.4072 -11.7973 
-27.3902 -11.8581 
-27.3729 -11.9192 
-27.3554 -11.9806 
-27.3375 -12.0423 
-27.3193 -12.1042 
-27.3008 -12.1665 
-27.282 -12.229 
-27.2628 -12.2918 
-27.2434 -12.3549 
-27.2236 -12.4182 
-27.2035 -12.4819 
-27.1831 -12.5459 
-27.1623 -12.6101 
-27.1412 -12.6747 
-27.1198 -12.7396 
-27.098 -12.8047 
-27.0759 -12.8702 
-27.0534 -12.936 
-27.0306 -13.0021 
-27.0074 -13.0686 
-26.9839 -13.1353 
-26.96 -13.2024 
-26.9357 -13.2698 
-26.9111 -13.3375 
-26.8861 -13.4056 
-26.8607 -13.474 
-26.8349 -13.5428 
-26.8088 -13.6119 
-26.7822 -13.6813 
-26.7553 -13.7511 
-26.7279 -13.8213 
-26.7002 -13.8918 
-26.672 -13.9626 
-26.6435 -14.0339 
-26.6145 -14.1055 
-26.5851 -14.1774 
-26.5553 -14.2498 
-26.525 -14.3225 
-26.4944 -14.3956 
-26.4632 -14.4691 
-26.4317 -14.543 
-26.3997 -14.6173 
-26.3672 -14.692 
-26.3343 -14.7671 
-26.3009 -14.8426 
-26.2671 -14.9185 
-26.2328 -14.9948 
-26.198 -15.0716 
-26.1627 -15.1487 
-26.127 -15.2263 
-26.0907 -15.3044 
-26.054 -15.3828 
-26.0167 -15.4618 
-25.979 -15.5411 
-25.9407 -15.6209 
-25.9019 -15.7012 
-25.8626 -15.7819 
-25.8228 -15.8631 
-25.7824 -15.9448 
-25.7415 -16.0269 
-25.7 -16.1096 
-25.658 -16.1927 
-25.6154 -16.2763 
-25.5723 -16.3604 
-25.5286 -16.445 
-25.4843 -16.5301 
-25.4394 -16.6157 
-25.3939 -16.7019 
-25.3478 -16.7886 
-25.3011 -16.8758 
-25.2539 -16.9635 
-25.2059 -17.0518 
-25.1574 -17.1406 
-25.1082 -17.23 
-25.0584 -17.32 
-25.0079 -17.4105 
-24.9568 -17.5016 
-24.905 -17.5933 
-24.8525 -17.6856 
-24.7994 -17.7784 
-24.7455 -17.8719 
-24.691 -17.966 
-24.6358 -18.0607 
-24.5798 -18.156 
-24.5231 -18.2519 
-24.4657 -18.3485 
-24.4076 -18.4458 
-24.3487 -18.5437 
-24.289 -18.6422 
-24.2286 -18.7414 
-24.1674 -18.8413 
-24.1055 -18.9419 
-24.0427 -19.0432 
-23.9791 -19.1452 
-23.9147 -19.2479 
-23.8495 -19.3513 
-23.7834 -19.4554 
-23.7165 -19.5603 
-23.6488 -19.666 
-23.5801 -19.7724 
-23.5106 -19.8795 
-23.4402 -19.9874 
-23.369 -20.0962 
-23.2967 -20.2057 
-23.2236 -20.316 
-23.1495 -20.4272 
-23.0745 -20.5391 
-22.9986 -20.6519 
-22.9216 -20.7656 
-22.8437 -20.8801 
-22.7647 -20.9955 
-22.6848 -21.1118 
-22.6038 -21.229 
-22.5218 -21.3471 
-22.4387 -21.4661 
-22.3546 -21.586 
-22.2694 -21.7069 
-22.1831 -21.8287 
-22.0956 -21.9515 
-22.0071 -22.0753 
-21.9174 -22.2001 
-21.8266 -22.3259 
-21.7345 -22.4528 
-21.6413 -22.5806 
-21.5469 -22.7096 
-21.4513 -22.8396 
-21.3544 -22.9707 
-21.2562 -23.1028 
-21.1568 -23.2362 
-21.0561 -23.3706 
-20.9541 -23.5062 
-20.8507 -23.6429 
-20.746 -23.7809 
-20.6399 -23.92 
-20.5324 -24.0604 
-20.4235 -24.202 
-20.3132 -24.3448 
-20.2014 -24.489 
-20.0882 -24.6344 
-19.9735 -24.7811 
-19.8572 -24.9292 
-19.7394 -25.0786 
-19.62 -25.2294 
-19.499 -25.3816 
-19.3765 -25.5352 
-19.2522 -25.6903 
-19.1263 -25.8468 
-18.9988 -26.0048 
-18.8695 -26.1643 
-18.7384 -26.3254 
-18.6056 -26.488 
-18.471 -26.6522 
-18.3346 -26.818 
-18.1963 -26.9854 
-18.0561 -27.1545 
-17.914 -27.3253 
-17.7699 -27.4979 
-17.6238 -27.6721 
-17.4758 -27.8482 
-17.3257 -28.026 
-17.1735 -28.2057 
-17.0192 -28.3873 
-16.8627 -28.5708 
-16.704 -28.7562 
-16.5431 -28.9436 
-16.38 -29.133 
-16.2145 -29.3244 
-16.0467 -29.5179 
-15.8765 -29.7136 
-15.7039 -29.9113 
-15.5288 -30.1113 
-15.3512 -30.3135 
-15.171 -30.518 
-14.9882 -30.7248 
-14.8027 -30.9339 
-14.6146 -31.1455 
-14.4237 -31.3595 
-14.23 -31.576 
-14.0334 -31.7951 
-13.8339 -32.0167 
-13.6315 -32.241 
-13.426 -32.4679 
-13.2175 -32.6977 
-13.0058 -32.9302 
-12.7909 -33.1656 
-12.5727 -33.4038 
-12.3513 -33.6451 
-12.1264 -33.8894 
-11.8981 -34.1368 
-11.6662 -34.3873 
-11.4307 -34.6411 
-11.1916 -34.8982 
-10.9487 -35.1586 
-10.702 -35.4225 
-10.4514 -35.6898 
-10.1967 -35.9608 
-9.93806 -36.2354 
-9.67522 -36.5137 
-9.40813 -36.7959 
-9.1367 -37.0819 
-8.86084 -37.372 
-8.58044 -37.6661 
-8.29541 -37.9644 
-8.00565 -38.267 
-7.71105 -38.574 
-7.4115 -38.8854 
-7.10689 -39.2014 
-6.7971 -39.522 
-6.48202 -39.8475 
-6.16151 -40.1779 
-5.83545 -40.5133 
-5.50371 -40.8538 
-5.16616 -41.1997 
-4.82265 -41.5509 
-4.47304 -41.9077 
-4.11718 -42.2701 
-3.75491 -42.6384 
-3.38608 -43.0127 
-3.01051 -43.3931 
-2.62805 -43.7797 
-2.23851 -44.1729 
-1.8417 -44.5726 
-1.43745 -44.9792 
-1.02555 -45.3927 
-0.605795 -45.8134 
-0.177982 -46.2415 
0.25811 -46.6772 
0.702707 -47.1207 
1.15605 -47.5722 
1.61837 -48.0319 
2.08993 -48.5001 
2.57099 -48.9771 
3.06182 -49.463 
3.56271 -49.9582 
4.07395 -50.4629 
4.59585 -50.9774 
5.12873 -51.5021 
5.67292 -52.0372 
6.22876 -52.5831 
6.79662 -53.14 
7.37687 -53.7085 
7.9699 -54.2887 
8.57613 -54.8812 
9.19597 -55.4863 
9.82988 -56.1045 
10.4783 -56.7362 
11.1418 -57.3818 
11.8208 -58.0418 
12.5158 -58.7168 
13.2274 -59.4073 
13.9563 -60.1138 
14.7029 -60.8369 
15.468 -61.5772 
16.2523 -62.3354 
17.0563 -63.1121 
17.8809 -63.9081 
18.7269 -64.7241 
19.5951 -65.5609 
20.4863 -66.4193 
21.4014 -67.3001 
22.3414 -68.2044 
23.3074 -69.133 
24.3004 -70.087 
25.3214 -71.0676 
26.3718 -72.0757 
27.4528 -73.1127 
28.5656 -74.1798 
29.7118 -75.2784 
30.8929 -76.41 
32.1103 -77.576 
33.3659 -78.7782 
34.6615 -80.0182 
35.9989 -81.298 
37.3802 -82.6194 
38.8076 -83.9847 
40.2835 -85.3961 
41.8104 -86.8559 
43.3909 -88.3669 
45.0279 -89.9318 
46.7244 -91.5536 
48.484 -93.2354 
50.31 -94.9809 
52.2064 -96.7937 
54.1773 -98.6778 
56.2272 -100.638 
58.361 -102.678 
60.5841 -104.804 
62.9021 -107.021 
65.3213 -109.336 
