-30 21.5 
-29.9207 21.3728 
-29.8425 21.2468 
-29.7653 21.1219 
-29.6891 20.9982 
-29.6139 20.8756 
-29.5397 20.754 
-29.4665 20.6336 
-29.3942 20.5143 
-29.3229 20.396 
-29.2525 20.2787 
-29.183 20.1624 
-29.1144 20.0472 
-29.0466 19.933 
-28.9798 19.8197 
-28.9138 19.7074 
-28.8487 19.5961 
-28.7844 19.4857 
-28.7209 19.3763 
-28.6583 19.2677 
-28.5964 19.1601 
-28.5354 19.0533 
-28.4751 18.9474 
-28.4156 18.8424 
-28.3569 18.7383 
-28.2989 18.635 
-28.2416 18.5325 
-28.1851 18.4308 
-28.1293 18.33 
-28.0742 18.2299 
-28.0198 18.1306 
-27.9661 18.0321 
-27.9131 17.9344 
-27.8608 17.8375 
-27.8091 17.7412 
-27.7581 17.6458 
-27.7077 17.551 
-27.658 17.457 
-27.6089 17.3637 
-27.5604 17.271 
-27.5125 17.1791 
-27.4653 17.0878 
-27.4186 16.9973 
-27.3725 16.9074 
-27.327 16.8181 
-27.2821 16.7295 
-27.2378 16.6415 
-27.194 16.5542 
-27.1508 16.4675 
-27.1081 16.3814 
-27.066 16.296 
-27.0244 16.2111 
-26.9834 16.1268 
-26.9428 16.0431 
-26.9028 15.96 
-26.8633 15.8775 
-26.8243 15.7955 
-26.7858 15.7141 
-26.7477 15.6332 
-26.7102 15.5529 
-26.6732 15.4731 
-26.6366 15.3939 
-26.6005 15.3152 
-26.5648 15.237 
-26.5296 15.1593 
-26.4949 15.0822 
-26.4606 15.0055 
-26.4268 14.9293 
-26.3934 14.8537 
-26.3604 14.7785 
-26.3279 14.7038 
-26.2958 14.6295 
-26.2641 14.5558 
-26.2328 14.4825 
-26.2019 14.4096 
-26.1714 14.3372 
-26.1413 14.2653 
-26.1117 14.1938 
-26.0824 14.1227 
-26.0535 14.0521 
-26.025 13.9819 
-25.9968 13.9121 
-25.9691 13.8428 
-25.9417 13.7738 
-25.9146 13.7053 
-25.888 13.6372 
-25.8617 13.5694 
-25.8357 13.5021 
-25.8101 13.4352 
-25.7849 13.3686 
-25.7599 13.3025 
-25.7354 13.2367 
-25.7111 13.1712 
-25.6872 13.1062 
-25.6637 13.0415 
-25.6404 12.9772 
-25.6175 12.9133 
-25.5949 12.8497 
-25.5726 12.7864 
-25.5506 12.7235 
-25.5289 12.6609 
-25.5076 12.5987 
-25.4865 12.5369 
-25.4657 12.4753 
-25.4453 12.4141 
-25.4251 12.3532 
-25.4052 12.2926 
-25.3856 12.2324 
-25.3663 12.1724 
-25.3473 12.1128 
-25.3286 12.0535 
-25.3101 11.9945 
-25.2919 11.9358 
-25.274 11.8774 
-25.2563 11.8193 
-25.2389 11.7615 
-25.2218 11.704 
-25.2049 11.6467 
-25.1883 11.5898 
-25.172 11.5331 
-25.1559 11.4767 
-25.1401 11.4206 
-25.1245 11.3648 
-25.1091 11.3092 
-25.094 11.2539 
-25.0791 11.1989 
-25.0645 11.1441 
-25.0501 11.0896 
-25.036 11.0354 
-25.022 10.9814 
-25.0083 10.9276 
-24.9949 10.8741 
-24.9816 10.8209 
-24.9686 10.7679 
-24.9558 10.7151 
-24.9433 10.6626 
-24.9309 10.6103 
-24.9188 10.5582 
-24.9068 10.5064 
-24.8951 10.4548 
-24.8836 10.4035 
-24.8723 10.3523 
-24.8612 10.3014 
-24.8503 10.2508 
-24.8397 10.2003 
-24.8292 10.15 
-24.8189 10.1 
-24.8088 10.0502 
-24.7989 10.0006 
-24.7892 9.95117 
-24.7797 9.90197 
-24.7704 9.85298 
-24.7613 9.8042 
-24.7523 9.75561 
-24.7436 9.70722 
-24.735 9.65903 
-24.7266 9.61104 
-24.7184 9.56324 
-24.7103 9.51563 
-24.7025 9.46821 
-24.6948 9.42098 
-24.6873 9.37393 
-24.68 9.32707 
-24.6728 9.28039 
-24.6658 9.23389 
-24.659 9.18757 
-24.6523 9.14143 
-24.6458 9.09546 
-24.6395 9.04967 
-24.6333 9.00405 
-24.6273 8.9586 
-24.6215 8.91332 
-24.6158 8.86821 
-24.6103 8.82326 
-24.6049 8.77848 
-24.5997 8.73386 
-24.5946 8.6894 
-24.5897 8.6451 
-24.5849 8.60096 
-24.5803 8.55697 
-24.5758 8.51314 
-24.5715 8.46947 
-24.5673 8.42594 
-24.5633 8.38257 
-24.5594 8.33935 
-24.5557 8.29627 
-24.5521 8.25334 
-24.5486 8.21056 
-24.5453 8.16792 
-24.5421 8.12542 
-24.539 8.08307 
-24.5361 8.04085 
-24.5333 7.99877 
-24.5307 7.95683 
-24.5281 7.91503 
-24.5257 7.87336 
-24.5235 7.83182 
-24.5214 7.79041 
-24.5193 7.74914 
-24.5175 7.70799 
-24.5157 7.66698 
-24.5141 7.62609 
-24.5126 7.58532 
-24.5112 7.54469 
-24.5099 7.50417 
-24.5088 7.46378 
-24.5078 7.42351 
-24.5069 7.38336 
-24.5061 7.34332 
-24.5054 7.30341 
-24.5049 7.26361 
-24.5044 7.22393 
-24.5041 7.18436 
-24.5039 7.14491 
-24.5038 7.10557 
-24.5038 7.06634 
-24.504 7.02722 
-24.5042 6.9882 
-24.5045 6.9493 
-24.505 6.91051 
-24.5056 6.87182 
-24.5062 6.83323 
-24.507 6.79475 
-24.5079 6.75637 
-24.5088 6.7181 
-24.5099 6.67992 
-24.5111 6.64185 
-24.5124 6.60387 
-24.5138 6.566 
-24.5153 6.52822 
-24.5168 6.49053 
-24.5185 6.45295 
-24.5203 6.41545 
-24.5222 6.37805 
-24.5241 6.34075 
-24.5262 6.30353 
-24.5284 6.26641 
-24.5306 6.22937 
-24.533 6.19243 
-24.5354 6.15557 
-24.5379 6.1188 
-24.5406 6.08211 
-24.5433 6.04552 
-24.5461 6.009 
-24.549 5.97257 
-24.5519 5.93623 
-24.555 5.89996 
-24.5581 5.86378 
-24.5614 5.82768 
-24.5647 5.79165 
-24.5681 5.75571 
-24.5716 5.71985 
-24.5752 5.68406 
-24.5788 5.64835 
-24.5826 5.61271 
-24.5864 5.57715 
-24.5903 5.54167 
-24.5942 5.50625 
-24.5983 5.47091 
-24.6024 5.43565 
-24.6067 5.40045 
-24.6109 5.36533 
-24.6153 5.33027 
-24.6198 5.29528 
-24.6243 5.26036 
-24.6289 5.22551 
-24.6335 5.19073 
-24.6383 5.15601 
-24.6431 5.12136 
-24.648 5.08677 
-24.653 5.05225 
-24.658 5.01779 
-24.6631 4.98339 
-24.6683 4.94906 
-24.6735 4.91479 
-24.6788 4.88057 
-24.6842 4.84642 
-24.6897 4.81233 
-24.6952 4.77829 
-24.7008 4.74432 
-24.7064 4.7104 
-24.7121 4.67653 
-24.7179 4.64273 
-24.7237 4.60898 
-24.7297 4.57528 
-24.7356 4.54164 
-24.7417 4.50805 
-24.7478 4.47452 
-24.7539 4.44103 
-24.7602 4.4076 
-24.7664 4.37422 
-24.7728 4.34089 
-24.7792 4.30761 
-24.7857 4.27438 
-24.7922 4.2412 
-24.7988 4.20807 
-24.8054 4.17498 
-24.8121 4.14194 
-24.8189 4.10895 
-24.8257 4.07601 
-24.8326 4.0431 
-24.8395 4.01025 
-24.8465 3.97743 
-24.8535 3.94467 
-24.8606 3.91194 
-24.8677 3.87926 
-24.8749 3.84661 
-24.8822 3.81401 
-24.8895 3.78145 
-24.8968 3.74893 
-24.9043 3.71645 
-24.9117 3.68401 
-24.9192 3.65161 
-24.9268 3.61925 
-24.9344 3.58692 
-24.942 3.55463 
-24.9498 3.52238 
-24.9575 3.49016 
-24.9653 3.45798 
-24.9732 3.42583 
-24.9811 3.39372 
-24.989 3.36164 
-24.997 3.32959 
-25.005 3.29758 
-25.0131 3.2656 
-25.0212 3.23365 
-25.0294 3.20173 
-25.0376 3.16985 
-25.0459 3.13799 
-25.0542 3.10616 
-25.0625 3.07437 
-25.0709 3.0426 
-25.0793 3.01086 
-25.0878 2.97915 
-25.0963 2.94746 
-25.1049 2.9158 
-25.1134 2.88417 
-25.1221 2.85257 
-25.1307 2.82099 
-25.1395 2.78943 
-25.1482 2.7579 
-25.157 2.72639 
-25.1658 2.69491 
-25.1747 2.66345 
-25.1836 2.63201 
-25.1925 2.6006 
-25.2015 2.56921 
-25.2105 2.53783 
-25.2195 2.50648 
-25.2286 2.47515 
-25.2377 2.44384 
-25.2468 2.41255 
-25.256 2.38128 
-25.2652 2.35002 
-25.2745 2.31879 
-25.2837 2.28757 
-25.2931 2.25637 
-25.3024 2.22518 
-25.3118 2.19401 
-25.3212 2.16286 
-25.3306 2.13173 
-25.3401 2.1006 
-25.3496 2.0695 
-25.3591 2.0384 
-25.3686 2.00732 
-25.3782 1.97626 
-25.3878 1.94521 
-25.3975 1.91416 
-25.4071 1.88314 
-25.4168 1.85212 
-25.4265 1.82111 
-25.4363 1.79012 
-25.446 1.75913 
-25.4558 1.72816 
-25.4657 1.69719 
-25.4755 1.66623 
-25.4854 1.63529 
-25.4953 1.60435 
-25.5052 1.57341 
-25.5151 1.54249 
-25.5251 1.51157 
-25.5351 1.48066 
-25.5451 1.44975 
-25.5551 1.41885 
-25.5652 1.38796 
-25.5752 1.35707 
-25.5853 1.32618 
-25.5954 1.2953 
-25.6056 1.26443 
-25.6157 1.23355 
-25.6259 1.20268 
-25.6361 1.17181 
-25.6463 1.14095 
-25.6565 1.11008 
-25.6668 1.07922 
-25.677 1.04835 
-25.6873 1.01749 
-25.6976 0.986628 
-25.7079 0.955765 
-25.7182 0.924901 
-25.7286 0.894036 
-25.7389 0.86317 
-25.7493 0.832301 
-25.7597 0.80143 
-25.7701 0.770556 
-25.7805 0.73968 
-25.7909 0.708799 
-25.8014 0.677915 
-25.8118 0.647026 
-25.8223 0.616132 
-25.8328 0.585234 
-25.8432 0.554329 
-25.8537 0.523419 
-25.8642 0.492503 
-25.8748 0.461579 
-25.8853 0.430649 
-25.8958 0.399711 
-25.9064 0.368765 
-25.9169 0.337811 
-25.9275 0.306849 
-25.9381 0.275877 
-25.9486 0.244895 
-25.9592 0.213904 
-25.9698 0.182903 
-25.9804 0.151891 
-25.991 0.120867 
-26.0016 0.0898327 
-26.0122 0.0587863 
-26.0229 0.0277277 
-26.0335 -0.00334358 
-26.0441 -0.0344278 
-26.0547 -0.0655255 
-26.0654 -0.0966369 
-26.076 -0.127763 
-26.0867 -0.158903 
-26.0973 -0.190058 
-26.1079 -0.221228 
-26.1186 -0.252415 
-26.1292 -0.283617 
-26.1399 -0.314836 
-26.1505 -0.346072 
-26.1612 -0.377325 
-26.1718 -0.408596 
-26.1825 -0.439885 
-26.1931 -0.471192 
-26.2038 -0.502518 
-26.2144 -0.533864 
-26.225 -0.565229 
-26.2357 -0.596615 
-26.2463 -0.628021 
-26.2569 -0.659447 
-26.2675 -0.690895 
-26.2782 -0.722365 
-26.2888 -0.753856 
-26.2994 -0.785371 
-26.31 -0.816908 
-26.3206 -0.848468 
-26.3312 -0.880052 
-26.3417 -0.91166 
-26.3523 -0.943292 
-26.3629 -0.974949 
-26.3734 -1.00663 
-26.384 -1.03834 
-26.3945 -1.07007 
-26.4051 -1.10183 
-26.4156 -1.13362 
-26.4261 -1.16544 
-26.4366 -1.19728 
-26.4471 -1.22915 
-26.4575 -1.26105 
-26.468 -1.29298 
-26.4785 -1.32493 
-26.4889 -1.35692 
-26.4993 -1.38894 
-26.5097 -1.42099 
-26.5201 -1.45306 
-26.5305 -1.48517 
-26.5409 -1.51732 
-26.5512 -1.54949 
-26.5616 -1.5817 
-26.5719 -1.61394 
-26.5822 -1.64621 
-26.5925 -1.67851 
-26.6027 -1.71086 
-26.613 -1.74323 
-26.6232 -1.77564 
-26.6334 -1.80809 
-26.6436 -1.84057 
-26.6538 -1.87309 
-26.6639 -1.90565 
-26.6741 -1.93824 
-26.6842 -1.97087 
-26.6942 -2.00354 
-26.7043 -2.03624 
-26.7143 -2.06899 
-26.7244 -2.10178 
-26.7344 -2.1346 
-26.7443 -2.16747 
-26.7543 -2.20037 
-26.7642 -2.23332 
-26.7741 -2.26631 
-26.7839 -2.29934 
-26.7938 -2.33241 
-26.8036 -2.36553 
-26.8134 -2.39869 
-26.8231 -2.4319 
-26.8329 -2.46514 
-26.8426 -2.49844 
-26.8522 -2.53177 
-26.8619 -2.56516 
-26.8715 -2.59859 
-26.8811 -2.63206 
-26.8906 -2.66559 
-26.9001 -2.69916 
-26.9096 -2.73278 
-26.919 -2.76644 
-26.9285 -2.80016 
-26.9378 -2.83393 
-26.9472 -2.86774 
-26.9565 -2.90161 
-26.9658 -2.93552 
-26.975 -2.96949 
-26.9842 -3.00351 
-26.9933 -3.03758 
-27.0025 -3.0717 
-27.0116 -3.10588 
-27.0206 -3.14011 
-27.0296 -3.1744 
-27.0386 -3.20874 
-27.0475 -3.24313 
-27.0564 -3.27758 
-27.0652 -3.31209 
-27.074 -3.34665 
-27.0828 -3.38127 
-27.0915 -3.41595 
-27.1002 -3.45069 
-27.1088 -3.48548 
-27.1174 -3.52034 
-27.1259 -3.55525 
-27.1344 -3.59023 
-27.1428 -3.62526 
-27.1512 -3.66036 
-27.1595 -3.69552 
-27.1678 -3.73074 
-27.1761 -3.76602 
-27.1843 -3.80137 
-27.1924 -3.83678 
-27.2005 -3.87225 
-27.2085 -3.90779 
-27.2165 -3.9434 
-27.2244 -3.97907 
-27.2323 -4.01481 
-27.2401 -4.05061 
-27.2479 -4.08648 
-27.2556 -4.12243 
-27.2633 -4.15844 
-27.2709 -4.19452 
-27.2784 -4.23067 
-27.2859 -4.26689 
-27.2933 -4.30318 
-27.3007 -4.33954 
-27.308 -4.37598 
-27.3152 -4.41249 
-27.3224 -4.44907 
-27.3295 -4.48573 
-27.3366 -4.52246 
-27.3435 -4.55926 
-27.3505 -4.59615 
-27.3573 -4.6331 
-27.3641 -4.67014 
-27.3708 -4.70725 
-27.3775 -4.74445 
-27.3841 -4.78172 
-27.3906 -4.81907 
-27.397 -4.8565 
-27.4034 -4.89401 
-27.4097 -4.9316 
-27.416 -4.96928 
-27.4221 -5.00704 
-27.4282 -5.04488 
-27.4342 -5.08281 
-27.4402 -5.12082 
-27.446 -5.15891 
-27.4518 -5.1971 
-27.4575 -5.23536 
-27.4631 -5.27372 
-27.4687 -5.31217 
-27.4742 -5.3507 
-27.4796 -5.38932 
-27.4849 -5.42804 
-27.4901 -5.46684 
-27.4952 -5.50574 
-27.5003 -5.54472 
-27.5052 -5.58381 
-27.5101 -5.62298 
-27.5149 -5.66225 
-27.5196 -5.70161 
-27.5243 -5.74107 
-27.5288 -5.78063 
-27.5332 -5.82029 
-27.5376 -5.86004 
-27.5419 -5.89989 
-27.546 -5.93984 
-27.5501 -5.97989 
-27.5541 -6.02005 
-27.5579 -6.0603 
-27.5617 -6.10066 
-27.5654 -6.14112 
-27.569 -6.18169 
-27.5725 -6.22236 
-27.5759 -6.26314 
-27.5792 -6.30402 
-27.5824 -6.34501 
-27.5854 -6.38611 
-27.5884 -6.42732 
-27.5913 -6.46864 
-27.5941 -6.51007 
-27.5967 -6.55161 
-27.5993 -6.59327 
-27.6017 -6.63504 
-27.604 -6.67692 
-27.6062 -6.71892 
-27.6083 -6.76103 
-27.6103 -6.80327 
-27.6122 -6.84562 
-27.614 -6.88808 
-27.6156 -6.93067 
-27.6171 -6.97338 
-27.6185 -7.01621 
-27.6198 -7.05916 
-27.621 -7.10224 
-27.622 -7.14544 
-27.6229 -7.18877 
-27.6237 -7.23222 
-27.6244 -7.2758 
-27.6249 -7.31951 
-27.6253 -7.36335 
-27.6256 -7.40732 
-27.6257 -7.45142 
-27.6258 -7.49565 
-27.6256 -7.54001 
-27.6254 -7.58451 
-27.625 -7.62915 
-27.6245 -7.67392 
-27.6238 -7.71883 
-27.623 -7.76388 
-27.622 -7.80907 
-27.6209 -7.8544 
-27.6197 -7.89987 
-27.6183 -7.94548 
-27.6168 -7.99124 
-27.6151 -8.03714 
-27.6133 -8.08319 
-27.6113 -8.12939 
-27.6092 -8.17573 
-27.6069 -8.22223 
-27.6045 -8.26888 
-27.6019 -8.31568 
-27.5991 -8.36263 
-27.5962 -8.40974 
-27.5932 -8.457 
-27.5899 -8.50442 
-27.5865 -8.552 
-27.583 -8.59974 
-27.5792 -8.64764 
-27.5754 -8.6957 
-27.5713 -8.74392 
-27.567 -8.79231 
-27.5626 -8.84087 
-27.5581 -8.88959 
-27.5533 -8.93848 
-27.5483 -8.98755 
-27.5432 -9.03678 
-27.5379 -9.08619 
-27.5324 -9.13577 
-27.5268 -9.18552 
-27.5209 -9.23546 
-27.5149 -9.28557 
-27.5086 -9.33586 
-27.5022 -9.38634 
-27.4956 -9.43699 
-27.4888 -9.48783 
-27.4818 -9.53886 
-27.4745 -9.59008 
-27.4671 -9.64148 
-27.4595 -9.69307 
-27.4517 -9.74486 
-27.4437 -9.79684 
-27.4354 -9.84901 
-27.427 -9.90139 
-27.4183 -9.95396 
-27.4095 -10.0067 
-27.4004 -10.0597 
-27.3911 -10.1129 
-27.3815 -10.1663 
-27.3718 -10.2198 
-27.3618 -10.2736 
-27.3516 -10.3277 
-27.3412 -10.3819 
-27.3305 -10.4363 
-27.3196 -10.491 
-27.3085 -10.5458 
-27.2971 -10.6009 
-27.2855 -10.6562 
-27.2737 -10.7118 
-27.2616 -10.7675 
-27.2492 -10.8235 
-27.2366 -10.8797 
-27.2238 -10.9362 
-27.2107 -10.9928 
-27.1973 -11.0497 
-27.1837 -11.1069 
-27.1699 -11.1643 
-27.1557 -11.2219 
-27.1413 -11.2798 
-27.1266 -11.3379 
-27.1117 -11.3963 
-27.0965 -11.4549 
-27.081 -11.5138 
-27.0652 -11.5729 
-27.0491 -11.6323 
-27.0328 -11.6919 
-27.0162 -11.7518 
-26.9993 -11.812 
-26.982 -11.8724 
-26.9645 -11.9331 
-26.9467 -11.9941 
-26.9286 -12.0553 
-26.9102 -12.1168 
-26.8915 -12.1786 
-26.8724 -12.2407 
-26.8531 -12.3031 
-26.8334 -12.3657 
-26.8134 -12.4286 
-26.7931 -12.4919 
-26.7725 -12.5554 
-26.7515 -12.6192 
-26.7302 -12.6833 
-26.7086 -12.7477 
-26.6866 -12.8124 
-26.6643 -12.8775 
-26.6416 -12.9428 
-26.6186 -13.0085 
-26.5952 -13.0744 
-26.5715 -13.1407 
-26.5474 -13.2073 
-26.5229 -13.2743 
-26.4981 -13.3415 
-26.4729 -13.4091 
-26.4473 -13.4771 
-26.4214 -13.5453 
-26.395 -13.6139 
-26.3683 -13.6829 
-26.3412 -13.7522 
-26.3137 -13.8218 
-26.2858 -13.8919 
-26.2575 -13.9622 
-26.2287 -14.033 
-26.1996 -14.1041 
-26.17 -14.1755 
-26.1401 -14.2474 
-26.1097 -14.3196 
-26.0789 -14.3922 
-26.0476 -14.4651 
-26.0159 -14.5385 
-25.9837 -14.6123 
-25.9512 -14.6864 
-25.9181 -14.761 
-25.8846 -14.8359 
-25.8507 -14.9113 
-25.8162 -14.9871 
-25.7813 -15.0633 
-25.7459 -15.1399 
-25.7101 -15.2169 
-25.6737 -15.2944 
-25.6369 -15.3723 
-25.5995 -15.4506 
-25.5617 -15.5294 
-25.5233 -15.6087 
-25.4845 -15.6883 
-25.4451 -15.7685 
-25.4052 -15.8491 
-25.3647 -15.9302 
-25.3237 -16.0117 
-25.2822 -16.0937 
-25.2401 -16.1762 
-25.1975 -16.2592 
-25.1543 -16.3427 
-25.1105 -16.4267 
-25.0662 -16.5112 
-25.0213 -16.5962 
-24.9757 -16.6817 
-24.9296 -16.7677 
-24.8829 -16.8543 
-24.8356 -16.9414 
-24.7877 -17.029 
-24.7391 -17.1172 
-24.6899 -17.2059 
-24.6401 -17.2952 
-24.5897 -17.385 
-24.5386 -17.4755 
-24.4868 -17.5664 
-24.4343 -17.658 
-24.3812 -17.7502 
-24.3274 -17.8429 
-24.2729 -17.9363 
-24.2178 -18.0303 
-24.1619 -18.1249 
-24.1053 -18.2201 
-24.0479 -18.3159 
-23.9899 -18.4124 
-23.931 -18.5096 
-23.8715 -18.6073 
-23.8112 -18.7058 
-23.7501 -18.8049 
-23.6882 -18.9047 
-23.6256 -19.0052 
-23.5621 -19.1064 
-23.4979 -19.2083 
-23.4328 -19.3109 
-23.3669 -19.4142 
-23.3001 -19.5183 
-23.2326 -19.6231 
-23.1641 -19.7286 
-23.0948 -19.8349 
-23.0246 -19.942 
-22.9535 -20.0499 
-22.8815 -20.1585 
-22.8086 -20.2679 
-22.7348 -20.3782 
-22.66 -20.4892 
-22.5843 -20.6011 
-22.5076 -20.7139 
-22.4299 -20.8275 
-22.3513 -20.9419 
-22.2716 -21.0572 
-22.191 -21.1734 
-22.1093 -21.2905 
-22.0265 -21.4086 
-21.9427 -21.5275 
-21.8579 -21.6474 
-21.7719 -21.7682 
-21.6849 -21.89 
-21.5967 -22.0127 
-21.5074 -22.1364 
-21.417 -22.2612 
-21.3254 -22.3869 
-21.2326 -22.5137 
-21.1387 -22.6415 
-21.0435 -22.7704 
-20.9471 -22.9004 
-20.8494 -23.0314 
-20.7505 -23.1635 
-20.6503 -23.2968 
-20.5488 -23.4312 
-20.446 -23.5668 
-20.3419 -23.7035 
-20.2364 -23.8414 
-20.1295 -23.9805 
-20.0213 -24.1208 
-19.9116 -24.2624 
-19.8005 -24.4052 
-19.6879 -24.5493 
-19.5739 -24.6947 
-19.4583 -24.8414 
-19.3412 -24.9895 
-19.2226 -25.1389 
-19.1024 -25.2897 
-18.9806 -25.4419 
-18.8572 -25.5955 
-18.7322 -25.7505 
-18.6055 -25.907 
-18.477 -26.0651 
-18.3469 -26.2246 
-18.215 -26.3856 
-18.0814 -26.5483 
-17.9459 -26.7125 
-17.8086 -26.8783 
-17.6694 -27.0458 
-17.5284 -27.2149 
-17.3854 -27.3857 
-17.2404 -27.5583 
-17.0935 -27.7326 
-16.9446 -27.9087 
-16.7936 -28.0866 
-16.6405 -28.2663 
-16.4852 -28.4479 
-16.3279 -28.6315 
-16.1683 -28.8169 
-16.0065 -29.0044 
-15.8424 -29.1938 
-15.676 -29.3853 
-15.5073 -29.5789 
-15.3361 -29.7746 
-15.1625 -29.9725 
-14.9865 -30.1725 
-14.8079 -30.3748 
-14.6267 -30.5794 
-14.443 -30.7863 
-14.2565 -30.9956 
-14.0674 -31.2073 
-13.8755 -31.4214 
-13.6808 -31.638 
-13.4832 -31.8572 
-13.2827 -32.079 
-13.0792 -32.3034 
-12.8727 -32.5305 
-12.6631 -32.7604 
-12.4504 -32.993 
-12.2345 -33.2286 
-12.0152 -33.4671 
-11.7927 -33.7085 
-11.5667 -33.953 
-11.3373 -34.2006 
-11.1043 -34.4513 
-10.8677 -34.7053 
-10.6275 -34.9626 
-10.3834 -35.2233 
-10.1356 -35.4874 
-9.88379 -35.755 
-9.62801 -36.0262 
-9.36814 -36.301 
-9.10411 -36.5797 
-8.83581 -36.8621 
-8.56316 -37.1485 
-8.28606 -37.4388 
-8.00442 -37.7333 
-7.71814 -38.0319 
-7.42711 -38.3349 
-7.13122 -38.6422 
-6.83037 -38.954 
-6.52444 -39.2704 
-6.21332 -39.5914 
-5.89688 -39.9173 
-5.57501 -40.2481 
-5.24757 -40.584 
-4.91443 -40.925 
-4.57546 -41.2713 
-4.23051 -41.623 
-3.87944 -41.9803 
-3.5221 -42.3432 
-3.15834 -42.7121 
-2.78799 -43.0869 
-2.41088 -43.4679 
-2.02686 -43.8551 
-1.63573 -44.2489 
-1.23731 -44.6493 
-0.831421 -45.0565 
-0.417857 -45.4707 
0.00358403 -45.8922 
0.433114 -46.321 
0.870952 -46.7574 
1.31733 -47.2017 
1.77247 -47.654 
2.23663 -48.1146 
2.71006 -48.5837 
3.19303 -49.0615 
3.68581 -49.5484 
4.18868 -50.0446 
4.70194 -50.5503 
5.2259 -51.0659 
5.76088 -51.5916 
6.30721 -52.1279 
6.86524 -52.6749 
7.43534 -53.2331 
8.01788 -53.8028 
8.61325 -54.3844 
9.22187 -54.9782 
9.84416 -55.5847 
10.4806 -56.2044 
11.1316 -56.8376 
11.7977 -57.4847 
12.4793 -58.1464 
13.1771 -58.8231 
13.8916 -59.5154 
14.6234 -60.2237 
15.373 -60.9487 
16.1412 -61.6911 
16.9286 -62.4513 
17.7359 -63.2303 
18.5639 -64.0285 
19.4133 -64.8468 
20.2851 -65.6861 
21.1799 -66.547 
22.0989 -67.4306 
23.0428 -68.3376 
24.0129 -69.2692 
25.01 -70.2263 
26.0354 -71.21 
27.0903 -72.2215 
28.1759 -73.262 
29.2936 -74.3328 
30.4448 -75.4352 
31.6311 -76.5708 
32.854 -77.7411 
34.1153 -78.9477 
35.4167 -80.1924 
36.7602 -81.4771 
38.148 -82.8038 
39.5821 -84.1745 
41.065 -85.5916 
