10.5 -30 
10.6863 -30.1692 
10.8747 -30.3402 
11.0654 -30.5131 
11.2582 -30.6879 
11.4533 -30.8647 
11.6507 -31.0434 
11.8504 -31.2242 
12.0525 -31.407 
12.2571 -31.5919 
12.464 -31.7789 
12.6735 -31.968 
12.8855 -32.1594 
13.1001 -32.353 
13.3173 -32.5489 
13.5373 -32.7472 
13.7599 -32.9478 
13.9853 -33.1508 
14.2135 -33.3563 
14.4447 -33.5642 
14.6787 -33.7748 
14.9158 -33.9879 
15.1558 -34.2037 
15.399 -34.4223 
15.6454 -34.6435 
15.8949 -34.8676 
16.1478 -35.0946 
16.4039 -35.3245 
16.6635 -35.5574 
16.9266 -35.7934 
17.1932 -36.0325 
17.4634 -36.2747 
17.7374 -36.5202 
18.015 -36.769 
18.2965 -37.0213 
18.582 -37.2769 
18.8714 -37.5361 
19.1649 -37.799 
19.4626 -38.0655 
19.7645 -38.3357 
20.0708 -38.6099 
20.3815 -38.8879 
20.6968 -39.1701 
21.0167 -39.4563 
21.3413 -39.7467 
21.6707 -40.0415 
22.0052 -40.3406 
22.3446 -40.6443 
22.6893 -40.9526 
23.0392 -41.2657 
23.3946 -41.5835 
23.7555 -41.9064 
24.122 -42.2343 
24.4944 -42.5675 
24.8727 -42.9059 
25.2571 -43.2499 
25.6477 -43.5994 
26.0447 -43.9547 
26.4483 -44.3159 
26.8586 -44.6832 
27.2757 -45.0567 
27.6999 -45.4365 
28.1314 -45.8229 
28.5702 -46.216 
29.0167 -46.616 
29.4709 -47.023 
29.9332 -47.4374 
30.4038 -47.8592 
30.8828 -48.2888 
31.3705 -48.7262 
31.8671 -49.1718 
32.3729 -49.6257 
32.8881 -50.0883 
33.413 -50.5597 
33.948 -51.0403 
34.4932 -51.5303 
35.049 -52.0299 
35.6157 -52.5396 
36.1936 -53.0595 
36.7831 -53.5901 
37.3845 -54.1316 
37.9982 -54.6845 
38.6246 -55.249 
39.264 -55.8255 
39.9169 -56.4145 
40.5838 -57.0164 
41.2651 -57.6316 
41.9612 -58.2605 
42.6727 -58.9037 
43.4001 -59.5616 
44.144 -60.2347 
44.9048 -60.9237 
45.6833 -61.629 
46.48 -62.3512 
47.2957 -63.0911 
48.1309 -63.8493 
48.9865 -64.6264 
49.8631 -65.4232 
50.7617 -66.2404 
51.683 -67.079 
52.628 -67.9396 
53.5975 -68.8233 
54.5926 -69.731 
55.6143 -70.6637 
56.6638 -71.6224 
57.7422 -72.6083 
58.8507 -73.6225 
59.9906 -74.6664 
61.1634 -75.7412 
62.3705 -76.8484 
63.6135 -77.9895 
64.894 -79.1661 
66.2138 -80.3798 
67.5747 -81.6325 
68.9789 -82.9262 
70.4283 -84.2629 
71.9254 -85.6448 
73.4725 -87.0742 
75.0723 -88.5538 
76.7276 -90.0861 
78.4413 -91.6742 
80.2167 -93.3212 
82.0573 -95.0304 
83.9669 -96.8054 
85.9494 -98.6503 
88.0093 -100.569 
90.1513 -102.567 
92.3805 -104.648 
94.7026 -106.819 
97.1235 -109.084 
99.65 -111.451 
102.289 -113.926 
105.049 -116.518 
107.938 -119.234 
110.966 -122.084 
114.144 -125.079 
117.483 -128.23 
120.995 -131.549 
124.696 -135.05 
128.602 -138.75 
132.73 -142.665 
137.099 -146.815 
141.734 -151.223 
146.659 -155.913 
151.904 -160.914 
157.501 -166.259 
163.488 -171.984 
169.908 -178.132 
176.812 -184.753 
184.259 -191.904 
192.316 -199.653 
201.064 -208.08 
210.6 -217.278 
221.037 -227.361 
232.514 -238.466 
245.201 -250.76 
259.305 -264.449 
275.088 -279.791 
292.878 -297.112 
313.099 -316.832 
336.309 -339.504 
363.253 -365.865 
394.954 -396.934 
432.861 -434.148 
479.108 -479.627 
536.975 -536.635 
611.842 -610.521 
713.281 -710.818 
860.569 -856.728 
1101.41 -1095.8 
1626.08 -1617.87 
3321.22 -3307.69 
1031.52 -1016.34 
1433.54 -1416.06 
1413.72 -1393.98 
2856.61 -2832.3 
2969.55 -2940.48 
3582.93 -3548.12 
861.097 -824.906 
1078.17 -1040.25 
1512.89 -1472.55 
6301.93 -6251.5 
-52342.6 52309.2 
-13911.7 13856.1 
-6252.14 6186.45 
-3666.42 3594.86 
-2495.26 2419.7 
-1860.38 1781.84 
-1473 1392.1 
-1216.29 1133.44 
-1035.61 951.098 
-902.489 816.535 
-800.857 713.62 
-721.022 632.63 
-656.834 567.39 
-604.223 513.812 
-560.395 469.086 
-523.376 431.229 
-491.733 398.798 
-464.404 370.726 
-440.586 346.202 
-419.659 324.603 
-401.142 305.444 
-384.652 288.338 
-369.882 272.975 
-356.585 259.107 
-344.556 246.526 
-333.627 235.063 
-323.66 224.577 
-314.536 214.95 
-306.157 206.08 
-298.437 197.882 
-291.305 190.284 
-284.699 183.221 
-278.564 176.64 
-272.854 170.493 
-267.528 164.739 
-262.55 159.341 
-257.889 154.267 
-253.517 149.489 
-249.409 144.981 
-245.543 140.722 
-241.9 136.691 
-238.461 132.87 
-235.211 129.244 
-232.136 125.797 
-229.223 122.517 
-226.46 119.391 
-223.837 116.41 
-221.344 113.562 
-218.972 110.84 
-216.714 108.234 
-214.562 105.738 
-212.509 103.345 
-210.549 101.048 
-208.677 98.8419 
-206.887 96.7207 
-205.175 94.6798 
-203.536 92.7146 
-201.965 90.8209 
-200.46 88.9947 
-199.017 87.2324 
-197.632 85.5307 
-196.302 83.8863 
-195.024 82.2963 
-193.796 80.7581 
-192.615 79.2689 
-191.48 77.8265 
-190.387 76.4286 
-189.334 75.073 
-188.321 73.7579 
-187.344 72.4813 
-186.403 71.2415 
-185.495 70.0369 
-184.62 68.8658 
-183.776 67.727 
-182.961 66.6189 
-182.174 65.5403 
-181.414 64.49 
-180.68 63.4667 
-179.971 62.4695 
-179.286 61.4972 
-178.624 60.5489 
-177.983 59.6236 
-177.364 58.7204 
-176.766 57.8385 
-176.186 56.9772 
-175.626 56.1355 
-175.084 55.3129 
-174.559 54.5086 
-174.051 53.7219 
-173.56 52.9523 
-173.084 52.1991 
-172.623 51.4618 
-172.176 50.7397 
-171.744 50.0325 
-171.326 49.3395 
-170.92 48.6604 
-170.528 47.9946 
-170.147 47.3417 
-169.779 46.7013 
-169.422 46.073 
-169.076 45.4565 
-168.741 44.8512 
-168.417 44.257 
-168.102 43.6734 
-167.798 43.1002 
-167.503 42.5369 
-167.217 41.9834 
-166.94 41.4393 
-166.672 40.9043 
-166.413 40.3782 
-166.161 39.8607 
-165.918 39.3516 
-165.682 38.8506 
-165.454 38.3575 
-165.233 37.8721 
-165.02 37.3941 
-164.813 36.9234 
-164.613 36.4597 
-164.42 36.0029 
-164.232 35.5528 
-164.052 35.1092 
-163.877 34.6719 
-163.708 34.2407 
-163.544 33.8155 
-163.387 33.3962 
-163.235 32.9825 
-163.088 32.5744 
-162.946 32.1716 
-162.809 31.7742 
-162.677 31.3818 
-162.55 30.9944 
-162.428 30.6119 
-162.31 30.2341 
-162.197 29.861 
-162.088 29.4923 
-161.983 29.1281 
-161.882 28.7682 
-161.786 28.4124 
-161.693 28.0608 
-161.604 27.7131 
-161.519 27.3693 
-161.438 27.0293 
-161.36 26.693 
-161.285 26.3604 
-161.214 26.0313 
-161.147 25.7056 
-161.083 25.3833 
-161.021 25.0644 
-160.964 24.7486 
-160.909 24.436 
-160.857 24.1264 
-160.808 23.8198 
-160.762 23.5162 
-160.718 23.2155 
-160.678 22.9175 
-160.64 22.6223 
-160.604 22.3298 
-160.572 22.0398 
-160.541 21.7525 
-160.514 21.4676 
-160.488 21.1852 
-160.465 20.9051 
-160.444 20.6274 
-160.426 20.352 
-160.41 20.0788 
-160.395 19.8078 
-160.383 19.5389 
-160.373 19.2721 
-160.366 19.0073 
-160.36 18.7446 
-160.356 18.4837 
-160.354 18.2248 
-160.353 17.9678 
-160.355 17.7126 
-160.358 17.4591 
-160.363 17.2074 
-160.37 16.9574 
-160.379 16.7091 
-160.389 16.4623 
-160.401 16.2172 
-160.414 15.9736 
-160.429 15.7316 
-160.445 15.491 
-160.463 15.2519 
-160.483 15.0142 
-160.503 14.7779 
-160.525 14.5429 
-160.549 14.3093 
-160.574 14.0769 
-160.6 13.8458 
-160.627 13.616 
-160.656 13.3873 
-160.686 13.1598 
-160.717 12.9335 
-160.749 12.7083 
-160.782 12.4841 
-160.817 12.2611 
-160.853 12.039 
-160.889 11.818 
-160.927 11.598 
-160.966 11.3789 
-161.005 11.1608 
-161.046 10.9435 
-161.088 10.7272 
-161.13 10.5117 
-161.174 10.2971 
-161.218 10.0833 
-161.264 9.87027 
-161.31 9.65803 
-161.357 9.44654 
-161.404 9.23578 
-161.453 9.02574 
-161.502 8.81638 
-161.552 8.60769 
-161.603 8.39965 
-161.655 8.19223 
-161.707 7.98542 
-161.76 7.7792 
-161.813 7.57355 
-161.867 7.36845 
-161.922 7.16387 
-161.977 6.95981 
-162.033 6.75623 
-162.09 6.55313 
-162.147 6.35049 
-162.204 6.14828 
-162.262 5.94649 
-162.321 5.7451 
-162.38 5.5441 
-162.44 5.34346 
-162.5 5.14317 
-162.56 4.94321 
-162.621 4.74357 
-162.682 4.54422 
-162.744 4.34515 
-162.806 4.14635 
-162.868 3.94779 
-162.93 3.74946 
-162.993 3.55135 
-163.057 3.35344 
-163.12 3.1557 
-163.184 2.95814 
-163.248 2.76072 
-163.312 2.56343 
-163.377 2.36626 
-163.441 2.16919 
-163.506 1.97221 
-163.571 1.7753 
-163.637 1.57844 
-163.702 1.38162 
-163.767 1.18482 
-163.833 0.988027 
-163.899 0.791226 
-163.965 0.594401 
-164.03 0.397536 
-164.096 0.200615 
-164.162 0.00362375 
-164.228 -0.193455 
-164.294 -0.390635 
-164.36 -0.587934 
-164.426 -0.785366 
-164.492 -0.982947 
-164.558 -1.18069 
-164.623 -1.37862 
-164.689 -1.57674 
-164.755 -1.77508 
-164.82 -1.97364 
-164.885 -2.17244 
-164.95 -2.37151 
-165.015 -2.57085 
-165.08 -2.77048 
-165.145 -2.97041 
-165.209 -3.17068 
-165.273 -3.37128 
-165.337 -3.57224 
-165.401 -3.77357 
-165.464 -3.97528 
-165.527 -4.17741 
-165.589 -4.37996 
-165.652 -4.58294 
-165.714 -4.78638 
-165.775 -4.9903 
-165.837 -5.1947 
-165.897 -5.39962 
-165.958 -5.60505 
-166.018 -5.81104 
-166.077 -6.01758 
-166.136 -6.2247 
-166.194 -6.43241 
-166.252 -6.64074 
-166.31 -6.84971 
-166.367 -7.05932 
-166.423 -7.26961 
-166.479 -7.48059 
-166.534 -7.69228 
-166.588 -7.90469 
-166.642 -8.11785 
-166.695 -8.33178 
-166.747 -8.5465 
-166.799 -8.76203 
-166.85 -8.97839 
-166.9 -9.1956 
-166.949 -9.41368 
-166.998 -9.63265 
-167.045 -9.85254 
-167.092 -10.0734 
-167.138 -10.2952 
-167.183 -10.5179 
-167.227 -10.7417 
-167.27 -10.9665 
-167.312 -11.1923 
-167.353 -11.4193 
-167.393 -11.6473 
-167.432 -11.8765 
-167.47 -12.1068 
-167.507 -12.3383 
-167.543 -12.571 
-167.577 -12.8049 
-167.61 -13.0401 
-167.642 -13.2765 
-167.673 -13.5143 
-167.703 -13.7534 
-167.731 -13.9939 
-167.758 -14.2358 
-167.783 -14.4791 
-167.807 -14.7238 
-167.83 -14.9701 
-167.851 -15.2179 
-167.87 -15.4672 
-167.888 -15.7182 
-167.904 -15.9707 
-167.919 -16.2249 
-167.932 -16.4808 
-167.944 -16.7384 
-167.953 -16.9978 
-167.961 -17.259 
-167.967 -17.522 
-167.971 -17.787 
-167.973 -18.0538 
-167.974 -18.3226 
-167.972 -18.5933 
-167.968 -18.8662 
-167.962 -19.1411 
-167.954 -19.4181 
-167.944 -19.6973 
-167.931 -19.9787 
-167.917 -20.2624 
-167.899 -20.5484 
-167.88 -20.8368 
-167.858 -21.1276 
-167.834 -21.4209 
-167.807 -21.7167 
-167.777 -22.015 
-167.745 -22.316 
-167.709 -22.6197 
-167.672 -22.9261 
-167.631 -23.2354 
-167.587 -23.5475 
-167.54 -23.8626 
-167.491 -24.1806 
-167.438 -24.5017 
-167.382 -24.826 
-167.322 -25.1534 
-167.259 -25.4841 
-167.193 -25.8182 
-167.123 -26.1557 
-167.05 -26.4968 
-166.972 -26.8414 
-166.891 -27.1896 
-166.807 -27.5417 
-166.718 -27.8975 
-166.625 -28.2573 
-166.528 -28.6212 
-166.426 -28.9891 
-166.32 -29.3613 
-166.21 -29.7378 
-166.095 -30.1187 
-165.976 -30.5042 
-165.851 -30.8943 
-165.722 -31.2891 
-165.587 -31.6889 
-165.447 -32.0936 
-165.302 -32.5035 
-165.152 -32.9186 
-164.995 -33.3391 
-164.833 -33.7652 
-164.665 -34.1969 
-164.491 -34.6344 
-164.311 -35.0779 
-164.124 -35.5276 
-163.931 -35.9835 
-163.731 -36.4459 
-163.523 -36.9149 
-163.309 -37.3908 
-163.087 -37.8737 
-162.858 -38.3637 
-162.621 -38.8612 
-162.376 -39.3663 
-162.123 -39.8793 
-161.861 -40.4002 
-161.591 -40.9295 
-161.311 -41.4674 
-161.022 -42.014 
-160.724 -42.5696 
-160.416 -43.1346 
-160.098 -43.7092 
-159.769 -44.2937 
-159.43 -44.8884 
-159.08 -45.4936 
-158.718 -46.1097 
-158.344 -46.737 
-157.958 -47.3759 
-157.56 -48.0268 
-157.148 -48.6899 
-156.723 -49.3659 
-156.284 -50.055 
-155.831 -50.7578 
-155.363 -51.4747 
-154.88 -52.2061 
-154.38 -52.9527 
-153.864 -53.715 
-153.332 -54.4935 
-152.781 -55.2888 
-152.212 -56.1015 
-151.624 -56.9324 
-151.016 -57.782 
-150.388 -58.6511 
-149.738 -59.5405 
-149.067 -60.451 
-148.372 -61.3833 
-147.653 -62.3385 
-146.91 -63.3174 
-146.14 -64.321 
-145.344 -65.3504 
-144.519 -66.4066 
-143.665 -67.4909 
-142.78 -68.6045 
-141.863 -69.7486 
-140.912 -70.9247 
-139.927 -72.1343 
-138.905 -73.379 
-137.844 -74.6603 
-136.743 -75.9801 
-135.6 -77.3403 
-134.413 -78.7429 
-133.179 -80.19 
-131.896 -81.684 
-130.562 -83.2274 
-129.174 -84.8228 
-127.728 -86.473 
-126.222 -88.1812 
-124.652 -89.9506 
-123.015 -91.7847 
-121.307 -93.6875 
-119.523 -95.6629 
-117.658 -97.7156 
-115.709 -99.8505 
-113.669 -102.073 
-111.532 -104.388 
-109.292 -106.803 
-106.943 -109.324 
-104.475 -111.958 
-101.882 -114.715 
-99.1527 -117.603 
-96.2781 -120.632 
-93.2467 -123.812 
-90.0459 -127.157 
-86.6619 -130.68 
-83.0793 -134.396 
-79.2808 -138.321 
-75.2473 -142.475 
-70.9568 -146.88 
-66.3851 -151.558 
-61.5042 -156.537 
-56.2827 -161.849 
-50.6845 -167.528 
-44.668 -173.616 
-38.1855 -180.16 
-31.1814 -187.214 
-23.5907 -194.842 
-15.3373 -203.12 
-6.33057 -212.137 
3.53724 -221.999 
14.3961 -232.835 
26.4039 -244.801 
39.7548 -258.088 
54.6902 -272.936 
71.5143 -289.645 
90.6165 -308.602 
112.504 -330.31 
137.851 -355.436 
167.576 -384.893 
202.965 -419.957 
245.884 -462.482 
299.159 -515.278 
367.316 -582.846 
458.165 -672.962 
586.71 -800.566 
787.105 -999.701 
1168.29 -1379.01 
1744.52 -1952.45 
9238.27 -9431.41 
4785.14 -4970.61 
12284.4 -12450.2 
8796.78 -8948.49 
17515.8 -17639.5 
-11633.8 11491.5 
-5628.97 5477.7 
-3453.95 3297.14 
-2426.82 2266.13 
-1854.92 1691.26 
-1499.54 1333.47 
-1260.94 1092.85 
-1091.36 921.529 
-965.496 794.119 
-868.843 696.074 
-792.568 618.53 
-731.015 555.806 
-680.411 504.112 
-638.151 460.83 
-602.384 424.099 
-571.762 392.561 
-545.279 365.204 
-522.173 341.262 
-501.855 320.141 
-483.866 301.376 
-467.838 284.599 
-453.478 269.512 
-440.547 255.876 
-428.849 243.491 
-418.223 232.196 
-408.533 221.852 
-399.666 212.345 
-391.526 203.577 
-384.031 195.467 
-377.111 187.943 
-370.705 180.943 
-364.761 174.415 
-359.233 168.312 
-354.083 162.594 
-349.274 157.226 
-344.776 152.176 
-340.562 147.416 
-336.607 142.923 
-332.891 138.673 
-329.393 134.648 
-326.097 130.83 
-322.987 127.203 
-320.05 123.753 
-317.272 120.466 
-314.642 117.332 
-312.15 114.34 
-309.786 111.48 
-307.542 108.744 
-305.41 106.122 
-303.382 103.609 
-301.453 101.197 
-299.616 98.8798 
-297.865 96.652 
-296.195 94.5083 
-294.603 92.4437 
-293.082 90.4539 
-291.63 88.5345 
-290.242 86.6818 
-288.915 84.8922 
-287.646 83.1623 
-286.432 81.489 
-285.269 79.8695 
-284.155 78.3009 
-283.089 76.7808 
-282.066 75.3068 
-281.087 73.8767 
-280.147 72.4885 
-279.246 71.14 
-278.381 69.8296 
-277.552 68.5555 
-276.755 67.3161 
-275.991 66.1098 
-275.257 64.9352 
-274.553 63.7909 
-273.876 62.6757 
-273.227 61.5883 
-272.602 60.5276 
-272.003 59.4925 
-271.427 58.482 
-270.874 57.495 
-270.343 56.5307 
-269.832 55.5881 
-269.342 54.6665 
-268.871 53.765 
-268.419 52.8829 
-267.985 52.0195 
-267.568 51.174 
-267.168 50.3458 
-266.783 49.5343 
-266.415 48.739 
-266.061 47.9591 
-265.722 47.1942 
-265.396 46.4438 
-265.084 45.7073 
-264.785 44.9843 
-264.499 44.2744 
-264.225 43.577 
-263.962 42.8918 
-263.711 42.2184 
-263.471 41.5564 
-263.242 40.9054 
-263.023 40.2651 
-262.814 39.6351 
-262.614 39.0151 
-262.424 38.4048 
-262.244 37.8039 
-262.071 37.212 
-261.908 36.629 
-261.753 36.0546 
-261.605 35.4884 
-261.466 34.9303 
-261.334 34.3799 
-261.21 33.8371 
-261.093 33.3017 
-260.982 32.7733 
-260.879 32.2519 
-260.782 31.7372 
-260.691 31.229 
-260.606 30.7272 
-260.528 30.2315 
-260.455 29.7417 
-260.389 29.2578 
-260.327 28.7794 
-260.271 28.3066 
-260.22 27.8391 
-260.175 27.3767 
-260.134 26.9193 
-260.098 26.4669 
-260.067 26.0191 
-260.04 25.576 
-260.018 25.1374 
-260 24.7031 
-259.987 24.2731 
-259.977 23.8471 
-259.971 23.4252 
-259.97 23.0071 
-259.972 22.5929 
-259.978 22.1823 
-259.987 21.7752 
-260 21.3717 
-260.016 20.9715 
-260.036 20.5746 
-260.058 20.1809 
-260.084 19.7903 
-260.113 19.4027 
-260.145 19.018 
-260.18 18.6361 
-260.218 18.257 
-260.258 17.8806 
-260.301 17.5067 
-260.347 17.1354 
-260.395 16.7666 
-260.446 16.4001 
-260.499 16.0359 
-260.554 15.6739 
-260.612 15.3141 
-260.672 14.9564 
-260.733 14.6007 
-260.797 14.247 
-260.863 13.8952 
-260.931 13.5453 
-261.001 13.1971 
-261.073 12.8506 
-261.146 12.5058 
-261.222 12.1626 
-261.298 11.821 
-261.377 11.4808 
-261.457 11.1421 
-261.538 10.8048 
-261.621 10.4688 
-261.706 10.1341 
-261.792 9.80056 
-261.879 9.46824 
-261.967 9.13705 
-262.057 8.80694 
-262.148 8.47786 
-262.239 8.14976 
-262.332 7.8226 
-262.426 7.49632 
-262.521 7.17088 
-262.617 6.84625 
-262.714 6.52236 
-262.812 6.19917 
-262.911 5.87665 
-263.01 5.55475 
-263.11 5.23341 
-263.211 4.91261 
-263.312 4.5923 
-263.414 4.27243 
-263.517 3.95297 
-263.62 3.63386 
-263.723 3.31508 
-263.828 2.99657 
-263.932 2.6783 
-264.037 2.36022 
-264.142 2.0423 
-264.247 1.72449 
-264.353 1.40676 
-264.459 1.08905 
-264.565 0.771336 
-264.671 0.453572 
-264.777 0.135717 
-264.883 -0.182267 
-264.99 -0.500423 
-265.096 -0.818791 
-265.202 -1.13741 
-265.308 -1.45632 
-265.414 -1.77557 
-265.519 -2.09519 
-265.625 -2.41523 
-265.73 -2.73572 
-265.835 -3.05671 
-265.939 -3.37824 
-266.043 -3.70036 
-266.147 -4.02309 
-266.25 -4.34649 
-266.352 -4.6706 
-266.454 -4.99546 
-266.555 -5.32112 
-266.656 -5.64761 
-266.756 -5.97498 
-266.855 -6.30329 
-266.953 -6.63256 
-267.051 -6.96284 
-267.147 -7.29419 
-267.243 -7.62665 
-267.337 -7.96026 
-267.431 -8.29507 
-267.523 -8.63114 
-267.614 -8.9685 
-267.704 -9.30721 
-267.793 -9.64731 
-267.881 -9.98887 
-267.967 -10.3319 
-268.052 -10.6765 
-268.135 -11.0227 
-268.216 -11.3706 
-268.297 -11.7202 
-268.375 -12.0715 
-268.452 -12.4247 
-268.527 -12.7797 
-268.6 -13.1367 
-268.671 -13.4957 
-268.741 -13.8568 
-268.808 -14.22 
-268.873 -14.5853 
-268.936 -14.9529 
-268.997 -15.3228 
-269.056 -15.6952 
-269.112 -16.0699 
-269.166 -16.4472 
-269.217 -16.8271 
-269.266 -17.2096 
-269.312 -17.5949 
-269.355 -17.983 
-269.396 -18.374 
-269.433 -18.7679 
-269.468 -19.1649 
-269.5 -19.5651 
-269.528 -19.9685 
-269.553 -20.3752 
-269.574 -20.7853 
-269.593 -21.1989 
-269.607 -21.6161 
-269.618 -22.037 
-269.625 -22.4616 
-269.629 -22.8902 
-269.628 -23.3228 
-269.623 -23.7595 
-269.614 -24.2004 
-269.6 -24.6456 
-269.583 -25.0953 
-269.56 -25.5496 
-269.533 -26.0086 
-269.5 -26.4724 
-269.463 -26.9412 
-269.421 -27.4151 
-269.373 -27.8943 
-269.32 -28.3788 
-269.261 -28.8689 
-269.196 -29.3647 
-269.126 -29.8663 
-269.049 -30.374 
-268.966 -30.8879 
-268.876 -31.4082 
-268.78 -31.935 
-268.677 -32.4686 
-268.566 -33.0091 
-268.449 -33.5568 
-268.323 -34.1119 
-268.19 -34.6746 
-268.049 -35.245 
-267.899 -35.8235 
-267.741 -36.4104 
-267.575 -37.0057 
-267.399 -37.6099 
-267.213 -38.2232 
-267.018 -38.8458 
-266.813 -39.4782 
-266.598 -40.1204 
-266.372 -40.773 
-266.135 -41.4362 
-265.887 -42.1104 
-265.627 -42.796 
-265.355 -43.4932 
-265.07 -44.2026 
-264.772 -44.9245 
-264.461 -45.6593 
-264.135 -46.4076 
-263.796 -47.1697 
-263.441 -47.9462 
-263.071 -48.7375 
-262.685 -49.5443 
