12.5 -30 
12.6871 -30.1667 
12.8763 -30.3353 
13.0676 -30.5057 
13.2611 -30.678 
13.4569 -30.8522 
13.6549 -31.0283 
13.8552 -31.2065 
14.0578 -31.3866 
14.2629 -31.5688 
14.4703 -31.7531 
14.6802 -31.9395 
14.8926 -32.128 
15.1076 -32.3188 
15.3251 -32.5118 
15.5453 -32.7071 
15.7682 -32.9047 
15.9938 -33.1047 
16.2222 -33.3071 
16.4534 -33.512 
16.6875 -33.7193 
16.9246 -33.9293 
17.1646 -34.1418 
17.4077 -34.357 
17.6539 -34.575 
17.9033 -34.7956 
18.1558 -35.0191 
18.4117 -35.2455 
18.6709 -35.4748 
18.9336 -35.7072 
19.1997 -35.9425 
19.4694 -36.181 
19.7427 -36.4227 
20.0196 -36.6676 
20.3004 -36.9159 
20.585 -37.1675 
20.8735 -37.4226 
21.1661 -37.6812 
21.4627 -37.9435 
21.7635 -38.2094 
22.0685 -38.4791 
22.378 -38.7527 
22.6918 -39.0302 
23.0102 -39.3118 
23.3333 -39.5975 
23.6611 -39.8873 
23.9937 -40.1816 
24.3313 -40.4802 
24.674 -40.7833 
25.0218 -41.0911 
25.375 -41.4036 
25.7336 -41.721 
26.0977 -42.0433 
26.4675 -42.3708 
26.8431 -42.7034 
27.2247 -43.0414 
27.6124 -43.3848 
28.0063 -43.7339 
28.4067 -44.0887 
28.8135 -44.4495 
29.2271 -44.8163 
29.6476 -45.1893 
30.0752 -45.5687 
30.51 -45.9546 
30.9522 -46.3473 
31.4021 -46.7468 
31.8598 -47.1535 
32.3255 -47.5675 
32.7995 -47.9889 
33.282 -48.4181 
33.7731 -48.8551 
34.2732 -49.3004 
34.7826 -49.754 
35.3013 -50.2162 
35.8298 -50.6873 
36.3683 -51.1676 
36.9171 -51.6573 
37.4766 -52.1566 
38.0469 -52.666 
38.6285 -53.1858 
39.2216 -53.7161 
39.8267 -54.2574 
40.4442 -54.8101 
41.0743 -55.3744 
41.7175 -55.9508 
42.3743 -56.5397 
43.045 -57.1415 
43.7301 -57.7566 
44.4302 -58.3855 
45.1456 -59.0286 
45.877 -59.6865 
46.6249 -60.3597 
47.3898 -61.0487 
48.1723 -61.7541 
48.9732 -62.4766 
49.793 -63.2166 
50.6325 -63.975 
51.4923 -64.7523 
52.3733 -65.5494 
53.2762 -66.367 
54.2019 -67.2059 
55.1514 -68.0671 
56.1254 -68.9512 
57.1252 -69.8595 
58.1516 -70.7927 
59.2058 -71.7521 
60.289 -72.7388 
61.4024 -73.7538 
62.5473 -74.7986 
63.7251 -75.8744 
64.9374 -76.9826 
66.1856 -78.1248 
67.4715 -79.3026 
68.7967 -80.5177 
70.1633 -81.7719 
71.5732 -83.0671 
73.0285 -84.4055 
74.5315 -85.7892 
76.0848 -87.2206 
77.6909 -88.7023 
79.3527 -90.2369 
81.0731 -91.8275 
82.8554 -93.4771 
84.7031 -95.1892 
86.62 -96.9673 
88.6101 -98.8155 
90.6779 -100.738 
92.8281 -102.74 
95.0658 -104.825 
97.3967 -107 
99.8268 -109.27 
102.363 -111.642 
105.012 -114.123 
107.783 -116.721 
110.683 -119.444 
113.723 -122.302 
116.913 -125.305 
120.265 -128.464 
123.792 -131.793 
127.507 -135.304 
131.429 -139.015 
135.574 -142.943 
139.962 -147.107 
144.616 -151.53 
149.563 -156.237 
154.831 -161.257 
160.453 -166.622 
166.467 -172.37 
172.918 -178.544 
179.856 -185.194 
187.341 -192.378 
195.44 -200.164 
204.236 -208.633 
213.825 -217.879 
224.323 -228.019 
235.871 -239.189 
248.64 -251.559 
262.84 -265.338 
278.735 -280.787 
296.661 -298.238 
317.047 -318.116 
340.461 -340.985 
367.66 -367.595 
399.689 -398.984 
438.031 -436.624 
484.869 -482.685 
543.578 -540.524 
619.71 -615.663 
723.208 -718.003 
874.281 -867.676 
1123.8 -1115.4 
1686.28 -1675.18 
1820.94 -1806.92 
4580.1 -4558.75 
238.799 -217.058 
249.222 -227.082 
260.678 -238.121 
273.333 -250.338 
287.395 -263.94 
303.12 -279.179 
320.834 -296.38 
340.956 -315.955 
364.034 -338.451 
390.803 -364.593 
422.268 -395.382 
459.854 -432.232 
505.65 -477.218 
562.862 -533.529 
636.729 -606.376 
736.526 -704.993 
880.792 -847.848 
1114.77 -1080.04 
1611.57 -1574.26 
2216.15 -2175.29 
-1402.58 1441.2 
-1130.33 1167.13 
-940.195 975.491 
-800.945 834.959 
-695.116 728.016 
-612.28 644.199 
-545.866 576.912 
-491.552 521.81 
-446.384 475.927 
-408.285 437.174 
-375.753 404.041 
-347.678 375.409 
-323.222 350.435 
-301.743 328.472 
-282.739 309.016 
-265.815 291.666 
-250.654 276.103 
-236.999 262.069 
-224.641 249.352 
-213.408 237.777 
-203.156 227.199 
-193.763 217.496 
-185.129 208.565 
-177.166 200.319 
-169.802 192.682 
-162.972 185.591 
-156.621 178.989 
-150.701 172.828 
-145.172 167.066 
-139.996 161.666 
-135.141 156.595 
-130.578 151.823 
-126.284 147.326 
-122.234 143.081 
-118.41 139.067 
-114.793 135.267 
-111.368 131.663 
-108.119 128.241 
-105.033 124.987 
-102.1 121.89 
-99.3079 118.939 
-96.6472 116.123 
-94.109 113.435 
-91.6853 110.864 
-89.3686 108.404 
-87.1522 106.048 
-85.0298 103.79 
-82.9958 101.623 
-81.0447 99.5418 
-79.1718 97.5421 
-77.3726 95.619 
-75.6428 93.7681 
-73.9787 91.9854 
-72.3766 90.2674 
-70.8332 88.6106 
-69.3455 87.0118 
-67.9104 85.468 
-66.5254 83.9765 
-65.188 82.5346 
-63.8957 81.14 
-62.6464 79.7904 
-61.4381 78.4836 
-60.2687 77.2177 
-59.1365 75.9908 
-58.0398 74.8011 
-56.9769 73.647 
-55.9464 72.5269 
-54.9469 71.4394 
-53.977 70.383 
-53.0354 69.3565 
-52.1209 68.3585 
-51.2325 67.3881 
-50.369 66.4439 
-49.5295 65.5251 
-48.7129 64.6305 
-47.9185 63.7593 
-47.1452 62.9105 
-46.3923 62.0833 
-45.6591 61.277 
-44.9447 60.4906 
-44.2486 59.7236 
-43.5699 58.9751 
-42.9081 58.2446 
-42.2626 57.5314 
-41.6328 56.8349 
-41.0181 56.1545 
-40.4181 55.4898 
-39.8321 54.84 
-39.2598 54.2048 
-38.7007 53.5837 
-38.1543 52.9762 
-37.6202 52.3819 
-37.0981 51.8004 
-36.5875 51.2312 
-36.0881 50.6739 
-35.5995 50.1283 
-35.1213 49.5939 
-34.6533 49.0704 
-34.1952 48.5575 
-33.7466 48.0549 
-33.3072 47.5622 
-32.8769 47.0791 
-32.4552 46.6055 
-32.042 46.141 
-31.637 45.6854 
-31.24 45.2383 
-30.8508 44.7997 
-30.4691 44.3691 
-30.0947 43.9465 
-29.7274 43.5317 
-29.367 43.1243 
-29.0134 42.7242 
-28.6663 42.3312 
-28.3257 41.9451 
-27.9912 41.5658 
-27.6627 41.1931 
-27.3402 40.8267 
-27.0234 40.4666 
-26.7121 40.1126 
-26.4063 39.7646 
-26.1059 39.4223 
-25.8106 39.0856 
-25.5203 38.7545 
-25.2349 38.4287 
-24.9544 38.1082 
-24.6785 37.7928 
-24.4072 37.4824 
-24.1404 37.1769 
-23.8779 36.8762 
-23.6197 36.5801 
-23.3656 36.2886 
-23.1156 36.0016 
-22.8695 35.7189 
-22.6273 35.4405 
-22.3889 35.1662 
-22.1542 34.896 
-21.9231 34.6298 
-21.6955 34.3675 
-21.4714 34.1089 
-21.2506 33.8542 
-21.0332 33.603 
-20.819 33.3555 
-20.608 33.1114 
-20.4 32.8708 
-20.1951 32.6336 
-19.9932 32.3996 
-19.7941 32.1688 
-19.5979 31.9412 
-19.4045 31.7167 
-19.2138 31.4953 
-19.0258 31.2768 
-18.8403 31.0612 
-18.6575 30.8485 
-18.4772 30.6385 
-18.2993 30.4314 
-18.1238 30.2269 
-17.9507 30.025 
-17.78 29.8258 
-17.6115 29.6291 
-17.4452 29.4349 
-17.2811 29.2431 
-17.1192 29.0538 
-16.9593 28.8668 
-16.8016 28.6821 
-16.6458 28.4997 
-16.4921 28.3195 
-16.3403 28.1415 
-16.1904 27.9657 
-16.0424 27.792 
-15.8962 27.6204 
-15.7519 27.4508 
-15.6093 27.2832 
-15.4685 27.1176 
-15.3293 26.954 
-15.1919 26.7922 
-15.0561 26.6323 
-14.922 26.4743 
-14.7895 26.318 
-14.6585 26.1636 
-14.5291 26.0109 
-14.4011 25.8599 
-14.2747 25.7106 
-14.1498 25.563 
-14.0262 25.417 
-13.9041 25.2727 
-13.7834 25.1299 
-13.6641 24.9886 
-13.5461 24.849 
-13.4294 24.7108 
-13.3141 24.5741 
-13.2 24.4389 
-13.0871 24.3051 
-12.9756 24.1727 
-12.8652 24.0417 
-12.756 23.9121 
-12.648 23.7839 
-12.5412 23.657 
-12.4355 23.5314 
-12.331 23.4071 
-12.2276 23.2841 
-12.1252 23.1623 
-12.0239 23.0418 
-11.9237 22.9225 
-11.8245 22.8043 
-11.7264 22.6874 
-11.6292 22.5716 
-11.5331 22.457 
-11.4379 22.3435 
-11.3437 22.2312 
-11.2505 22.1199 
-11.1582 22.0097 
-11.0668 21.9006 
-10.9763 21.7925 
-10.8867 21.6855 
-10.798 21.5795 
-10.7102 21.4745 
-10.6232 21.3705 
-10.537 21.2675 
-10.4517 21.1655 
-10.3673 21.0644 
-10.2836 20.9643 
-10.2007 20.8651 
-10.1186 20.7668 
-10.0373 20.6694 
-9.95678 20.5729 
-9.87699 20.4773 
-9.79794 20.3825 
-9.71962 20.2886 
-9.64203 20.1956 
-9.56515 20.1034 
-9.48897 20.012 
-9.41349 19.9215 
-9.33869 19.8317 
-9.26457 19.7428 
-9.19111 19.6546 
-9.11831 19.5672 
-9.04616 19.4805 
-8.97465 19.3946 
-8.90376 19.3095 
-8.83351 19.2251 
-8.76386 19.1414 
-8.69483 19.0585 
-8.62639 18.9762 
-8.55854 18.8947 
-8.49128 18.8138 
-8.4246 18.7336 
-8.35848 18.6541 
-8.29292 18.5753 
-8.22792 18.4971 
-8.16346 18.4196 
-8.09955 18.3427 
-8.03617 18.2664 
-7.97331 18.1908 
-7.91098 18.1158 
-7.84916 18.0414 
-7.78785 17.9676 
-7.72703 17.8944 
-7.66672 17.8218 
-7.60689 17.7498 
-7.54754 17.6784 
-7.48867 17.6075 
-7.43028 17.5372 
-7.37235 17.4675 
-7.31487 17.3983 
-7.25786 17.3297 
-7.20129 17.2616 
-7.14516 17.194 
-7.08948 17.1269 
-7.03422 17.0604 
-6.9794 16.9944 
-6.925 16.9289 
-6.87101 16.8639 
-6.81744 16.7994 
-6.76428 16.7355 
-6.71152 16.6719 
-6.65916 16.6089 
-6.60719 16.5464 
-6.55562 16.4843 
-6.50443 16.4227 
-6.45362 16.3615 
-6.40319 16.3009 
-6.35313 16.2406 
-6.30343 16.1808 
-6.25411 16.1215 
-6.20514 16.0626 
-6.15653 16.0041 
-6.10826 15.9461 
-6.06035 15.8884 
-6.01278 15.8312 
-5.96556 15.7745 
-5.91867 15.7181 
-5.87211 15.6621 
-5.82588 15.6066 
-5.77998 15.5514 
-5.73439 15.4966 
-5.68913 15.4423 
-5.64418 15.3883 
-5.59955 15.3347 
-5.55522 15.2815 
-5.5112 15.2286 
-5.46748 15.1761 
-5.42406 15.124 
-5.38093 15.0723 
-5.3381 15.0209 
-5.29556 14.9699 
-5.2533 14.9192 
-5.21133 14.8689 
-5.16963 14.8189 
-5.12822 14.7693 
-5.08707 14.72 
-5.0462 14.671 
-5.0056 14.6224 
-4.96527 14.5741 
-4.9252 14.5262 
-4.88538 14.4785 
-4.84583 14.4312 
-4.80653 14.3842 
-4.76749 14.3375 
-4.72869 14.2912 
-4.69015 14.2451 
-4.65184 14.1994 
-4.61378 14.1539 
-4.57597 14.1088 
-4.53838 14.0639 
-4.50104 14.0194 
-4.46393 13.9751 
-4.42705 13.9311 
-4.39039 13.8874 
-4.35397 13.844 
-4.31776 13.8009 
-4.28178 13.7581 
-4.24602 13.7155 
-4.21048 13.6732 
-4.17515 13.6312 
-4.14004 13.5895 
-4.10514 13.548 
-4.07044 13.5068 
-4.03596 13.4658 
-4.00168 13.4252 
-3.9676 13.3847 
-3.93372 13.3445 
-3.90005 13.3046 
-3.86657 13.265 
-3.83329 13.2255 
-3.8002 13.1864 
-3.7673 13.1474 
-3.73459 13.1087 
-3.70208 13.0703 
-3.66974 13.0321 
-3.6376 12.9941 
-3.60563 12.9564 
-3.57385 12.9189 
-3.54225 12.8816 
-3.51083 12.8445 
-3.47958 12.8077 
-3.44851 12.7711 
-3.41761 12.7348 
-3.38688 12.6986 
-3.35633 12.6627 
-3.32594 12.627 
-3.29572 12.5915 
-3.26566 12.5562 
-3.23577 12.5211 
-3.20604 12.4862 
-3.17647 12.4516 
-3.14707 12.4171 
-3.11782 12.3829 
-3.08873 12.3489 
-3.05979 12.315 
-3.03101 12.2814 
-3.00238 12.2479 
-2.9739 12.2147 
-2.94557 12.1817 
-2.91739 12.1488 
-2.88936 12.1161 
-2.86147 12.0837 
-2.83373 12.0514 
-2.80613 12.0193 
-2.77867 11.9874 
-2.75136 11.9557 
-2.72419 11.9241 
-2.69715 11.8928 
-2.67025 11.8616 
-2.64349 11.8306 
-2.61686 11.7998 
-2.59037 11.7691 
-2.56401 11.7387 
-2.53778 11.7084 
-2.51168 11.6783 
-2.48572 11.6483 
-2.45988 11.6185 
-2.43416 11.5889 
-2.40858 11.5595 
-2.38312 11.5302 
-2.35778 11.5011 
-2.33256 11.4721 
-2.30747 11.4434 
-2.2825 11.4147 
-2.25765 11.3863 
-2.23292 11.3579 
-2.2083 11.3298 
-2.18381 11.3018 
-2.15942 11.274 
-2.13516 11.2463 
-2.11101 11.2187 
-2.08697 11.1914 
-2.06304 11.1641 
-2.03923 11.1371 
-2.01552 11.1101 
-1.99193 11.0833 
-1.96844 11.0567 
-1.94506 11.0302 
-1.92179 11.0039 
-1.89863 10.9776 
-1.87557 10.9516 
-1.85261 10.9257 
-1.82976 10.8999 
-1.80701 10.8742 
-1.78436 10.8487 
-1.76181 10.8234 
-1.73937 10.7981 
-1.71702 10.773 
-1.69477 10.7481 
-1.67262 10.7232 
-1.65057 10.6985 
-1.62861 10.674 
-1.60675 10.6495 
-1.58498 10.6252 
-1.56331 10.6011 
-1.54173 10.577 
-1.52024 10.5531 
-1.49885 10.5293 
-1.47754 10.5056 
-1.45633 10.4821 
-1.43521 10.4587 
-1.41417 10.4354 
-1.39322 10.4122 
-1.37237 10.3891 
-1.35159 10.3662 
-1.33091 10.3434 
-1.31031 10.3207 
-1.28979 10.2981 
-1.26936 10.2756 
-1.24902 10.2533 
-1.22875 10.231 
-1.20857 10.2089 
-1.18847 10.1869 
-1.16845 10.165 
-1.14852 10.1433 
-1.12866 10.1216 
-1.10888 10.1 
-1.08918 10.0786 
-1.06956 10.0573 
-1.05002 10.036 
-1.03055 10.0149 
-1.01116 9.99391 
-0.991844 9.973 
-0.972604 9.95221 
-0.953439 9.93151 
-0.934349 9.91093 
-0.915332 9.89044 
-0.896388 9.87006 
-0.877516 9.84979 
-0.858716 9.82961 
-0.839988 9.80954 
-0.821331 9.78957 
-0.802744 9.76969 
-0.784227 9.74992 
-0.765779 9.73025 
-0.747401 9.71067 
-0.72909 9.69119 
-0.710847 9.67181 
-0.692672 9.65253 
-0.674564 9.63334 
-0.656521 9.61424 
-0.638545 9.59525 
-0.620634 9.57634 
-0.602788 9.55753 
-0.585007 9.53881 
-0.567289 9.52018 
-0.549635 9.50165 
-0.532044 9.48321 
-0.514515 9.46485 
-0.497049 9.44659 
-0.479645 9.42842 
-0.462301 9.41034 
-0.445019 9.39234 
-0.427797 9.37443 
-0.410635 9.35661 
-0.393532 9.33888 
-0.376488 9.32123 
-0.359504 9.30367 
-0.342577 9.2862 
-0.325708 9.26881 
-0.308897 9.2515 
-0.292143 9.23428 
-0.275445 9.21714 
-0.258804 9.20008 
-0.242218 9.18311 
-0.225688 9.16622 
-0.209213 9.14941 
-0.192792 9.13268 
-0.176426 9.11603 
-0.160114 9.09946 
-0.143855 9.08297 
-0.127649 9.06656 
-0.111496 9.05023 
-0.0953959 9.03398 
-0.0793474 9.0178 
-0.0633506 9.0017 
-0.0474052 8.98568 
-0.0315106 8.96974 
-0.0156667 8.95387 
0.000126991 8.93808 
0.0158708 8.92236 
0.031565 8.90671 
0.04721 8.89114 
0.0628062 8.87565 
0.0783538 8.86023 
0.0938532 8.84488 
0.109305 8.8296 
0.124709 8.8144 
0.140066 8.79926 
0.155375 8.7842 
0.170639 8.76921 
0.185856 8.75429 
0.201027 8.73944 
0.216153 8.72466 
0.231233 8.70996 
0.246268 8.69531 
0.261259 8.68074 
0.276205 8.66624 
0.291107 8.6518 
0.305965 8.63743 
0.32078 8.62313 
0.335552 8.6089 
0.35028 8.59473 
0.364966 8.58063 
0.37961 8.56659 
0.394212 8.55262 
0.408772 8.53872 
0.423291 8.52488 
0.437768 8.5111 
0.452204 8.49739 
0.4666 8.48374 
0.480956 8.47016 
0.495271 8.45663 
0.509546 8.44317 
0.523782 8.42978 
0.537979 8.41644 
0.552137 8.40317 
0.566256 8.38996 
0.580336 8.37681 
0.594378 8.36372 
0.608382 8.35069 
0.622349 8.33772 
0.636278 8.32481 
0.650169 8.31196 
0.664024 8.29916 
0.677842 8.28643 
0.691623 8.27376 
0.705369 8.26114 
0.719078 8.24859 
0.732751 8.23609 
0.746389 8.22364 
0.759992 8.21126 
0.773559 8.19893 
0.787092 8.18666 
0.80059 8.17444 
0.814053 8.16228 
0.827483 8.15018 
0.840878 8.13813 
0.85424 8.12613 
0.867569 8.1142 
0.880864 8.10231 
0.894126 8.09048 
0.907355 8.07871 
0.920552 8.06698 
0.933716 8.05531 
0.946848 8.0437 
0.959948 8.03214 
0.973017 8.02063 
0.986054 8.00917 
0.999059 7.99776 
1.01203 7.98641 
1.02498 7.97511 
1.03789 7.96386 
1.05077 7.95266 
1.06362 7.94151 
1.07645 7.93041 
1.08924 7.91937 
1.102 7.90837 
1.11473 7.89742 
1.12743 7.88652 
1.14011 7.87568 
1.15275 7.86488 
1.16537 7.85413 
1.17796 7.84343 
1.19052 7.83277 
1.20305 7.82217 
1.21555 7.81161 
1.22803 7.8011 
1.24047 7.79064 
1.25289 7.78023 
1.26529 7.76986 
1.27765 7.75955 
1.28999 7.74927 
1.3023 7.73905 
1.31459 7.72887 
1.32685 7.71873 
1.33908 7.70865 
1.35128 7.6986 
1.36347 7.68861 
1.37562 7.67865 
1.38775 7.66875 
1.39985 7.65889 
1.41193 7.64907 
1.42398 7.6393 
1.43601 7.62957 
1.44802 7.61988 
1.46 7.61024 
1.47195 7.60065 
1.48388 7.59109 
1.49579 7.58158 
1.50767 7.57211 
1.51953 7.56269 
1.53136 7.55331 
1.54317 7.54397 
1.55496 7.53467 
1.56673 7.52541 
1.57847 7.5162 
1.59019 7.50703 
1.60188 7.4979 
1.61356 7.48881 
1.62521 7.47976 
1.63684 7.47075 
1.64844 7.46179 
1.66003 7.45286 
1.67159 7.44397 
1.68313 7.43513 
1.69465 7.42632 
1.70615 7.41756 
1.71763 7.40883 
1.72908 7.40015 
1.74052 7.3915 
1.75193 7.38289 
1.76332 7.37432 
1.7747 7.36579 
1.78605 7.3573 
1.79738 7.34885 
1.80869 7.34044 
1.81998 7.33206 
1.83125 7.32372 
1.8425 7.31542 
1.85374 7.30716 
1.86495 7.29893 
1.87614 7.29074 
1.88731 7.28259 
1.89847 7.27448 
1.9096 7.2664 
1.92072 7.25836 
1.93182 7.25036 
1.94289 7.24239 
1.95395 7.23446 
1.965 7.22657 
1.97602 7.21871 
1.98702 7.21089 
1.99801 7.2031 
2.00898 7.19535 
2.01993 7.18763 
2.03087 7.17995 
2.04178 7.17231 
2.05268 7.16469 
2.06356 7.15712 
2.07443 7.14958 
2.08527 7.14207 
2.0961 7.1346 
2.10692 7.12716 
2.11771 7.11975 
2.12849 7.11238 
2.13925 7.10505 
2.15 7.09774 
2.16073 7.09047 
2.17144 7.08324 
2.18214 7.07604 
2.19282 7.06887 
2.20349 7.06173 
2.21414 7.05463 
2.22477 7.04756 
2.23539 7.04052 
2.24599 7.03351 
2.25658 7.02654 
2.26715 7.0196 
2.27771 7.01269 
2.28825 7.00581 
2.29878 6.99896 
2.30929 6.99215 
2.31979 6.98537 
2.33027 6.97862 
2.34074 6.9719 
2.3512 6.96521 
2.36163 6.95855 
2.37206 6.95193 
2.38247 6.94533 
2.39287 6.93877 
2.40325 6.93223 
2.41362 6.92573 
2.42397 6.91926 
2.43432 6.91282 
2.44464 6.9064 
2.45496 6.90002 
2.46526 6.89367 
2.47555 6.88735 
2.48582 6.88105 
2.49608 6.87479 
2.50633 6.86855 
2.51657 6.86235 
2.52679 6.85617 
2.537 6.85003 
2.54719 6.84391 
2.55738 6.83782 
2.56755 6.83176 
2.57771 6.82573 
2.58786 6.81973 
2.59799 6.81376 
2.60811 6.80781 
2.61822 6.80189 
2.62832 6.796 
2.63841 6.79014 
2.64849 6.78431 
2.65855 6.7785 
2.6686 6.77273 
2.67864 6.76698 
2.68867 6.76126 
2.69868 6.75556 
2.70869 6.74989 
2.71869 6.74425 
2.72867 6.73864 
2.73864 6.73305 
2.7486 6.72749 
2.75855 6.72196 
2.76849 6.71646 
2.77842 6.71098 
2.78834 6.70553 
2.79825 6.7001 
2.80814 6.6947 
2.81803 6.68933 
2.82791 6.68398 
2.83777 6.67866 
2.84763 6.67336 
2.85747 6.6681 
2.86731 6.66285 
2.87713 6.65764 
2.88695 6.65244 
2.89675 6.64728 
2.90655 6.64214 
2.91634 6.63702 
2.92611 6.63193 
2.93588 6.62687 
2.94564 6.62183 
2.95539 6.61681 
2.96513 6.61182 
2.97486 6.60685 
2.98458 6.60191 
2.99429 6.597 
3.00399 6.59211 
3.01368 6.58724 
3.02337 6.5824 
3.03304 6.57758 
3.04271 6.57279 
3.05237 6.56802 
3.06202 6.56327 
3.07166 6.55855 
3.08129 6.55385 
3.09092 6.54918 
3.10053 6.54453 
3.11014 6.5399 
3.11974 6.5353 
3.12933 6.53072 
3.13892 6.52616 
3.14849 6.52163 
3.15806 6.51712 
3.16762 6.51263 
3.17717 6.50817 
3.18671 6.50373 
3.19625 6.49931 
3.20578 6.49492 
3.2153 6.49055 
3.22481 6.4862 
3.23432 6.48187 
3.24382 6.47757 
3.25331 6.47329 
3.26279 6.46903 
3.27227 6.46479 
3.28174 6.46058 
3.2912 6.45639 
3.30066 6.45222 
3.31011 6.44807 
3.31955 6.44395 
3.32899 6.43984 
3.33842 6.43576 
3.34784 6.4317 
3.35725 6.42766 
3.36666 6.42365 
3.37606 6.41965 
3.38546 6.41568 
3.39485 6.41172 
