-3.10862e-15
-6.43929e-15
-9.32587e-15
-1.22125e-14
-1.55431e-14
-1.79856e-14
-2.10942e-14
-2.33147e-14
-2.64233e-14
-2.93099e-14
-3.15303e-14
-3.4861e-14
-3.77476e-14
-3.9968e-14
-4.30767e-14
-4.55191e-14
-4.84057e-14
-5.10703e-14
-5.39568e-14
-5.68434e-14
-5.90639e-14
-6.17284e-14
-6.43929e-14
-6.72795e-14
-6.92779e-14
-7.21645e-14
-7.43849e-14
-7.70495e-14
-7.99361e-14
-8.26006e-14
-8.54872e-14
-8.79297e-14
-8.9484e-14
-9.32587e-14
-9.50351e-14
-9.79217e-14
-1.00364e-13
-1.03029e-13
-1.04805e-13
-1.0747e-13
-1.0969e-13
-1.12133e-13
-1.15019e-13
-1.1835e-13
-1.20126e-13
-1.22347e-13
-1.25011e-13
-1.27232e-13
-1.29896e-13
-1.32783e-13
-1.34559e-13
-1.37446e-13
-1.39666e-13
-1.41887e-13
-1.44773e-13
-1.46549e-13
-1.48992e-13
-1.52101e-13
-1.53877e-13
-1.55875e-13
-1.5854e-13
-1.61204e-13
-1.63203e-13
-1.65645e-13
-1.68088e-13
-1.7053e-13
-1.72973e-13
-1.75193e-13
-1.77858e-13
-1.80078e-13
-1.82743e-13
-1.84963e-13
-1.86962e-13
-1.89404e-13
-1.91624e-13
-1.94067e-13
-1.96509e-13
-1.98952e-13
-2.0095e-13
-2.03393e-13
-2.06279e-13
-2.085e-13
-2.11386e-13
-2.13385e-13
-2.14939e-13
-2.17826e-13
-2.19824e-13
-2.22711e-13
-2.24931e-13
-2.2693e-13
-2.29594e-13
-2.31593e-13
-2.34479e-13
-2.367e-13
-2.39142e-13
-2.4114e-13
-2.43583e-13
-2.45803e-13
-2.48024e-13
-2.50688e-13
-2.52909e-13
-2.54907e-13
-2.57794e-13
-2.59792e-13
-2.62457e-13
-2.64011e-13
-2.67342e-13
-2.69118e-13
-2.71783e-13
-2.74003e-13
-2.76446e-13
-2.78444e-13
-2.8022e-13
-2.83329e-13
-2.84883e-13
-2.87326e-13
-2.8999e-13
-2.91989e-13
-2.94431e-13
-2.97096e-13
-2.98872e-13
-3.0087e-13
-3.03757e-13
-3.05755e-13
-3.0842e-13
-3.1064e-13
-3.12639e-13
-3.15303e-13
-3.1708e-13
-3.19744e-13
-3.21965e-13
-3.24629e-13
-3.2685e-13
-3.28626e-13
-3.31291e-13
-3.33289e-13
-3.35953e-13
-3.38174e-13
-3.3995e-13
-3.42393e-13
-3.44835e-13
-3.47056e-13
-3.48832e-13
-3.51719e-13
-3.53495e-13
-3.56604e-13
-3.58158e-13
-3.60156e-13
-3.62821e-13
-3.64597e-13
-3.67706e-13
-3.69704e-13
-3.71703e-13
-3.74145e-13
-3.75922e-13
-3.78586e-13
-3.80806e-13
-3.82805e-13
-3.85469e-13
-3.87468e-13
-3.89466e-13
-3.91909e-13
-3.94795e-13
-3.96572e-13
-3.99236e-13
-4.01457e-13
-4.03899e-13
-4.06342e-13
-4.0834e-13
-4.11005e-13
-4.13003e-13
-4.14557e-13
-4.17444e-13
-4.19442e-13
-4.21441e-13
-4.24105e-13
-4.26548e-13
-4.28768e-13
-4.31211e-13
-4.33653e-13
-4.35874e-13
-4.38094e-13
-4.40536e-13
-4.42313e-13
-4.44977e-13
-4.4742e-13
-4.4964e-13
-4.51417e-13
-4.54303e-13
-4.56746e-13
-4.58744e-13
-4.60965e-13
-4.63407e-13
-4.65628e-13
-4.67848e-13
-4.69624e-13
-4.72289e-13
-4.74953e-13
-4.77174e-13
-4.79394e-13
-4.81615e-13
-4.83613e-13
-4.86722e-13
-4.88498e-13
-4.90497e-13
-4.92939e-13
-4.95159e-13
-4.9738e-13
-4.99822e-13
-5.01821e-13
-5.04263e-13
-5.06484e-13
-5.08926e-13
-5.11147e-13
-5.12923e-13
-5.15366e-13
-5.17586e-13
-5.20028e-13
-5.22471e-13
-5.24691e-13
-5.2669e-13
-5.29354e-13
-5.31353e-13
-5.33573e-13
-5.35572e-13
-5.38236e-13
-5.40457e-13
-5.43121e-13
-5.44897e-13
-5.4734e-13
-5.49782e-13
-5.52447e-13
-5.54445e-13
-5.56666e-13
-5.58442e-13
-5.61107e-13
-5.63771e-13
-5.65326e-13
-5.67768e-13
-5.70211e-13
-5.71987e-13
-5.73985e-13
-5.77316e-13
-5.79314e-13
-5.81535e-13
-5.83533e-13
-5.86198e-13
-5.88196e-13
-5.90639e-13
-5.92637e-13
-5.95302e-13
-5.973e-13
-5.9952e-13
-6.02185e-13
-6.04405e-13
-6.06182e-13
-6.09068e-13
-6.11289e-13
-6.13509e-13
-6.15952e-13
-6.18172e-13
-6.20393e-13
-6.22169e-13
-6.24611e-13
-6.27276e-13
-6.29274e-13
-6.31495e-13
-6.33715e-13
-6.36602e-13
-6.38822e-13
-6.40377e-13
-6.43485e-13
-6.45484e-13
-6.47482e-13
-6.49703e-13
-6.52145e-13
-6.54365e-13
-6.56808e-13
-6.59028e-13
-6.61249e-13
-6.63469e-13
-6.6569e-13
-6.68132e-13
-6.69909e-13
-6.72351e-13
-6.74794e-13
-6.77236e-13
-6.79901e-13
-6.81455e-13
-6.83897e-13
-6.86118e-13
-6.8856e-13
-6.90781e-13
-6.93223e-13
-6.95444e-13
-6.9722e-13
-6.99663e-13
-7.02549e-13
-7.04325e-13
