0 0 0
0.142857 0 0.433883
0.285714 0 0.781831
0.428571 0 0.974928
0.571429 0 0.974928
0.714286 0 0.781833
0.857143 0 0.433886
1 0 2.65359e-06
0 0.0050025 0
0.142857 0.0050025 0.41337
0.285714 0.0050025 0.744868
0.428571 0.0050025 0.928835
0.571429 0.0050025 0.928836
0.714286 0.0050025 0.744869
0.857143 0.0050025 0.413372
1 0.0050025 0
0 0.010005 0
0.142857 0.010005 0.393827
0.285714 0.010005 0.709652
0.428571 0.010005 0.884922
0.571429 0.010005 0.884922
0.714286 0.010005 0.709653
0.857143 0.010005 0.393828
1 0.010005 0
0 0.0150075 0
0.142857 0.0150075 0.375208
0.285714 0.0150075 0.676101
0.428571 0.0150075 0.843085
0.571429 0.0150075 0.843085
0.714286 0.0150075 0.676102
0.857143 0.0150075 0.375209
1 0.0150075 0
0 0.02001 0
0.142857 0.02001 0.357469
0.285714 0.02001 0.644137
0.428571 0.02001 0.803225
0.571429 0.02001 0.803226
0.714286 0.02001 0.644137
0.857143 0.02001 0.35747
1 0.02001 0
0 0.0250125 0
0.142857 0.0250125 0.340568
0.285714 0.0250125 0.613683
0.428571 0.0250125 0.765251
0.571429 0.0250125 0.765251
0.714286 0.0250125 0.613684
0.857143 0.0250125 0.340569
1 0.0250125 0
0 0.030015 0
0.142857 0.030015 0.324467
0.285714 0.030015 0.584669
0.428571 0.030015 0.729071
0.571429 0.030015 0.729071
0.714286 0.030015 0.58467
0.857143 0.030015 0.324468
1 0.030015 0
0 0.0350175 0
0.142857 0.0350175 0.309127
0.285714 0.0350175 0.557028
0.428571 0.0350175 0.694602
0.571429 0.0350175 0.694602
0.714286 0.0350175 0.557028
0.857143 0.0350175 0.309127
1 0.0350175 0
0 0.04002 0
0.142857 0.04002 0.294512
0.285714 0.04002 0.530692
0.428571 0.04002 0.661763
0.571429 0.04002 0.661763
0.714286 0.04002 0.530693
0.857143 0.04002 0.294512
1 0.04002 0
0 0.0450225 0
0.142857 0.0450225 0.280588
0.285714 0.0450225 0.505602
0.428571 0.0450225 0.630476
0.571429 0.0450225 0.630476
0.714286 0.0450225 0.505603
0.857143 0.0450225 0.280588
1 0.0450225 0
0 0.050025 0
0.142857 0.050025 0.267323
0.285714 0.050025 0.481699
0.428571 0.050025 0.600669
0.571429 0.050025 0.600669
0.714286 0.050025 0.481699
0.857143 0.050025 0.267323
1 0.050025 0
0 0.0550275 0
0.142857 0.0550275 0.254684
0.285714 0.0550275 0.458925
0.428571 0.0550275 0.57227
0.571429 0.0550275 0.57227
0.714286 0.0550275 0.458925
0.857143 0.0550275 0.254684
1 0.0550275 0
0 0.06003 0
0.142857 0.06003 0.242643
0.285714 0.06003 0.437228
0.428571 0.06003 0.545214
0.571429 0.06003 0.545215
0.714286 0.06003 0.437228
0.857143 0.06003 0.242643
1 0.06003 0
0 0.0650325 0
0.142857 0.0650325 0.231172
0.285714 0.0650325 0.416557
0.428571 0.0650325 0.519438
0.571429 0.0650325 0.519438
0.714286 0.0650325 0.416557
0.857143 0.0650325 0.231172
1 0.0650325 0
0 0.070035 0
0.142857 0.070035 0.220242
0.285714 0.070035 0.396863
0.428571 0.070035 0.49488
0.571429 0.070035 0.49488
0.714286 0.070035 0.396863
0.857143 0.070035 0.220242
1 0.070035 0
0 0.0750375 0
0.142857 0.0750375 0.20983
0.285714 0.0750375 0.3781
0.428571 0.0750375 0.471483
0.571429 0.0750375 0.471483
0.714286 0.0750375 0.3781
0.857143 0.0750375 0.20983
1 0.0750375 0
0 0.08004 0
0.142857 0.08004 0.199909
0.285714 0.08004 0.360224
0.428571 0.08004 0.449192
0.571429 0.08004 0.449192
0.714286 0.08004 0.360224
0.857143 0.08004 0.199909
1 0.08004 0
0 0.0850425 0
0.142857 0.0850425 0.190458
0.285714 0.0850425 0.343194
0.428571 0.0850425 0.427955
0.571429 0.0850425 0.427955
0.714286 0.0850425 0.343194
0.857143 0.0850425 0.190458
1 0.0850425 0
0 0.090045 0
0.142857 0.090045 0.181454
0.285714 0.090045 0.326968
0.428571 0.090045 0.407723
0.571429 0.090045 0.407723
0.714286 0.090045 0.326968
0.857143 0.090045 0.181454
1 0.090045 0
0 0.0950475 0
0.142857 0.0950475 0.172875
0.285714 0.0950475 0.31151
0.428571 0.0950475 0.388446
0.571429 0.0950475 0.388446
0.714286 0.0950475 0.31151
0.857143 0.0950475 0.172875
1 0.0950475 0
0 0.10005 0
0.142857 0.10005 0.164702
0.285714 0.10005 0.296782
0.428571 0.10005 0.370081
0.571429 0.10005 0.370081
0.714286 0.10005 0.296782
0.857143 0.10005 0.164702
1 0.10005 0
0 0.105053 0
0.142857 0.105053 0.156915
0.285714 0.105053 0.282751
0.428571 0.105053 0.352585
0.571429 0.105053 0.352585
0.714286 0.105053 0.282751
0.857143 0.105053 0.156915
1 0.105053 0
0 0.110055 0
0.142857 0.110055 0.149496
0.285714 0.110055 0.269383
0.428571 0.110055 0.335915
0.571429 0.110055 0.335915
0.714286 0.110055 0.269383
0.857143 0.110055 0.149496
1 0.110055 0
0 0.115058 0
0.142857 0.115058 0.142428
0.285714 0.115058 0.256647
0.428571 0.115058 0.320034
0.571429 0.115058 0.320034
0.714286 0.115058 0.256647
0.857143 0.115058 0.142428
1 0.115058 0
0 0.12006 0
0.142857 0.12006 0.135695
0.285714 0.12006 0.244513
0.428571 0.12006 0.304903
0.571429 0.12006 0.304903
0.714286 0.12006 0.244513
0.857143 0.12006 0.135695
1 0.12006 0
0 0.125063 0
0.142857 0.125063 0.129279
0.285714 0.125063 0.232953
0.428571 0.125063 0.290488
0.571429 0.125063 0.290488
0.714286 0.125063 0.232953
0.857143 0.125063 0.129279
1 0.125063 0
0 0.130065 0
0.142857 0.130065 0.123167
0.285714 0.130065 0.22194
0.428571 0.130065 0.276754
0.571429 0.130065 0.276754
0.714286 0.130065 0.22194
0.857143 0.130065 0.123167
1 0.130065 0
0 0.135068 0
0.142857 0.135068 0.117344
0.285714 0.135068 0.211447
0.428571 0.135068 0.26367
0.571429 0.135068 0.26367
0.714286 0.135068 0.211447
0.857143 0.135068 0.117344
1 0.135068 0
0 0.14007 0
0.142857 0.14007 0.111796
0.285714 0.14007 0.20145
0.428571 0.14007 0.251204
0.571429 0.14007 0.251204
0.714286 0.14007 0.20145
0.857143 0.14007 0.111796
1 0.14007 0
0 0.145073 0
0.142857 0.145073 0.106511
0.285714 0.145073 0.191926
0.428571 0.145073 0.239328
0.571429 0.145073 0.239328
0.714286 0.145073 0.191926
0.857143 0.145073 0.106511
1 0.145073 0
0 0.150075 0
0.142857 0.150075 0.101475
0.285714 0.150075 0.182852
0.428571 0.150075 0.228013
0.571429 0.150075 0.228013
0.714286 0.150075 0.182852
0.857143 0.150075 0.101475
1 0.150075 0
0 0.155078 0
0.142857 0.155078 0.0966777
0.285714 0.155078 0.174207
0.428571 0.155078 0.217233
0.571429 0.155078 0.217233
0.714286 0.155078 0.174207
0.857143 0.155078 0.0966777
1 0.155078 0
0 0.16008 0
0.142857 0.16008 0.092107
0.285714 0.16008 0.165971
0.428571 0.16008 0.206963
0.571429 0.16008 0.206963
0.714286 0.16008 0.165971
0.857143 0.16008 0.092107
1 0.16008 0
0 0.165083 0
0.142857 0.165083 0.0877524
0.285714 0.165083 0.158124
0.428571 0.165083 0.197178
0.571429 0.165083 0.197178
0.714286 0.165083 0.158124
0.857143 0.165083 0.0877524
1 0.165083 0
0 0.170085 0
0.142857 0.170085 0.0836036
0.285714 0.170085 0.150649
0.428571 0.170085 0.187856
0.571429 0.170085 0.187856
0.714286 0.170085 0.150649
0.857143 0.170085 0.0836036
1 0.170085 0
0 0.175088 0
0.142857 0.175088 0.079651
0.285714 0.175088 0.143526
0.428571 0.175088 0.178974
0.571429 0.175088 0.178974
0.714286 0.175088 0.143526
0.857143 0.175088 0.079651
1 0.175088 0
0 0.18009 0
0.142857 0.18009 0.0758853
0.285714 0.18009 0.136741
0.428571 0.18009 0.170513
0.571429 0.18009 0.170513
0.714286 0.18009 0.136741
0.857143 0.18009 0.0758853
1 0.18009 0
0 0.185093 0
0.142857 0.185093 0.0722976
0.285714 0.185093 0.130276
0.428571 0.185093 0.162451
0.571429 0.185093 0.162451
0.714286 0.185093 0.130276
0.857143 0.185093 0.0722976
1 0.185093 0
0 0.190095 0
0.142857 0.190095 0.0688795
0.285714 0.190095 0.124117
0.428571 0.190095 0.154771
0.571429 0.190095 0.154771
0.714286 0.190095 0.124117
0.857143 0.190095 0.0688795
1 0.190095 0
0 0.195098 0
0.142857 0.195098 0.065623
0.285714 0.195098 0.118249
0.428571 0.195098 0.147454
0.571429 0.195098 0.147454
0.714286 0.195098 0.118249
0.857143 0.195098 0.065623
1 0.195098 0
0 0.2001 0
0.142857 0.2001 0.0625205
0.285714 0.2001 0.112658
0.428571 0.2001 0.140482
0.571429 0.2001 0.140482
0.714286 0.2001 0.112658
0.857143 0.2001 0.0625205
1 0.2001 0
0 0.205103 0
0.142857 0.205103 0.0595647
0.285714 0.205103 0.107332
0.428571 0.205103 0.133841
0.571429 0.205103 0.133841
0.714286 0.205103 0.107332
0.857143 0.205103 0.0595647
1 0.205103 0
0 0.210105 0
0.142857 0.210105 0.0567486
0.285714 0.210105 0.102257
0.428571 0.210105 0.127513
0.571429 0.210105 0.127513
0.714286 0.210105 0.102257
0.857143 0.210105 0.0567486
1 0.210105 0
0 0.215108 0
0.142857 0.215108 0.0540656
0.285714 0.215108 0.0974229
0.428571 0.215108 0.121484
0.571429 0.215108 0.121484
0.714286 0.215108 0.0974229
0.857143 0.215108 0.0540656
1 0.215108 0
0 0.22011 0
0.142857 0.22011 0.0515095
0.285714 0.22011 0.0928169
0.428571 0.22011 0.115741
0.571429 0.22011 0.115741
0.714286 0.22011 0.0928169
0.857143 0.22011 0.0515095
1 0.22011 0
0 0.225113 0
0.142857 0.225113 0.0490742
0.285714 0.225113 0.0884287
0.428571 0.225113 0.110269
0.571429 0.225113 0.110269
0.714286 0.225113 0.0884287
0.857143 0.225113 0.0490743
1 0.225113 0
0 0.230115 0
0.142857 0.230115 0.0467541
0.285714 0.230115 0.084248
0.428571 0.230115 0.105056
0.571429 0.230115 0.105056
0.714286 0.230115 0.084248
0.857143 0.230115 0.0467541
1 0.230115 0
0 0.235118 0
0.142857 0.235118 0.0445437
0.285714 0.235118 0.0802649
0.428571 0.235118 0.100089
0.571429 0.235118 0.100089
0.714286 0.235118 0.0802649
0.857143 0.235118 0.0445437
1 0.235118 0
0 0.24012 0
0.142857 0.24012 0.0424377
0.285714 0.24012 0.0764702
0.428571 0.24012 0.0953568
0.571429 0.24012 0.0953568
0.714286 0.24012 0.0764702
0.857143 0.24012 0.0424377
1 0.24012 0
0 0.245123 0
0.142857 0.245123 0.0404314
0.285714 0.245123 0.0728548
0.428571 0.245123 0.0908485
0.571429 0.245123 0.0908485
0.714286 0.245123 0.0728548
0.857143 0.245123 0.0404314
1 0.245123 0
0 0.250125 0
0.142857 0.250125 0.0385199
0.285714 0.250125 0.0694104
0.428571 0.250125 0.0865534
0.571429 0.250125 0.0865534
0.714286 0.250125 0.0694104
0.857143 0.250125 0.0385199
1 0.250125 0
0 0.255128 0
0.142857 0.255128 0.0366987
0.285714 0.255128 0.0661288
0.428571 0.255128 0.0824613
0.571429 0.255128 0.0824613
0.714286 0.255128 0.0661288
0.857143 0.255128 0.0366987
1 0.255128 0
0 0.26013 0
0.142857 0.26013 0.0349637
0.285714 0.26013 0.0630024
0.428571 0.26013 0.0785627
0.571429 0.26013 0.0785627
0.714286 0.26013 0.0630024
0.857143 0.26013 0.0349637
1 0.26013 0
0 0.265133 0
0.142857 0.265133 0.0333107
0.285714 0.265133 0.0600238
0.428571 0.265133 0.0748484
0.571429 0.265133 0.0748484
0.714286 0.265133 0.0600238
0.857143 0.265133 0.0333107
1 0.265133 0
0 0.270135 0
0.142857 0.270135 0.0317358
0.285714 0.270135 0.057186
0.428571 0.270135 0.0713097
0.571429 0.270135 0.0713097
0.714286 0.270135 0.057186
0.857143 0.270135 0.0317358
1 0.270135 0
0 0.275138 0
0.142857 0.275138 0.0302354
0.285714 0.275138 0.0544823
0.428571 0.275138 0.0679384
0.571429 0.275138 0.0679384
0.714286 0.275138 0.0544823
0.857143 0.275138 0.0302354
1 0.275138 0
0 0.28014 0
0.142857 0.28014 0.0288059
0.285714 0.28014 0.0519065
0.428571 0.28014 0.0647264
0.571429 0.28014 0.0647264
0.714286 0.28014 0.0519065
0.857143 0.28014 0.0288059
1 0.28014 0
0 0.285143 0
0.142857 0.285143 0.0274441
0.285714 0.285143 0.0494525
0.428571 0.285143 0.0616662
0.571429 0.285143 0.0616662
0.714286 0.285143 0.0494525
0.857143 0.285143 0.0274441
1 0.285143 0
0 0.290145 0
0.142857 0.290145 0.0261466
0.285714 0.290145 0.0471145
0.428571 0.290145 0.0587508
0.571429 0.290145 0.0587508
0.714286 0.290145 0.0471145
0.857143 0.290145 0.0261466
1 0.290145 0
0 0.295148 0
0.142857 0.295148 0.0249104
0.285714 0.295148 0.044887
0.428571 0.295148 0.0559732
0.571429 0.295148 0.0559732
0.714286 0.295148 0.044887
0.857143 0.295148 0.0249104
1 0.295148 0
0 0.30015 0
0.142857 0.30015 0.0237327
0.285714 0.30015 0.0427648
0.428571 0.30015 0.0533269
0.571429 0.30015 0.0533269
0.714286 0.30015 0.0427648
0.857143 0.30015 0.0237327
1 0.30015 0
0 0.305153 0
0.142857 0.305153 0.0226107
0.285714 0.305153 0.040743
0.428571 0.305153 0.0508057
0.571429 0.305153 0.0508057
0.714286 0.305153 0.040743
0.857143 0.305153 0.0226107
1 0.305153 0
0 0.310155 0
0.142857 0.310155 0.0215417
0.285714 0.310155 0.0388168
0.428571 0.310155 0.0484037
0.571429 0.310155 0.0484037
0.714286 0.310155 0.0388168
0.857143 0.310155 0.0215417
1 0.310155 0
0 0.315158 0
0.142857 0.315158 0.0205232
0.285714 0.315158 0.0369816
0.428571 0.315158 0.0461153
0.571429 0.315158 0.0461153
0.714286 0.315158 0.0369816
0.857143 0.315158 0.0205232
1 0.315158 0
0 0.32016 0
0.142857 0.32016 0.0195529
0.285714 0.32016 0.0352332
0.428571 0.32016 0.043935
0.571429 0.32016 0.043935
0.714286 0.32016 0.0352332
0.857143 0.32016 0.0195529
1 0.32016 0
0 0.325163 0
0.142857 0.325163 0.0186285
0.285714 0.325163 0.0335674
0.428571 0.325163 0.0418579
0.571429 0.325163 0.0418579
0.714286 0.325163 0.0335674
0.857143 0.325163 0.0186285
1 0.325163 0
0 0.330165 0
0.142857 0.330165 0.0177478
0.285714 0.330165 0.0319804
0.428571 0.330165 0.0398789
0.571429 0.330165 0.0398789
0.714286 0.330165 0.0319804
0.857143 0.330165 0.0177478
1 0.330165 0
0 0.335168 0
0.142857 0.335168 0.0169087
0.285714 0.335168 0.0304685
0.428571 0.335168 0.0379935
0.571429 0.335168 0.0379935
0.714286 0.335168 0.0304685
0.857143 0.335168 0.0169087
1 0.335168 0
0 0.34017 0
0.142857 0.34017 0.0161093
0.285714 0.34017 0.029028
0.428571 0.34017 0.0361973
0.571429 0.34017 0.0361973
0.714286 0.34017 0.029028
0.857143 0.34017 0.0161093
1 0.34017 0
0 0.345173 0
0.142857 0.345173 0.0153477
0.285714 0.345173 0.0276556
0.428571 0.345173 0.034486
0.571429 0.345173 0.034486
0.714286 0.345173 0.0276556
0.857143 0.345173 0.0153477
1 0.345173 0
0 0.350175 0
0.142857 0.350175 0.0146221
0.285714 0.350175 0.0263481
0.428571 0.350175 0.0328555
0.571429 0.350175 0.0328555
0.714286 0.350175 0.0263481
0.857143 0.350175 0.0146221
1 0.350175 0
0 0.355178 0
0.142857 0.355178 0.0139308
0.285714 0.355178 0.0251024
0.428571 0.355178 0.0313022
0.571429 0.355178 0.0313022
0.714286 0.355178 0.0251024
0.857143 0.355178 0.0139308
1 0.355178 0
0 0.36018 0
0.142857 0.36018 0.0132722
0.285714 0.36018 0.0239156
0.428571 0.36018 0.0298223
0.571429 0.36018 0.0298223
0.714286 0.36018 0.0239156
0.857143 0.36018 0.0132722
1 0.36018 0
0 0.365183 0
0.142857 0.365183 0.0126447
0.285714 0.365183 0.0227849
0.428571 0.365183 0.0284123
0.571429 0.365183 0.0284123
0.714286 0.365183 0.0227849
0.857143 0.365183 0.0126447
1 0.365183 0
0 0.370185 0
0.142857 0.370185 0.0120469
0.285714 0.370185 0.0217077
0.428571 0.370185 0.0270691
0.571429 0.370185 0.0270691
0.714286 0.370185 0.0217077
0.857143 0.370185 0.0120469
1 0.370185 0
0 0.375188 0
0.142857 0.375188 0.0114773
0.285714 0.375188 0.0206814
0.428571 0.375188 0.0257893
0.571429 0.375188 0.0257893
0.714286 0.375188 0.0206814
0.857143 0.375188 0.0114773
1 0.375188 0
0 0.38019 0
0.142857 0.38019 0.0109347
0.285714 0.38019 0.0197036
0.428571 0.38019 0.02457
0.571429 0.38019 0.02457
0.714286 0.38019 0.0197036
0.857143 0.38019 0.0109347
1 0.38019 0
0 0.385193 0
0.142857 0.385193 0.0104177
0.285714 0.385193 0.0187721
0.428571 0.385193 0.0234084
0.571429 0.385193 0.0234084
0.714286 0.385193 0.0187721
0.857143 0.385193 0.0104177
1 0.385193 0
0 0.390195 0
0.142857 0.390195 0.0099252
0.285714 0.390195 0.0178846
0.428571 0.390195 0.0223017
0.571429 0.390195 0.0223017
0.714286 0.390195 0.0178846
0.857143 0.390195 0.0099252
1 0.390195 0
0 0.395198 0
0.142857 0.395198 0.00945595
0.285714 0.395198 0.017039
0.428571 0.395198 0.0212473
0.571429 0.395198 0.0212473
0.714286 0.395198 0.017039
0.857143 0.395198 0.00945595
1 0.395198 0
0 0.4002 0
0.142857 0.4002 0.0090089
0.285714 0.4002 0.0162335
0.428571 0.4002 0.0202428
0.571429 0.4002 0.0202428
0.714286 0.4002 0.0162335
0.857143 0.4002 0.0090089
1 0.4002 0
0 0.405203 0
0.142857 0.405203 0.00858297
0.285714 0.405203 0.015466
0.428571 0.405203 0.0192858
0.571429 0.405203 0.0192858
0.714286 0.405203 0.015466
0.857143 0.405203 0.00858297
1 0.405203 0
0 0.410205 0
0.142857 0.410205 0.00817719
0.285714 0.410205 0.0147348
0.428571 0.410205 0.018374
0.571429 0.410205 0.018374
0.714286 0.410205 0.0147348
0.857143 0.410205 0.00817719
1 0.410205 0
0 0.415208 0
0.142857 0.415208 0.00779059
0.285714 0.415208 0.0140382
0.428571 0.415208 0.0175053
0.571429 0.415208 0.0175053
0.714286 0.415208 0.0140382
0.857143 0.415208 0.00779059
1 0.415208 0
0 0.42021 0
0.142857 0.42021 0.00742226
0.285714 0.42021 0.0133745
0.428571 0.42021 0.0166777
0.571429 0.42021 0.0166777
0.714286 0.42021 0.0133745
0.857143 0.42021 0.00742226
1 0.42021 0
0 0.425213 0
0.142857 0.425213 0.00707136
0.285714 0.425213 0.0127421
0.428571 0.425213 0.0158892
0.571429 0.425213 0.0158892
0.714286 0.425213 0.0127421
0.857143 0.425213 0.00707136
1 0.425213 0
0 0.430215 0
0.142857 0.430215 0.00673704
0.285714 0.430215 0.0121397
0.428571 0.430215 0.015138
0.571429 0.430215 0.015138
0.714286 0.430215 0.0121397
0.857143 0.430215 0.00673704
1 0.430215 0
0 0.435218 0
0.142857 0.435218 0.00641852
0.285714 0.435218 0.0115658
0.428571 0.435218 0.0144223
0.571429 0.435218 0.0144223
0.714286 0.435218 0.0115658
0.857143 0.435218 0.00641852
1 0.435218 0
0 0.44022 0
0.142857 0.44022 0.00611507
0.285714 0.44022 0.011019
0.428571 0.44022 0.0137404
0.571429 0.44022 0.0137404
0.714286 0.44022 0.011019
0.857143 0.44022 0.00611507
1 0.44022 0
0 0.445223 0
0.142857 0.445223 0.00582596
0.285714 0.445223 0.010498
0.428571 0.445223 0.0130908
0.571429 0.445223 0.0130908
0.714286 0.445223 0.010498
0.857143 0.445223 0.00582596
1 0.445223 0
0 0.450225 0
0.142857 0.450225 0.00555052
0.285714 0.450225 0.0100017
0.428571 0.450225 0.0124719
0.571429 0.450225 0.0124719
0.714286 0.450225 0.0100017
0.857143 0.450225 0.00555052
1 0.450225 0
0 0.455228 0
0.142857 0.455228 0.0052881
0.285714 0.455228 0.00952883
0.428571 0.455228 0.0118823
0.571429 0.455228 0.0118823
0.714286 0.455228 0.00952883
0.857143 0.455228 0.0052881
1 0.455228 0
0 0.46023 0
0.142857 0.46023 0.00503809
0.285714 0.46023 0.00907833
0.428571 0.46023 0.0113205
0.571429 0.46023 0.0113205
0.714286 0.46023 0.00907833
0.857143 0.46023 0.00503809
1 0.46023 0
0 0.465233 0
0.142857 0.465233 0.0047999
0.285714 0.465233 0.00864913
0.428571 0.465233 0.0107853
0.571429 0.465233 0.0107853
0.714286 0.465233 0.00864913
0.857143 0.465233 0.0047999
1 0.465233 0
0 0.470235 0
0.142857 0.470235 0.00457297
0.285714 0.470235 0.00824021
0.428571 0.470235 0.0102754
0.571429 0.470235 0.0102754
0.714286 0.470235 0.00824021
0.857143 0.470235 0.00457297
1 0.470235 0
0 0.475238 0
0.142857 0.475238 0.00435677
0.285714 0.475238 0.00785063
0.428571 0.475238 0.00978958
0.571429 0.475238 0.00978958
0.714286 0.475238 0.00785063
0.857143 0.475238 0.00435677
1 0.475238 0
0 0.48024 0
0.142857 0.48024 0.00415079
0.285714 0.48024 0.00747947
0.428571 0.48024 0.00932675
0.571429 0.48024 0.00932675
0.714286 0.48024 0.00747947
0.857143 0.48024 0.00415079
1 0.48024 0
0 0.485243 0
0.142857 0.485243 0.00395455
0.285714 0.485243 0.00712586
0.428571 0.485243 0.0088858
0.571429 0.485243 0.0088858
0.714286 0.485243 0.00712586
0.857143 0.485243 0.00395455
1 0.485243 0
0 0.490245 0
0.142857 0.490245 0.00376759
0.285714 0.490245 0.00678896
0.428571 0.490245 0.0084657
0.571429 0.490245 0.0084657
0.714286 0.490245 0.00678896
0.857143 0.490245 0.00376759
1 0.490245 0
0 0.495248 0
0.142857 0.495248 0.00358947
0.285714 0.495248 0.00646799
0.428571 0.495248 0.00806546
0.571429 0.495248 0.00806546
0.714286 0.495248 0.00646799
0.857143 0.495248 0.00358947
1 0.495248 0
0 0.50025 0
0.142857 0.50025 0.00341976
0.285714 0.50025 0.0061622
0.428571 0.50025 0.00768414
0.571429 0.50025 0.00768414
0.714286 0.50025 0.0061622
0.857143 0.50025 0.00341976
1 0.50025 0
0 0.505253 0
0.142857 0.505253 0.00325808
0.285714 0.505253 0.00587086
0.428571 0.505253 0.00732085
0.571429 0.505253 0.00732085
0.714286 0.505253 0.00587086
0.857143 0.505253 0.00325808
1 0.505253 0
0 0.510255 0
0.142857 0.510255 0.00310405
0.285714 0.510255 0.0055933
0.428571 0.510255 0.00697473
0.571429 0.510255 0.00697473
0.714286 0.510255 0.0055933
0.857143 0.510255 0.00310405
1 0.510255 0
0 0.515258 0
0.142857 0.515258 0.0029573
0.285714 0.515258 0.00532886
0.428571 0.515258 0.00664498
0.571429 0.515258 0.00664498
0.714286 0.515258 0.00532886
0.857143 0.515258 0.0029573
1 0.515258 0
0 0.52026 0
0.142857 0.52026 0.00281748
0.285714 0.52026 0.00507692
0.428571 0.52026 0.00633082
0.571429 0.52026 0.00633082
0.714286 0.52026 0.00507692
0.857143 0.52026 0.00281748
1 0.52026 0
0 0.525263 0
0.142857 0.525263 0.00268428
0.285714 0.525263 0.0048369
0.428571 0.525263 0.00603151
0.571429 0.525263 0.00603151
0.714286 0.525263 0.0048369
0.857143 0.525263 0.00268428
1 0.525263 0
0 0.530265 0
0.142857 0.530265 0.00255737
0.285714 0.530265 0.00460822
0.428571 0.530265 0.00574636
0.571429 0.530265 0.00574636
0.714286 0.530265 0.00460822
0.857143 0.530265 0.00255737
1 0.530265 0
0 0.535268 0
0.142857 0.535268 0.00243646
0.285714 0.535268 0.00439035
0.428571 0.535268 0.00547468
0.571429 0.535268 0.00547468
0.714286 0.535268 0.00439035
0.857143 0.535268 0.00243646
1 0.535268 0
0 0.54027 0
0.142857 0.54027 0.00232127
0.285714 0.54027 0.00418279
0.428571 0.54027 0.00521585
0.571429 0.54027 0.00521585
0.714286 0.54027 0.00418279
0.857143 0.54027 0.00232127
1 0.54027 0
0 0.545273 0
0.142857 0.545273 0.00221153
0.285714 0.545273 0.00398503
0.428571 0.545273 0.00496925
0.571429 0.545273 0.00496925
0.714286 0.545273 0.00398503
0.857143 0.545273 0.00221153
1 0.545273 0
0 0.550275 0
0.142857 0.550275 0.00210697
0.285714 0.550275 0.00379663
0.428571 0.550275 0.00473432
0.571429 0.550275 0.00473432
0.714286 0.550275 0.00379663
0.857143 0.550275 0.00210697
1 0.550275 0
0 0.555278 0
0.142857 0.555278 0.00200736
0.285714 0.555278 0.00361713
0.428571 0.555278 0.00451049
0.571429 0.555278 0.00451049
0.714286 0.555278 0.00361713
0.857143 0.555278 0.00200736
1 0.555278 0
0 0.56028 0
0.142857 0.56028 0.00191245
0.285714 0.56028 0.00344612
0.428571 0.56028 0.00429724
0.571429 0.56028 0.00429724
0.714286 0.56028 0.00344612
0.857143 0.56028 0.00191245
1 0.56028 0
0 0.565283 0
0.142857 0.565283 0.00182204
0.285714 0.565283 0.0032832
0.428571 0.565283 0.00409408
0.571429 0.565283 0.00409408
0.714286 0.565283 0.0032832
0.857143 0.565283 0.00182204
1 0.565283 0
0 0.570285 0
0.142857 0.570285 0.00173589
0.285714 0.570285 0.00312797
0.428571 0.570285 0.00390052
0.571429 0.570285 0.00390052
0.714286 0.570285 0.00312797
0.857143 0.570285 0.00173589
1 0.570285 0
0 0.575288 0
0.142857 0.575288 0.00165382
0.285714 0.575288 0.00298009
0.428571 0.575288 0.00371611
0.571429 0.575288 0.00371611
0.714286 0.575288 0.00298009
0.857143 0.575288 0.00165382
1 0.575288 0
0 0.58029 0
0.142857 0.58029 0.00157564
0.285714 0.58029 0.0028392
0.428571 0.58029 0.00354042
0.571429 0.58029 0.00354042
0.714286 0.58029 0.0028392
0.857143 0.58029 0.00157564
1 0.58029 0
0 0.585293 0
0.142857 0.585293 0.00150114
0.285714 0.585293 0.00270497
0.428571 0.585293 0.00337304
0.571429 0.585293 0.00337304
0.714286 0.585293 0.00270497
0.857143 0.585293 0.00150114
1 0.585293 0
0 0.590295 0
0.142857 0.590295 0.00143017
0.285714 0.590295 0.00257708
0.428571 0.590295 0.00321357
0.571429 0.590295 0.00321357
0.714286 0.590295 0.00257708
0.857143 0.590295 0.00143017
1 0.590295 0
0 0.595298 0
0.142857 0.595298 0.00136256
0.285714 0.595298 0.00245524
0.428571 0.595298 0.00306164
0.571429 0.595298 0.00306164
0.714286 0.595298 0.00245524
0.857143 0.595298 0.00136256
1 0.595298 0
0 0.6003 0
0.142857 0.6003 0.00129814
0.285714 0.6003 0.00233916
0.428571 0.6003 0.00291689
0.571429 0.6003 0.00291689
0.714286 0.6003 0.00233916
0.857143 0.6003 0.00129814
1 0.6003 0
0 0.605303 0
0.142857 0.605303 0.00123676
0.285714 0.605303 0.00222857
0.428571 0.605303 0.00277898
0.571429 0.605303 0.00277898
0.714286 0.605303 0.00222857
0.857143 0.605303 0.00123676
1 0.605303 0
0 0.610305 0
0.142857 0.610305 0.00117829
0.285714 0.610305 0.00212321
0.428571 0.610305 0.0026476
0.571429 0.610305 0.0026476
0.714286 0.610305 0.00212321
0.857143 0.610305 0.00117829
1 0.610305 0
0 0.615308 0
0.142857 0.615308 0.00112258
0.285714 0.615308 0.00202283
0.428571 0.615308 0.00252243
0.571429 0.615308 0.00252243
0.714286 0.615308 0.00202283
0.857143 0.615308 0.00112258
1 0.615308 0
0 0.62031 0
0.142857 0.62031 0.00106951
0.285714 0.62031 0.00192719
0.428571 0.62031 0.00240317
0.571429 0.62031 0.00240317
0.714286 0.62031 0.00192719
0.857143 0.62031 0.00106951
1 0.62031 0
0 0.625313 0
0.142857 0.625313 0.00101895
0.285714 0.625313 0.00183608
0.428571 0.625313 0.00228955
0.571429 0.625313 0.00228955
0.714286 0.625313 0.00183608
0.857143 0.625313 0.00101895
1 0.625313 0
0 0.630315 0
0.142857 0.630315 0.000970773
0.285714 0.630315 0.00174927
0.428571 0.630315 0.00218131
0.571429 0.630315 0.00218131
0.714286 0.630315 0.00174927
0.857143 0.630315 0.000970773
1 0.630315 0
0 0.635318 0
0.142857 0.635318 0.000924877
0.285714 0.635318 0.00166657
0.428571 0.635318 0.00207818
0.571429 0.635318 0.00207818
0.714286 0.635318 0.00166657
0.857143 0.635318 0.000924877
1 0.635318 0
0 0.64032 0
0.142857 0.64032 0.000881151
0.285714 0.64032 0.00158778
0.428571 0.64032 0.00197993
0.571429 0.64032 0.00197993
0.714286 0.64032 0.00158778
0.857143 0.64032 0.000881151
1 0.64032 0
0 0.645323 0
0.142857 0.645323 0.000839492
0.285714 0.645323 0.00151271
0.428571 0.645323 0.00188632
0.571429 0.645323 0.00188632
0.714286 0.645323 0.00151271
0.857143 0.645323 0.000839492
1 0.645323 0
0 0.650325 0
0.142857 0.650325 0.000799803
0.285714 0.650325 0.00144119
0.428571 0.650325 0.00179714
0.571429 0.650325 0.00179714
0.714286 0.650325 0.00144119
0.857143 0.650325 0.000799803
1 0.650325 0
0 0.655328 0
0.142857 0.655328 0.00076199
0.285714 0.655328 0.00137306
0.428571 0.655328 0.00171218
0.571429 0.655328 0.00171218
0.714286 0.655328 0.00137306
0.857143 0.655328 0.00076199
1 0.655328 0
0 0.66033 0
0.142857 0.66033 0.000725964
0.285714 0.66033 0.00130814
0.428571 0.66033 0.00163123
0.571429 0.66033 0.00163123
0.714286 0.66033 0.00130814
0.857143 0.66033 0.000725964
1 0.66033 0
0 0.665333 0
0.142857 0.665333 0.000691642
0.285714 0.665333 0.0012463
0.428571 0.665333 0.00155411
0.571429 0.665333 0.00155411
0.714286 0.665333 0.0012463
0.857143 0.665333 0.000691642
1 0.665333 0
0 0.670335 0
0.142857 0.670335 0.000658943
0.285714 0.670335 0.00118737
0.428571 0.670335 0.00148063
0.571429 0.670335 0.00148063
0.714286 0.670335 0.00118737
0.857143 0.670335 0.000658943
1 0.670335 0
0 0.675338 0
0.142857 0.675338 0.000627789
0.285714 0.675338 0.00113124
0.428571 0.675338 0.00141063
0.571429 0.675338 0.00141063
0.714286 0.675338 0.00113124
0.857143 0.675338 0.000627789
1 0.675338 0
0 0.68034 0
0.142857 0.68034 0.000598109
0.285714 0.68034 0.00107775
0.428571 0.68034 0.00134394
0.571429 0.68034 0.00134394
0.714286 0.68034 0.00107775
0.857143 0.68034 0.000598109
1 0.68034 0
0 0.685343 0
0.142857 0.685343 0.000569831
0.285714 0.685343 0.0010268
0.428571 0.685343 0.0012804
0.571429 0.685343 0.0012804
0.714286 0.685343 0.0010268
0.857143 0.685343 0.000569831
1 0.685343 0
0 0.690345 0
0.142857 0.690345 0.000542891
0.285714 0.690345 0.000978256
0.428571 0.690345 0.00121986
0.571429 0.690345 0.00121986
0.714286 0.690345 0.000978256
0.857143 0.690345 0.000542891
1 0.690345 0
0 0.695348 0
0.142857 0.695348 0.000517224
0.285714 0.695348 0.000932006
0.428571 0.695348 0.00116219
0.571429 0.695348 0.00116219
0.714286 0.695348 0.000932006
0.857143 0.695348 0.000517224
1 0.695348 0
0 0.70035 0
0.142857 0.70035 0.000492771
0.285714 0.70035 0.000887942
0.428571 0.70035 0.00110725
0.571429 0.70035 0.00110725
0.714286 0.70035 0.000887942
0.857143 0.70035 0.000492771
1 0.70035 0
0 0.705353 0
0.142857 0.705353 0.000469474
0.285714 0.705353 0.000845962
0.428571 0.705353 0.0010549
0.571429 0.705353 0.0010549
0.714286 0.705353 0.000845962
0.857143 0.705353 0.000469474
1 0.705353 0
0 0.710355 0
0.142857 0.710355 0.000447278
0.285714 0.710355 0.000805967
0.428571 0.710355 0.00100502
0.571429 0.710355 0.00100502
0.714286 0.710355 0.000805967
0.857143 0.710355 0.000447278
1 0.710355 0
0 0.715358 0
0.142857 0.715358 0.000426132
0.285714 0.715358 0.000767863
0.428571 0.715358 0.000957509
0.571429 0.715358 0.000957509
0.714286 0.715358 0.000767863
0.857143 0.715358 0.000426132
1 0.715358 0
0 0.72036 0
0.142857 0.72036 0.000405985
0.285714 0.72036 0.00073156
0.428571 0.72036 0.00091224
0.571429 0.72036 0.00091224
0.714286 0.72036 0.00073156
0.857143 0.72036 0.000405985
1 0.72036 0
0 0.725363 0
0.142857 0.725363 0.000386791
0.285714 0.725363 0.000696973
0.428571 0.725363 0.000869111
0.571429 0.725363 0.000869111
0.714286 0.725363 0.000696973
0.857143 0.725363 0.000386791
1 0.725363 0
0 0.730365 0
0.142857 0.730365 0.000368504
0.285714 0.730365 0.000664022
0.428571 0.730365 0.000828021
0.571429 0.730365 0.000828021
0.714286 0.730365 0.000664022
0.857143 0.730365 0.000368504
1 0.730365 0
0 0.735368 0
0.142857 0.735368 0.000351082
0.285714 0.735368 0.000632628
0.428571 0.735368 0.000788874
0.571429 0.735368 0.000788874
0.714286 0.735368 0.000632628
0.857143 0.735368 0.000351082
1 0.735368 0
0 0.74037 0
0.142857 0.74037 0.000334484
0.285714 0.74037 0.000602719
0.428571 0.74037 0.000751578
0.571429 0.74037 0.000751578
0.714286 0.74037 0.000602719
0.857143 0.74037 0.000334484
1 0.74037 0
0 0.745373 0
0.142857 0.745373 0.00031867
0.285714 0.745373 0.000574223
0.428571 0.745373 0.000716045
0.571429 0.745373 0.000716045
0.714286 0.745373 0.000574223
0.857143 0.745373 0.00031867
1 0.745373 0
0 0.750375 0
0.142857 0.750375 0.000303604
0.285714 0.750375 0.000547075
0.428571 0.750375 0.000682192
0.571429 0.750375 0.000682192
0.714286 0.750375 0.000547075
0.857143 0.750375 0.000303604
1 0.750375 0
0 0.755378 0
0.142857 0.755378 0.00028925
0.285714 0.755378 0.000521211
0.428571 0.755378 0.000649939
0.571429 0.755378 0.000649939
0.714286 0.755378 0.000521211
0.857143 0.755378 0.00028925
1 0.755378 0
0 0.76038 0
0.142857 0.76038 0.000275575
0.285714 0.76038 0.000496569
0.428571 0.76038 0.000619211
0.571429 0.76038 0.000619211
0.714286 0.76038 0.000496569
0.857143 0.76038 0.000275575
1 0.76038 0
0 0.765383 0
0.142857 0.765383 0.000262546
0.285714 0.765383 0.000473092
0.428571 0.765383 0.000589936
0.571429 0.765383 0.000589936
0.714286 0.765383 0.000473092
0.857143 0.765383 0.000262546
1 0.765383 0
0 0.770385 0
0.142857 0.770385 0.000250134
0.285714 0.770385 0.000450725
0.428571 0.770385 0.000562045
0.571429 0.770385 0.000562045
0.714286 0.770385 0.000450725
0.857143 0.770385 0.000250134
1 0.770385 0
0 0.775388 0
0.142857 0.775388 0.000238308
0.285714 0.775388 0.000429416
0.428571 0.775388 0.000535473
0.571429 0.775388 0.000535473
0.714286 0.775388 0.000429416
0.857143 0.775388 0.000238308
1 0.775388 0
0 0.78039 0
0.142857 0.78039 0.000227041
0.285714 0.78039 0.000409114
0.428571 0.78039 0.000510157
0.571429 0.78039 0.000510157
0.714286 0.78039 0.000409114
0.857143 0.78039 0.000227041
1 0.78039 0
0 0.785393 0
0.142857 0.785393 0.000216307
0.285714 0.785393 0.000389772
0.428571 0.785393 0.000486038
0.571429 0.785393 0.000486038
0.714286 0.785393 0.000389772
0.857143 0.785393 0.000216307
1 0.785393 0
0 0.790395 0
0.142857 0.790395 0.000206081
0.285714 0.790395 0.000371344
0.428571 0.790395 0.000463059
0.571429 0.790395 0.000463059
0.714286 0.790395 0.000371344
0.857143 0.790395 0.000206081
1 0.790395 0
0 0.795398 0
0.142857 0.795398 0.000196338
0.285714 0.795398 0.000353788
0.428571 0.795398 0.000441166
0.571429 0.795398 0.000441166
0.714286 0.795398 0.000353788
0.857143 0.795398 0.000196338
1 0.795398 0
0 0.8004 0
0.142857 0.8004 0.000187055
0.285714 0.8004 0.000337062
0.428571 0.8004 0.000420309
0.571429 0.8004 0.000420309
0.714286 0.8004 0.000337062
0.857143 0.8004 0.000187055
1 0.8004 0
0 0.805403 0
0.142857 0.805403 0.000178212
0.285714 0.805403 0.000321126
0.428571 0.805403 0.000400438
0.571429 0.805403 0.000400438
0.714286 0.805403 0.000321126
0.857143 0.805403 0.000178212
1 0.805403 0
0 0.810405 0
0.142857 0.810405 0.000169786
0.285714 0.810405 0.000305944
0.428571 0.810405 0.000381506
0.571429 0.810405 0.000381506
0.714286 0.810405 0.000305944
0.857143 0.810405 0.000169786
1 0.810405 0
0 0.815408 0
0.142857 0.815408 0.000161759
0.285714 0.815408 0.000291479
0.428571 0.815408 0.000363469
0.571429 0.815408 0.000363469
0.714286 0.815408 0.000291479
0.857143 0.815408 0.000161759
1 0.815408 0
0 0.82041 0
0.142857 0.82041 0.000154111
0.285714 0.82041 0.000277699
0.428571 0.82041 0.000346285
0.571429 0.82041 0.000346285
0.714286 0.82041 0.000277699
0.857143 0.82041 0.000154111
1 0.82041 0
0 0.825413 0
0.142857 0.825413 0.000146825
0.285714 0.825413 0.00026457
0.428571 0.825413 0.000329913
0.571429 0.825413 0.000329913
0.714286 0.825413 0.00026457
0.857143 0.825413 0.000146825
1 0.825413 0
0 0.830415 0
0.142857 0.830415 0.000139884
0.285714 0.830415 0.000252062
0.428571 0.830415 0.000314316
0.571429 0.830415 0.000314316
0.714286 0.830415 0.000252062
0.857143 0.830415 0.000139884
1 0.830415 0
0 0.835418 0
0.142857 0.835418 0.00013327
0.285714 0.835418 0.000240145
0.428571 0.835418 0.000299455
0.571429 0.835418 0.000299455
0.714286 0.835418 0.000240145
0.857143 0.835418 0.00013327
1 0.835418 0
0 0.84042 0
0.142857 0.84042 0.000126969
0.285714 0.84042 0.000228791
0.428571 0.84042 0.000285298
0.571429 0.84042 0.000285298
0.714286 0.84042 0.000228791
0.857143 0.84042 0.000126969
1 0.84042 0
0 0.845423 0
0.142857 0.845423 0.000120967
0.285714 0.845423 0.000217974
0.428571 0.845423 0.00027181
0.571429 0.845423 0.00027181
0.714286 0.845423 0.000217974
0.857143 0.845423 0.000120967
1 0.845423 0
0 0.850425 0
0.142857 0.850425 0.000115248
0.285714 0.850425 0.000207669
0.428571 0.850425 0.000258959
0.571429 0.850425 0.000258959
0.714286 0.850425 0.000207669
0.857143 0.850425 0.000115248
1 0.850425 0
0 0.855428 0
0.142857 0.855428 0.000109799
0.285714 0.855428 0.000197851
0.428571 0.855428 0.000246716
0.571429 0.855428 0.000246716
0.714286 0.855428 0.000197851
0.857143 0.855428 0.000109799
1 0.855428 0
0 0.86043 0
0.142857 0.86043 0.000104608
0.285714 0.86043 0.000188497
0.428571 0.86043 0.000235052
0.571429 0.86043 0.000235052
0.714286 0.86043 0.000188497
0.857143 0.86043 0.000104608
1 0.86043 0
0 0.865433 0
0.142857 0.865433 9.96622e-05
0.285714 0.865433 0.000179585
0.428571 0.865433 0.000223939
0.571429 0.865433 0.000223939
0.714286 0.865433 0.000179585
0.857143 0.865433 9.96622e-05
1 0.865433 0
0 0.870435 0
0.142857 0.870435 9.49504e-05
0.285714 0.870435 0.000171095
0.428571 0.870435 0.000213352
0.571429 0.870435 0.000213352
0.714286 0.870435 0.000171095
0.857143 0.870435 9.49504e-05
1 0.870435 0
0 0.875438 0
0.142857 0.875438 9.04613e-05
0.285714 0.875438 0.000163006
0.428571 0.875438 0.000203265
0.571429 0.875438 0.000203265
0.714286 0.875438 0.000163006
0.857143 0.875438 9.04613e-05
1 0.875438 0
0 0.88044 0
0.142857 0.88044 8.61845e-05
0.285714 0.88044 0.000155299
0.428571 0.88044 0.000193655
0.571429 0.88044 0.000193655
0.714286 0.88044 0.000155299
0.857143 0.88044 8.61845e-05
1 0.88044 0
0 0.885443 0
0.142857 0.885443 8.21099e-05
0.285714 0.885443 0.000147957
0.428571 0.885443 0.000184499
0.571429 0.885443 0.000184499
0.714286 0.885443 0.000147957
0.857143 0.885443 8.21099e-05
1 0.885443 0
0 0.890445 0
0.142857 0.890445 7.82279e-05
0.285714 0.890445 0.000140962
0.428571 0.890445 0.000175776
0.571429 0.890445 0.000175776
0.714286 0.890445 0.000140962
0.857143 0.890445 7.82279e-05
1 0.890445 0
0 0.895448 0
0.142857 0.895448 7.45294e-05
0.285714 0.895448 0.000134297
0.428571 0.895448 0.000167466
0.571429 0.895448 0.000167466
0.714286 0.895448 0.000134297
0.857143 0.895448 7.45294e-05
1 0.895448 0
0 0.90045 0
0.142857 0.90045 7.10058e-05
0.285714 0.90045 0.000127948
0.428571 0.90045 0.000159549
0.571429 0.90045 0.000159549
0.714286 0.90045 0.000127948
0.857143 0.90045 7.10058e-05
1 0.90045 0
0 0.905453 0
0.142857 0.905453 6.76488e-05
0.285714 0.905453 0.000121899
0.428571 0.905453 0.000152006
0.571429 0.905453 0.000152006
0.714286 0.905453 0.000121899
0.857143 0.905453 6.76488e-05
1 0.905453 0
0 0.910455 0
0.142857 0.910455 6.44505e-05
0.285714 0.910455 0.000116136
0.428571 0.910455 0.000144819
0.571429 0.910455 0.000144819
0.714286 0.910455 0.000116136
0.857143 0.910455 6.44505e-05
1 0.910455 0
0 0.915458 0
0.142857 0.915458 6.14034e-05
0.285714 0.915458 0.000110645
0.428571 0.915458 0.000137972
0.571429 0.915458 0.000137972
0.714286 0.915458 0.000110645
0.857143 0.915458 6.14034e-05
1 0.915458 0
0 0.92046 0
0.142857 0.92046 5.85004e-05
0.285714 0.92046 0.000105414
0.428571 0.92046 0.000131449
0.571429 0.92046 0.000131449
0.714286 0.92046 0.000105414
0.857143 0.92046 5.85004e-05
1 0.92046 0
0 0.925463 0
0.142857 0.925463 5.57346e-05
0.285714 0.925463 0.00010043
0.428571 0.925463 0.000125235
0.571429 0.925463 0.000125235
0.714286 0.925463 0.00010043
0.857143 0.925463 5.57346e-05
1 0.925463 0
0 0.930465 0
0.142857 0.930465 5.30996e-05
0.285714 0.930465 9.56822e-05
0.428571 0.930465 0.000119314
0.571429 0.930465 0.000119314
0.714286 0.930465 9.56822e-05
0.857143 0.930465 5.30996e-05
1 0.930465 0
0 0.935468 0
0.142857 0.935468 5.05892e-05
0.285714 0.935468 9.11585e-05
0.428571 0.935468 0.000113673
0.571429 0.935468 0.000113673
0.714286 0.935468 9.11585e-05
0.857143 0.935468 5.05892e-05
1 0.935468 0
0 0.94047 0
0.142857 0.94047 4.81974e-05
0.285714 0.94047 8.68488e-05
0.428571 0.94047 0.000108299
0.571429 0.94047 0.000108299
0.714286 0.94047 8.68488e-05
0.857143 0.94047 4.81974e-05
1 0.94047 0
0 0.945473 0
0.142857 0.945473 4.59188e-05
0.285714 0.945473 8.27427e-05
0.428571 0.945473 0.000103178
0.571429 0.945473 0.000103178
0.714286 0.945473 8.27427e-05
0.857143 0.945473 4.59188e-05
1 0.945473 0
0 0.950475 0
0.142857 0.950475 4.37478e-05
0.285714 0.950475 7.88308e-05
0.428571 0.950475 9.83004e-05
0.571429 0.950475 9.83004e-05
0.714286 0.950475 7.88308e-05
0.857143 0.950475 4.37478e-05
1 0.950475 0
0 0.955478 0
0.142857 0.955478 4.16795e-05
0.285714 0.955478 7.51039e-05
0.428571 0.955478 9.3653e-05
0.571429 0.955478 9.3653e-05
0.714286 0.955478 7.51039e-05
0.857143 0.955478 4.16795e-05
1 0.955478 0
0 0.96048 0
0.142857 0.96048 3.9709e-05
0.285714 0.96048 7.15531e-05
0.428571 0.96048 8.92253e-05
0.571429 0.96048 8.92253e-05
0.714286 0.96048 7.15531e-05
0.857143 0.96048 3.9709e-05
1 0.96048 0
0 0.965483 0
0.142857 0.965483 3.78316e-05
0.285714 0.965483 6.81702e-05
0.428571 0.965483 8.50069e-05
0.571429 0.965483 8.50069e-05
0.714286 0.965483 6.81702e-05
0.857143 0.965483 3.78316e-05
1 0.965483 0
0 0.970485 0
0.142857 0.970485 3.6043e-05
0.285714 0.970485 6.49473e-05
0.428571 0.970485 8.09879e-05
0.571429 0.970485 8.09879e-05
0.714286 0.970485 6.49473e-05
0.857143 0.970485 3.6043e-05
1 0.970485 0
0 0.975488 0
0.142857 0.975488 3.4339e-05
0.285714 0.975488 6.18767e-05
0.428571 0.975488 7.7159e-05
0.571429 0.975488 7.7159e-05
0.714286 0.975488 6.18767e-05
0.857143 0.975488 3.4339e-05
1 0.975488 0
0 0.98049 0
0.142857 0.98049 3.27155e-05
0.285714 0.98049 5.89513e-05
0.428571 0.98049 7.35111e-05
0.571429 0.98049 7.35111e-05
0.714286 0.98049 5.89513e-05
0.857143 0.98049 3.27155e-05
1 0.98049 0
0 0.985493 0
0.142857 0.985493 3.11688e-05
0.285714 0.985493 5.61642e-05
0.428571 0.985493 7.00356e-05
0.571429 0.985493 7.00356e-05
0.714286 0.985493 5.61642e-05
0.857143 0.985493 3.11688e-05
1 0.985493 0
0 0.990495 0
0.142857 0.990495 2.96952e-05
0.285714 0.990495 5.35089e-05
0.428571 0.990495 6.67245e-05
0.571429 0.990495 6.67245e-05
0.714286 0.990495 5.35089e-05
0.857143 0.990495 2.96952e-05
1 0.990495 0
0 0.995498 0
0.142857 0.995498 2.82913e-05
0.285714 0.995498 5.09791e-05
0.428571 0.995498 6.35699e-05
0.571429 0.995498 6.35699e-05
0.714286 0.995498 5.09791e-05
0.857143 0.995498 2.82913e-05
1 0.995498 0
