0 0 0
0.0666667 0 0.207912
0.133333 0 0.406736
0.2 0 0.587785
0.266667 0 0.743144
0.333333 0 0.866025
0.4 0 0.951056
0.466667 0 0.994522
0.533333 0 0.994522
0.6 0 0.951057
0.666667 0 0.866026
0.733333 0 0.743146
0.8 0 0.587787
0.866667 0 0.406739
0.933333 0 0.207914
1 0 2.65359e-06
0 0.0050025 0
0.0666667 0.0050025 0.197955
0.133333 0.0050025 0.387259
0.2 0.0050025 0.559637
0.266667 0.0050025 0.707557
0.333333 0.0050025 0.824553
0.4 0.0050025 0.905513
0.466667 0.0050025 0.946897
0.533333 0.0050025 0.946897
0.6 0.0050025 0.905514
0.666667 0.0050025 0.824555
0.733333 0.0050025 0.707559
0.8 0.0050025 0.559639
0.866667 0.0050025 0.387261
0.933333 0.0050025 0.197956
1 0.0050025 0
0 0.010005 0
0.0666667 0.010005 0.188476
0.133333 0.010005 0.368714
0.2 0.010005 0.532838
0.266667 0.010005 0.673674
0.333333 0.010005 0.785068
0.4 0.010005 0.86215
0.466667 0.010005 0.901553
0.533333 0.010005 0.901553
0.6 0.010005 0.862151
0.666667 0.010005 0.785069
0.733333 0.010005 0.673676
0.8 0.010005 0.532839
0.866667 0.010005 0.368715
0.933333 0.010005 0.188476
1 0.010005 0
0 0.0150075 0
0.0666667 0.0150075 0.17945
0.133333 0.0150075 0.351057
0.2 0.0150075 0.507322
0.266667 0.0150075 0.641414
0.333333 0.0150075 0.747473
0.4 0.0150075 0.820864
0.466667 0.0150075 0.85838
0.533333 0.0150075 0.85838
0.6 0.0150075 0.820865
0.666667 0.0150075 0.747474
0.733333 0.0150075 0.641415
0.8 0.0150075 0.507323
0.866667 0.0150075 0.351058
0.933333 0.0150075 0.179451
1 0.0150075 0
0 0.02001 0
0.0666667 0.02001 0.170857
0.133333 0.02001 0.334246
0.2 0.02001 0.483028
0.266667 0.02001 0.610698
0.333333 0.02001 0.711679
0.4 0.02001 0.781555
0.466667 0.02001 0.817274
0.533333 0.02001 0.817274
0.6 0.02001 0.781556
0.666667 0.02001 0.71168
0.733333 0.02001 0.610699
0.8 0.02001 0.483029
0.866667 0.02001 0.334247
0.933333 0.02001 0.170857
1 0.02001 0
0 0.0250125 0
0.0666667 0.0250125 0.162675
0.133333 0.0250125 0.31824
0.2 0.0250125 0.459897
0.266667 0.0250125 0.581454
0.333333 0.0250125 0.677598
0.4 0.0250125 0.744129
0.466667 0.0250125 0.778137
0.533333 0.0250125 0.778137
0.6 0.0250125 0.744129
0.666667 0.0250125 0.677599
0.733333 0.0250125 0.581454
0.8 0.0250125 0.459898
0.866667 0.0250125 0.318241
0.933333 0.0250125 0.162675
1 0.0250125 0
0 0.030015 0
0.0666667 0.030015 0.154885
0.133333 0.030015 0.303
0.2 0.030015 0.437873
0.266667 0.030015 0.553609
0.333333 0.030015 0.64515
0.4 0.030015 0.708494
0.466667 0.030015 0.740874
0.533333 0.030015 0.740874
0.6 0.030015 0.708495
0.666667 0.030015 0.645151
0.733333 0.030015 0.55361
0.8 0.030015 0.437874
0.866667 0.030015 0.303001
0.933333 0.030015 0.154885
1 0.030015 0
0 0.0350175 0
0.0666667 0.0350175 0.147468
0.133333 0.0350175 0.288491
0.2 0.0350175 0.416905
0.266667 0.0350175 0.527099
0.333333 0.0350175 0.614256
0.4 0.0350175 0.674567
0.466667 0.0350175 0.705396
0.533333 0.0350175 0.705396
0.6 0.0350175 0.674567
0.666667 0.0350175 0.614256
0.733333 0.0350175 0.527099
0.8 0.0350175 0.416905
0.866667 0.0350175 0.288491
0.933333 0.0350175 0.147468
1 0.0350175 0
0 0.04002 0
0.0666667 0.04002 0.140406
0.133333 0.04002 0.274676
0.2 0.04002 0.396941
0.266667 0.04002 0.501857
0.333333 0.04002 0.58484
0.4 0.04002 0.642263
0.466667 0.04002 0.671616
0.533333 0.04002 0.671616
0.6 0.04002 0.642264
0.666667 0.04002 0.584841
0.733333 0.04002 0.501858
0.8 0.04002 0.396941
0.866667 0.04002 0.274676
0.933333 0.04002 0.140406
1 0.04002 0
0 0.0450225 0
0.0666667 0.0450225 0.133682
0.133333 0.0450225 0.261522
0.2 0.0450225 0.377932
0.266667 0.0450225 0.477825
0.333333 0.0450225 0.556834
0.4 0.0450225 0.611507
0.466667 0.0450225 0.639454
0.533333 0.0450225 0.639455
0.6 0.0450225 0.611507
0.666667 0.0450225 0.556834
0.733333 0.0450225 0.477825
0.8 0.0450225 0.377932
0.866667 0.0450225 0.261522
0.933333 0.0450225 0.133682
1 0.0450225 0
0 0.050025 0
0.0666667 0.050025 0.127281
0.133333 0.050025 0.248999
0.2 0.050025 0.359834
0.266667 0.050025 0.454943
0.333333 0.050025 0.530169
0.4 0.050025 0.582224
0.466667 0.050025 0.608833
0.533333 0.050025 0.608833
0.6 0.050025 0.582224
0.666667 0.050025 0.530169
0.733333 0.050025 0.454943
0.8 0.050025 0.359834
0.866667 0.050025 0.248999
0.933333 0.050025 0.127281
1 0.050025 0
0 0.0550275 0
0.0666667 0.0550275 0.121186
0.133333 0.0550275 0.237075
0.2 0.0550275 0.342602
0.266667 0.0550275 0.433157
0.333333 0.0550275 0.50478
0.4 0.0550275 0.554343
0.466667 0.0550275 0.579677
0.533333 0.0550275 0.579677
0.6 0.0550275 0.554343
0.666667 0.0550275 0.504781
0.733333 0.0550275 0.433157
0.8 0.0550275 0.342603
0.866667 0.0550275 0.237075
0.933333 0.0550275 0.121186
1 0.0550275 0
0 0.06003 0
0.0666667 0.06003 0.115382
0.133333 0.06003 0.225722
0.2 0.06003 0.326196
0.266667 0.06003 0.412414
0.333333 0.06003 0.480608
0.4 0.06003 0.527797
0.466667 0.06003 0.551918
0.533333 0.06003 0.551918
0.6 0.06003 0.527797
0.666667 0.06003 0.480608
0.733333 0.06003 0.412414
0.8 0.06003 0.326196
0.866667 0.06003 0.225722
0.933333 0.06003 0.115382
1 0.06003 0
0 0.0650325 0
0.0666667 0.0650325 0.109857
0.133333 0.0650325 0.214913
0.2 0.0650325 0.310576
0.266667 0.0650325 0.392665
0.333333 0.0650325 0.457593
0.4 0.0650325 0.502522
0.466667 0.0650325 0.525488
0.533333 0.0650325 0.525488
0.6 0.0650325 0.502522
0.666667 0.0650325 0.457593
0.733333 0.0650325 0.392665
0.8 0.0650325 0.310576
0.866667 0.0650325 0.214913
0.933333 0.0650325 0.109857
1 0.0650325 0
0 0.070035 0
0.0666667 0.070035 0.104596
0.133333 0.070035 0.204621
0.2 0.070035 0.295703
0.266667 0.070035 0.373861
0.333333 0.070035 0.43568
0.4 0.070035 0.478457
0.466667 0.070035 0.500324
0.533333 0.070035 0.500324
0.6 0.070035 0.478458
0.666667 0.070035 0.43568
0.733333 0.070035 0.373861
0.8 0.070035 0.295703
0.866667 0.070035 0.204621
0.933333 0.070035 0.104596
1 0.070035 0
0 0.0750375 0
0.0666667 0.0750375 0.0995874
0.133333 0.0750375 0.194822
0.2 0.0750375 0.281543
0.266667 0.0750375 0.355958
0.333333 0.0750375 0.414816
0.4 0.0750375 0.455545
0.466667 0.0750375 0.476365
0.533333 0.0750375 0.476365
0.6 0.0750375 0.455545
0.666667 0.0750375 0.414817
0.733333 0.0750375 0.355958
0.8 0.0750375 0.281543
0.866667 0.0750375 0.194822
0.933333 0.0750375 0.0995874
1 0.0750375 0
0 0.08004 0
0.0666667 0.08004 0.0948184
0.133333 0.08004 0.185493
0.2 0.08004 0.26806
0.266667 0.08004 0.338912
0.333333 0.08004 0.394952
0.4 0.08004 0.433731
0.466667 0.08004 0.453553
0.533333 0.08004 0.453553
0.6 0.08004 0.433731
0.666667 0.08004 0.394952
0.733333 0.08004 0.338912
0.8 0.08004 0.26806
0.866667 0.08004 0.185493
0.933333 0.08004 0.0948184
1 0.08004 0
0 0.0850425 0
0.0666667 0.0850425 0.0902778
0.133333 0.0850425 0.17661
0.2 0.0850425 0.255224
0.266667 0.0850425 0.322683
0.333333 0.0850425 0.376039
0.4 0.0850425 0.41296
0.466667 0.0850425 0.431834
0.533333 0.0850425 0.431834
0.6 0.0850425 0.41296
0.666667 0.0850425 0.376039
0.733333 0.0850425 0.322683
0.8 0.0850425 0.255224
0.866667 0.0850425 0.17661
0.933333 0.0850425 0.0902778
1 0.0850425 0
0 0.090045 0
0.0666667 0.090045 0.0859546
0.133333 0.090045 0.168153
0.2 0.090045 0.243002
0.266667 0.090045 0.30723
0.333333 0.090045 0.358031
0.4 0.090045 0.393185
0.466667 0.090045 0.411154
0.533333 0.090045 0.411154
0.6 0.090045 0.393185
0.666667 0.090045 0.358031
0.733333 0.090045 0.30723
0.8 0.090045 0.243002
0.866667 0.090045 0.168153
0.933333 0.090045 0.0859547
1 0.090045 0
0 0.0950475 0
0.0666667 0.0950475 0.0818385
0.133333 0.0950475 0.1601
0.2 0.0950475 0.231365
0.266667 0.0950475 0.292518
0.333333 0.0950475 0.340886
0.4 0.0950475 0.374356
0.466667 0.0950475 0.391465
0.533333 0.0950475 0.391465
0.6 0.0950475 0.374356
0.666667 0.0950475 0.340886
0.733333 0.0950475 0.292518
0.8 0.0950475 0.231365
0.866667 0.0950475 0.1601
0.933333 0.0950475 0.0818385
1 0.0950475 0
0 0.10005 0
0.0666667 0.10005 0.0779195
0.133333 0.10005 0.152433
0.2 0.10005 0.220285
0.266667 0.10005 0.27851
0.333333 0.10005 0.324562
0.4 0.10005 0.356429
0.466667 0.10005 0.372719
0.533333 0.10005 0.372719
0.6 0.10005 0.356429
0.666667 0.10005 0.324562
0.733333 0.10005 0.27851
0.8 0.10005 0.220285
0.866667 0.10005 0.152434
0.933333 0.10005 0.0779195
1 0.10005 0
0 0.105053 0
0.0666667 0.105053 0.0741881
0.133333 0.105053 0.145134
0.2 0.105053 0.209737
0.266667 0.105053 0.265173
0.333333 0.105053 0.30902
0.4 0.105053 0.339361
0.466667 0.105053 0.35487
0.533333 0.105053 0.35487
0.6 0.105053 0.339361
0.666667 0.105053 0.30902
0.733333 0.105053 0.265173
0.8 0.105053 0.209737
0.866667 0.105053 0.145134
0.933333 0.105053 0.0741881
1 0.105053 0
0 0.110055 0
0.0666667 0.110055 0.0706354
0.133333 0.110055 0.138184
0.2 0.110055 0.199693
0.266667 0.110055 0.252474
0.333333 0.110055 0.294222
0.4 0.110055 0.32311
0.466667 0.110055 0.337877
0.533333 0.110055 0.337877
0.6 0.110055 0.32311
0.666667 0.110055 0.294222
0.733333 0.110055 0.252474
0.8 0.110055 0.199693
0.866667 0.110055 0.138184
0.933333 0.110055 0.0706355
1 0.110055 0
0 0.115058 0
0.0666667 0.115058 0.0672529
0.133333 0.115058 0.131567
0.2 0.115058 0.19013
0.266667 0.115058 0.240384
0.333333 0.115058 0.280132
0.4 0.115058 0.307637
0.466667 0.115058 0.321697
0.533333 0.115058 0.321697
0.6 0.115058 0.307637
0.666667 0.115058 0.280132
0.733333 0.115058 0.240384
0.8 0.115058 0.19013
0.866667 0.115058 0.131567
0.933333 0.115058 0.0672529
1 0.115058 0
0 0.12006 0
0.0666667 0.12006 0.0640323
0.133333 0.12006 0.125266
0.2 0.12006 0.181025
0.266667 0.12006 0.228873
0.333333 0.12006 0.266717
0.4 0.12006 0.292905
0.466667 0.12006 0.306291
0.533333 0.12006 0.306291
0.6 0.12006 0.292905
0.666667 0.12006 0.266717
0.733333 0.12006 0.228873
0.8 0.12006 0.181025
0.866667 0.12006 0.125266
0.933333 0.12006 0.0640324
1 0.12006 0
0 0.125063 0
0.0666667 0.125063 0.060966
0.133333 0.125063 0.119268
0.2 0.125063 0.172356
0.266667 0.125063 0.217913
0.333333 0.125063 0.253945
0.4 0.125063 0.278879
0.466667 0.125063 0.291624
0.533333 0.125063 0.291624
0.6 0.125063 0.278879
0.666667 0.125063 0.253945
0.733333 0.125063 0.217913
0.8 0.125063 0.172356
0.866667 0.125063 0.119268
0.933333 0.125063 0.060966
1 0.125063 0
0 0.130065 0
0.0666667 0.130065 0.0580465
0.133333 0.130065 0.113556
0.2 0.130065 0.164103
0.266667 0.130065 0.207477
0.333333 0.130065 0.241784
0.4 0.130065 0.265524
0.466667 0.130065 0.277659
0.533333 0.130065 0.277659
0.6 0.130065 0.265524
0.666667 0.130065 0.241784
0.733333 0.130065 0.207477
0.8 0.130065 0.164103
0.866667 0.130065 0.113556
0.933333 0.130065 0.0580465
1 0.130065 0
0 0.135068 0
0.0666667 0.135068 0.0552668
0.133333 0.135068 0.108118
0.2 0.135068 0.156244
0.266667 0.135068 0.197542
0.333333 0.135068 0.230206
0.4 0.135068 0.252809
0.466667 0.135068 0.264363
0.533333 0.135068 0.264363
0.6 0.135068 0.252809
0.666667 0.135068 0.230206
0.733333 0.135068 0.197542
0.8 0.135068 0.156244
0.866667 0.135068 0.108118
0.933333 0.135068 0.0552668
1 0.135068 0
0 0.14007 0
0.0666667 0.14007 0.0526202
0.133333 0.14007 0.102941
0.2 0.14007 0.148762
0.266667 0.14007 0.188082
0.333333 0.14007 0.219182
0.4 0.14007 0.240702
0.466667 0.14007 0.251703
0.533333 0.14007 0.251703
0.6 0.14007 0.240702
0.666667 0.14007 0.219182
0.733333 0.14007 0.188082
0.8 0.14007 0.148762
0.866667 0.14007 0.102941
0.933333 0.14007 0.0526202
1 0.14007 0
0 0.145073 0
0.0666667 0.145073 0.0501004
0.133333 0.145073 0.0980112
0.2 0.145073 0.141638
0.266667 0.145073 0.179075
0.333333 0.145073 0.208686
0.4 0.145073 0.229176
0.466667 0.145073 0.23965
0.533333 0.145073 0.23965
0.6 0.145073 0.229176
0.666667 0.145073 0.208686
0.733333 0.145073 0.179075
0.8 0.145073 0.141638
0.866667 0.145073 0.0980112
0.933333 0.145073 0.0501004
1 0.145073 0
0 0.150075 0
0.0666667 0.150075 0.0477012
0.133333 0.150075 0.0933177
0.2 0.150075 0.134856
0.266667 0.150075 0.1705
0.333333 0.150075 0.198692
0.4 0.150075 0.218201
0.466667 0.150075 0.228173
0.533333 0.150075 0.228173
0.6 0.150075 0.218201
0.666667 0.150075 0.198692
0.733333 0.150075 0.1705
0.8 0.150075 0.134856
0.866667 0.150075 0.0933177
0.933333 0.150075 0.0477012
1 0.150075 0
0 0.155078 0
0.0666667 0.155078 0.0454169
0.133333 0.155078 0.0888489
0.2 0.155078 0.128398
0.266667 0.155078 0.162335
0.333333 0.155078 0.189178
0.4 0.155078 0.207752
0.466667 0.155078 0.217247
0.533333 0.155078 0.217247
0.6 0.155078 0.207752
0.666667 0.155078 0.189178
0.733333 0.155078 0.162335
0.8 0.155078 0.128398
0.866667 0.155078 0.0888489
0.933333 0.155078 0.0454169
1 0.155078 0
0 0.16008 0
0.0666667 0.16008 0.043242
0.133333 0.16008 0.0845942
0.2 0.16008 0.122249
0.266667 0.16008 0.154561
0.333333 0.16008 0.180118
0.4 0.16008 0.197803
0.466667 0.16008 0.206843
0.533333 0.16008 0.206843
0.6 0.16008 0.197803
0.666667 0.16008 0.180118
0.733333 0.16008 0.154561
0.8 0.16008 0.122249
0.866667 0.16008 0.0845942
0.933333 0.16008 0.043242
1 0.16008 0
0 0.165083 0
0.0666667 0.165083 0.0411713
0.133333 0.165083 0.0805432
0.2 0.165083 0.116395
0.266667 0.165083 0.14716
0.333333 0.165083 0.171493
0.4 0.165083 0.188331
0.466667 0.165083 0.196938
0.533333 0.165083 0.196938
0.6 0.165083 0.188331
0.666667 0.165083 0.171493
0.733333 0.165083 0.14716
0.8 0.165083 0.116395
0.866667 0.165083 0.0805432
0.933333 0.165083 0.0411713
1 0.165083 0
0 0.170085 0
0.0666667 0.170085 0.0391997
0.133333 0.170085 0.0766862
0.2 0.170085 0.110821
0.266667 0.170085 0.140113
0.333333 0.170085 0.163281
0.4 0.170085 0.179312
0.466667 0.170085 0.187507
0.533333 0.170085 0.187507
0.6 0.170085 0.179312
0.666667 0.170085 0.163281
0.733333 0.170085 0.140113
0.8 0.170085 0.110821
0.866667 0.170085 0.0766862
0.933333 0.170085 0.0391997
1 0.170085 0
0 0.175088 0
0.0666667 0.175088 0.0373225
0.133333 0.175088 0.0730139
0.2 0.175088 0.105514
0.266667 0.175088 0.133403
0.333333 0.175088 0.155462
0.4 0.175088 0.170726
0.466667 0.175088 0.178528
0.533333 0.175088 0.178528
0.6 0.175088 0.170726
0.666667 0.175088 0.155462
0.733333 0.175088 0.133403
0.8 0.175088 0.105514
0.866667 0.175088 0.0730139
0.933333 0.175088 0.0373225
1 0.175088 0
0 0.18009 0
0.0666667 0.18009 0.0355353
0.133333 0.18009 0.0695175
0.2 0.18009 0.100461
0.266667 0.18009 0.127015
0.333333 0.18009 0.148017
0.4 0.18009 0.16255
0.466667 0.18009 0.169979
0.533333 0.18009 0.169979
0.6 0.18009 0.16255
0.666667 0.18009 0.148017
0.733333 0.18009 0.127015
0.8 0.18009 0.100461
0.866667 0.18009 0.0695175
0.933333 0.18009 0.0355353
1 0.18009 0
0 0.185093 0
0.0666667 0.185093 0.0338336
0.133333 0.185093 0.0661885
0.2 0.185093 0.0956506
0.266667 0.185093 0.120932
0.333333 0.185093 0.140929
0.4 0.185093 0.154766
0.466667 0.185093 0.161839
0.533333 0.185093 0.161839
0.6 0.185093 0.154766
0.666667 0.185093 0.140929
0.733333 0.185093 0.120932
0.8 0.185093 0.0956506
0.866667 0.185093 0.0661885
0.933333 0.185093 0.0338336
1 0.185093 0
0 0.190095 0
0.0666667 0.190095 0.0322134
0.133333 0.190095 0.0630189
0.2 0.190095 0.0910701
0.266667 0.190095 0.115141
0.333333 0.190095 0.13418
0.4 0.190095 0.147355
0.466667 0.190095 0.154089
0.533333 0.190095 0.154089
0.6 0.190095 0.147355
0.666667 0.190095 0.13418
0.733333 0.190095 0.115141
0.8 0.190095 0.0910701
0.866667 0.190095 0.0630189
0.933333 0.190095 0.0322134
1 0.190095 0
0 0.195098 0
0.0666667 0.195098 0.0306708
0.133333 0.195098 0.0600011
0.2 0.195098 0.086709
0.266667 0.195098 0.109627
0.333333 0.195098 0.127755
0.4 0.195098 0.140298
0.466667 0.195098 0.14671
0.533333 0.195098 0.14671
0.6 0.195098 0.140298
0.666667 0.195098 0.127755
0.733333 0.195098 0.109627
0.8 0.195098 0.086709
0.866667 0.195098 0.0600011
0.933333 0.195098 0.0306708
1 0.195098 0
0 0.2001 0
0.0666667 0.2001 0.029202
0.133333 0.2001 0.0571278
0.2 0.2001 0.0825568
0.266667 0.2001 0.104378
0.333333 0.2001 0.121637
0.4 0.2001 0.13358
0.466667 0.2001 0.139685
0.533333 0.2001 0.139685
0.6 0.2001 0.13358
0.666667 0.2001 0.121637
0.733333 0.2001 0.104378
0.8 0.2001 0.0825568
0.866667 0.2001 0.0571278
0.933333 0.2001 0.029202
1 0.2001 0
0 0.205103 0
0.0666667 0.205103 0.0278036
0.133333 0.205103 0.0543921
0.2 0.205103 0.0786034
0.266667 0.205103 0.0993793
0.333333 0.205103 0.115812
0.4 0.205103 0.127183
0.466667 0.205103 0.132995
0.533333 0.205103 0.132995
0.6 0.205103 0.127183
0.666667 0.205103 0.115812
0.733333 0.205103 0.0993793
0.8 0.205103 0.0786034
0.866667 0.205103 0.0543921
0.933333 0.205103 0.0278036
1 0.205103 0
0 0.210105 0
0.0666667 0.210105 0.0264722
0.133333 0.210105 0.0517874
0.2 0.210105 0.0748393
0.266667 0.210105 0.0946203
0.333333 0.210105 0.110266
0.4 0.210105 0.121092
0.466667 0.210105 0.126627
0.533333 0.210105 0.126627
0.6 0.210105 0.121092
0.666667 0.210105 0.110266
0.733333 0.210105 0.0946203
0.8 0.210105 0.0748393
0.866667 0.210105 0.0517874
0.933333 0.210105 0.0264722
1 0.210105 0
0 0.215108 0
0.0666667 0.215108 0.0252045
0.133333 0.215108 0.0493074
0.2 0.215108 0.0712554
0.266667 0.215108 0.0900892
0.333333 0.215108 0.104986
0.4 0.215108 0.115294
0.466667 0.215108 0.120563
0.533333 0.215108 0.120563
0.6 0.215108 0.115294
0.666667 0.215108 0.104986
0.733333 0.215108 0.0900892
0.8 0.215108 0.0712554
0.866667 0.215108 0.0493074
0.933333 0.215108 0.0252045
1 0.215108 0
0 0.22011 0
0.0666667 0.22011 0.0239975
0.133333 0.22011 0.0469462
0.2 0.22011 0.0678432
0.266667 0.22011 0.085775
0.333333 0.22011 0.0999581
0.4 0.22011 0.109773
0.466667 0.22011 0.114789
0.533333 0.22011 0.114789
0.6 0.22011 0.109773
0.666667 0.22011 0.0999581
0.733333 0.22011 0.085775
0.8 0.22011 0.0678432
0.866667 0.22011 0.0469462
0.933333 0.22011 0.0239975
1 0.22011 0
0 0.225113 0
0.0666667 0.225113 0.0228483
0.133333 0.225113 0.0446981
0.2 0.225113 0.0645943
0.266667 0.225113 0.0816675
0.333333 0.225113 0.0951714
0.4 0.225113 0.104516
0.466667 0.225113 0.109292
0.533333 0.225113 0.109292
0.6 0.225113 0.104516
0.666667 0.225113 0.0951714
0.733333 0.225113 0.0816675
0.8 0.225113 0.0645943
0.866667 0.225113 0.0446981
0.933333 0.225113 0.0228483
1 0.225113 0
0 0.230115 0
0.0666667 0.230115 0.0217542
0.133333 0.230115 0.0425576
0.2 0.230115 0.0615011
0.266667 0.230115 0.0777567
0.333333 0.230115 0.0906139
0.4 0.230115 0.0995109
0.466667 0.230115 0.104059
0.533333 0.230115 0.104059
0.6 0.230115 0.0995109
0.666667 0.230115 0.0906139
0.733333 0.230115 0.0777567
0.8 0.230115 0.0615011
0.866667 0.230115 0.0425576
0.933333 0.230115 0.0217542
1 0.230115 0
0 0.235118 0
0.0666667 0.235118 0.0207124
0.133333 0.235118 0.0405197
0.2 0.235118 0.058556
0.266667 0.235118 0.0740331
0.333333 0.235118 0.0862746
0.4 0.235118 0.0947455
0.466667 0.235118 0.0990756
0.533333 0.235118 0.0990756
0.6 0.235118 0.0947455
0.666667 0.235118 0.0862746
0.733333 0.235118 0.0740331
0.8 0.235118 0.058556
0.866667 0.235118 0.0405197
0.933333 0.235118 0.0207124
1 0.235118 0
0 0.24012 0
0.0666667 0.24012 0.0197206
0.133333 0.24012 0.0385793
0.2 0.24012 0.0557519
0.266667 0.24012 0.0704879
0.333333 0.24012 0.0821432
0.4 0.24012 0.0902084
0.466667 0.24012 0.0943312
0.533333 0.24012 0.0943312
0.6 0.24012 0.0902084
0.666667 0.24012 0.0821432
0.733333 0.24012 0.0704879
0.8 0.24012 0.0557519
0.866667 0.24012 0.0385793
0.933333 0.24012 0.0197206
1 0.24012 0
0 0.245123 0
0.0666667 0.245123 0.0187762
0.133333 0.245123 0.0367318
0.2 0.245123 0.0530821
0.266667 0.245123 0.0671124
0.333333 0.245123 0.0782096
0.4 0.245123 0.0858886
0.466667 0.245123 0.0898139
0.533333 0.245123 0.0898139
0.6 0.245123 0.0858886
0.666667 0.245123 0.0782096
0.733333 0.245123 0.0671124
0.8 0.245123 0.0530821
0.866667 0.245123 0.0367318
0.933333 0.245123 0.0187762
1 0.245123 0
0 0.250125 0
0.0666667 0.250125 0.0178771
0.133333 0.250125 0.0349728
0.2 0.250125 0.0505401
0.266667 0.250125 0.0638985
0.333333 0.250125 0.0744643
0.4 0.250125 0.0817756
0.466667 0.250125 0.0855129
0.533333 0.250125 0.0855129
0.6 0.250125 0.0817756
0.666667 0.250125 0.0744643
0.733333 0.250125 0.0638985
0.8 0.250125 0.0505401
0.866667 0.250125 0.0349728
0.933333 0.250125 0.0178771
1 0.250125 0
0 0.255128 0
0.0666667 0.255128 0.017021
0.133333 0.255128 0.0332981
0.2 0.255128 0.0481199
0.266667 0.255128 0.0608386
0.333333 0.255128 0.0708984
0.4 0.255128 0.0778596
0.466667 0.255128 0.081418
0.533333 0.255128 0.081418
0.6 0.255128 0.0778596
0.666667 0.255128 0.0708984
0.733333 0.255128 0.0608386
0.8 0.255128 0.0481199
0.866667 0.255128 0.0332981
0.933333 0.255128 0.017021
1 0.255128 0
0 0.26013 0
0.0666667 0.26013 0.0162059
0.133333 0.26013 0.0317035
0.2 0.26013 0.0458155
0.266667 0.26013 0.0579252
0.333333 0.26013 0.0675033
0.4 0.26013 0.0741311
0.466667 0.26013 0.0775191
0.533333 0.26013 0.0775191
0.6 0.26013 0.0741311
0.666667 0.26013 0.0675033
0.733333 0.26013 0.0579252
0.8 0.26013 0.0458155
0.866667 0.26013 0.0317035
0.933333 0.26013 0.0162059
1 0.26013 0
0 0.265133 0
0.0666667 0.265133 0.0154298
0.133333 0.265133 0.0301853
0.2 0.265133 0.0436216
0.266667 0.265133 0.0551513
0.333333 0.265133 0.0642707
0.4 0.265133 0.0705812
0.466667 0.265133 0.0738069
0.533333 0.265133 0.0738069
0.6 0.265133 0.0705812
0.666667 0.265133 0.0642707
0.733333 0.265133 0.0551513
0.8 0.265133 0.0436216
0.866667 0.265133 0.0301853
0.933333 0.265133 0.0154298
1 0.265133 0
0 0.270135 0
0.0666667 0.270135 0.0146909
0.133333 0.270135 0.0287398
0.2 0.270135 0.0415326
0.266667 0.270135 0.0525103
0.333333 0.270135 0.061193
0.4 0.270135 0.0672012
0.466667 0.270135 0.0702725
0.533333 0.270135 0.0702725
0.6 0.270135 0.0672012
0.666667 0.270135 0.061193
0.733333 0.270135 0.0525103
0.8 0.270135 0.0415326
0.866667 0.270135 0.0287398
0.933333 0.270135 0.0146909
1 0.270135 0
0 0.275138 0
0.0666667 0.275138 0.0139874
0.133333 0.275138 0.0273636
0.2 0.275138 0.0395438
0.266667 0.275138 0.0499957
0.333333 0.275138 0.0582626
0.4 0.275138 0.0639831
0.466667 0.275138 0.0669073
0.533333 0.275138 0.0669073
0.6 0.275138 0.0639831
0.666667 0.275138 0.0582626
0.733333 0.275138 0.0499957
0.8 0.275138 0.0395438
0.866667 0.275138 0.0273636
0.933333 0.275138 0.0139874
1 0.275138 0
0 0.28014 0
0.0666667 0.28014 0.0133176
0.133333 0.28014 0.0260532
0.2 0.28014 0.0376501
0.266667 0.28014 0.0476015
0.333333 0.28014 0.0554726
0.4 0.28014 0.0609192
0.466667 0.28014 0.0637033
0.533333 0.28014 0.0637033
0.6 0.28014 0.0609192
0.666667 0.28014 0.0554726
0.733333 0.28014 0.0476015
0.8 0.28014 0.0376501
0.866667 0.28014 0.0260532
0.933333 0.28014 0.0133176
1 0.28014 0
0 0.285143 0
0.0666667 0.285143 0.0126799
0.133333 0.285143 0.0248056
0.2 0.285143 0.0358472
0.266667 0.285143 0.045322
0.333333 0.285143 0.0528161
0.4 0.285143 0.0580019
0.466667 0.285143 0.0606527
0.533333 0.285143 0.0606527
0.6 0.285143 0.0580019
0.666667 0.285143 0.0528161
0.733333 0.285143 0.045322
0.8 0.285143 0.0358472
0.866667 0.285143 0.0248056
0.933333 0.285143 0.0126799
1 0.285143 0
0 0.290145 0
0.0666667 0.290145 0.0120727
0.133333 0.290145 0.0236177
0.2 0.290145 0.0341305
0.266667 0.290145 0.0431517
0.333333 0.290145 0.0502869
0.4 0.290145 0.0552244
0.466667 0.290145 0.0577482
0.533333 0.290145 0.0577482
0.6 0.290145 0.0552244
0.666667 0.290145 0.0502869
0.733333 0.290145 0.0431517
0.8 0.290145 0.0341305
0.866667 0.290145 0.0236177
0.933333 0.290145 0.0120727
1 0.290145 0
0 0.295148 0
0.0666667 0.295148 0.0114945
0.133333 0.295148 0.0224867
0.2 0.295148 0.0324961
0.266667 0.295148 0.0410853
0.333333 0.295148 0.0478788
0.4 0.295148 0.0525798
0.466667 0.295148 0.0549828
0.533333 0.295148 0.0549828
0.6 0.295148 0.0525798
0.666667 0.295148 0.0478788
0.733333 0.295148 0.0410853
0.8 0.295148 0.0324961
0.866667 0.295148 0.0224867
0.933333 0.295148 0.0114945
1 0.295148 0
0 0.30015 0
0.0666667 0.30015 0.0109441
0.133333 0.30015 0.0214099
0.2 0.30015 0.03094
0.266667 0.30015 0.0391178
0.333333 0.30015 0.045586
0.4 0.30015 0.0500619
0.466667 0.30015 0.0523498
0.533333 0.30015 0.0523498
0.6 0.30015 0.0500619
0.666667 0.30015 0.045586
0.733333 0.30015 0.0391178
0.8 0.30015 0.03094
0.866667 0.30015 0.0214099
0.933333 0.30015 0.0109441
1 0.30015 0
0 0.305153 0
0.0666667 0.305153 0.01042
0.133333 0.305153 0.0203846
0.2 0.305153 0.0294583
0.266667 0.305153 0.0372446
0.333333 0.305153 0.043403
0.4 0.305153 0.0476646
0.466667 0.305153 0.0498429
0.533333 0.305153 0.0498429
0.6 0.305153 0.0476646
0.666667 0.305153 0.043403
0.733333 0.305153 0.0372446
0.8 0.305153 0.0294583
0.866667 0.305153 0.0203846
0.933333 0.305153 0.01042
1 0.305153 0
0 0.310155 0
0.0666667 0.310155 0.00992103
0.133333 0.310155 0.0194085
0.2 0.310155 0.0280476
0.266667 0.310155 0.035461
0.333333 0.310155 0.0413246
0.4 0.310155 0.045382
0.466667 0.310155 0.0474561
0.533333 0.310155 0.0474561
0.6 0.310155 0.045382
0.666667 0.310155 0.0413246
0.733333 0.310155 0.035461
0.8 0.310155 0.0280476
0.866667 0.310155 0.0194085
0.933333 0.310155 0.00992103
1 0.310155 0
0 0.315158 0
0.0666667 0.315158 0.00944593
0.133333 0.315158 0.018479
0.2 0.315158 0.0267045
0.266667 0.315158 0.0337629
0.333333 0.315158 0.0393456
0.4 0.315158 0.0432088
0.466667 0.315158 0.0451836
0.533333 0.315158 0.0451836
0.6 0.315158 0.0432088
0.666667 0.315158 0.0393456
0.733333 0.315158 0.0337629
0.8 0.315158 0.0267045
0.866667 0.315158 0.018479
0.933333 0.315158 0.00944593
1 0.315158 0
0 0.32016 0
0.0666667 0.32016 0.00899359
0.133333 0.32016 0.0175941
0.2 0.32016 0.0254257
0.266667 0.32016 0.0321461
0.333333 0.32016 0.0374615
0.4 0.32016 0.0411397
0.466667 0.32016 0.0430198
0.533333 0.32016 0.0430198
0.6 0.32016 0.0411397
0.666667 0.32016 0.0374615
0.733333 0.32016 0.0321461
0.8 0.32016 0.0254257
0.866667 0.32016 0.0175941
0.933333 0.32016 0.00899359
1 0.32016 0
0 0.325163 0
0.0666667 0.325163 0.00856292
0.133333 0.325163 0.0167516
0.2 0.325163 0.0242081
0.266667 0.325163 0.0306067
0.333333 0.325163 0.0356676
0.4 0.325163 0.0391696
0.466667 0.325163 0.0409597
0.533333 0.325163 0.0409597
0.6 0.325163 0.0391696
0.666667 0.325163 0.0356676
0.733333 0.325163 0.0306067
0.8 0.325163 0.0242081
0.866667 0.325163 0.0167516
0.933333 0.325163 0.00856292
1 0.325163 0
0 0.330165 0
0.0666667 0.330165 0.00815286
0.133333 0.330165 0.0159494
0.2 0.330165 0.0230489
0.266667 0.330165 0.029141
0.333333 0.330165 0.0339595
0.4 0.330165 0.0372939
0.466667 0.330165 0.0389983
0.533333 0.330165 0.0389983
0.6 0.330165 0.0372939
0.666667 0.330165 0.0339595
0.733333 0.330165 0.029141
0.8 0.330165 0.0230489
0.866667 0.330165 0.0159494
0.933333 0.330165 0.00815286
1 0.330165 0
0 0.335168 0
0.0666667 0.335168 0.00776244
0.133333 0.335168 0.0151856
0.2 0.335168 0.0219451
0.266667 0.335168 0.0277455
0.333333 0.335168 0.0323333
0.4 0.335168 0.035508
0.466667 0.335168 0.0371308
0.533333 0.335168 0.0371308
0.6 0.335168 0.035508
0.666667 0.335168 0.0323333
0.733333 0.335168 0.0277455
0.8 0.335168 0.0219451
0.866667 0.335168 0.0151856
0.933333 0.335168 0.00776244
1 0.335168 0
0 0.34017 0
0.0666667 0.34017 0.00739072
0.133333 0.34017 0.0144584
0.2 0.34017 0.0208942
0.266667 0.34017 0.0264169
0.333333 0.34017 0.0307849
0.4 0.34017 0.0338076
0.466667 0.34017 0.0353527
0.533333 0.34017 0.0353527
0.6 0.34017 0.0338076
0.666667 0.34017 0.0307849
0.733333 0.34017 0.0264169
0.8 0.34017 0.0208942
0.866667 0.34017 0.0144584
0.933333 0.34017 0.00739072
1 0.34017 0
0 0.345173 0
0.0666667 0.345173 0.0070368
0.133333 0.345173 0.0137661
0.2 0.345173 0.0198937
0.266667 0.345173 0.0251518
0.333333 0.345173 0.0293107
0.4 0.345173 0.0321886
0.466667 0.345173 0.0336597
0.533333 0.345173 0.0336597
0.6 0.345173 0.0321886
0.666667 0.345173 0.0293107
0.733333 0.345173 0.0251518
0.8 0.345173 0.0198937
0.866667 0.345173 0.0137661
0.933333 0.345173 0.0070368
1 0.345173 0
0 0.350175 0
0.0666667 0.350175 0.00669982
0.133333 0.350175 0.0131068
0.2 0.350175 0.018941
0.266667 0.350175 0.0239474
0.333333 0.350175 0.0279071
0.4 0.350175 0.0306472
0.466667 0.350175 0.0320478
0.533333 0.350175 0.0320478
0.6 0.350175 0.0306472
0.666667 0.350175 0.0279071
0.733333 0.350175 0.0239474
0.8 0.350175 0.018941
0.866667 0.350175 0.0131068
0.933333 0.350175 0.00669982
1 0.350175 0
0 0.355178 0
0.0666667 0.355178 0.00637899
0.133333 0.355178 0.0124792
0.2 0.355178 0.018034
0.266667 0.355178 0.0228006
0.333333 0.355178 0.0265707
0.4 0.355178 0.0291796
0.466667 0.355178 0.0305132
0.533333 0.355178 0.0305132
0.6 0.355178 0.0291796
0.666667 0.355178 0.0265707
0.733333 0.355178 0.0228006
0.8 0.355178 0.018034
0.866667 0.355178 0.0124792
0.933333 0.355178 0.00637899
1 0.355178 0
0 0.36018 0
0.0666667 0.36018 0.00607351
0.133333 0.36018 0.0118816
0.2 0.36018 0.0171704
0.266667 0.36018 0.0217087
0.333333 0.36018 0.0252983
0.4 0.36018 0.0277823
0.466667 0.36018 0.029052
0.533333 0.36018 0.029052
0.6 0.36018 0.0277823
0.666667 0.36018 0.0252983
0.733333 0.36018 0.0217087
0.8 0.36018 0.0171704
0.866667 0.36018 0.0118816
0.933333 0.36018 0.00607351
1 0.36018 0
0 0.365183 0
0.0666667 0.365183 0.00578267
0.133333 0.365183 0.0113126
0.2 0.365183 0.0163481
0.266667 0.365183 0.0206692
0.333333 0.365183 0.0240869
0.4 0.365183 0.0264518
0.466667 0.365183 0.0276607
0.533333 0.365183 0.0276607
0.6 0.365183 0.0264518
0.666667 0.365183 0.0240869
0.733333 0.365183 0.0206692
0.8 0.365183 0.0163481
0.866667 0.365183 0.0113126
0.933333 0.365183 0.00578267
1 0.365183 0
0 0.370185 0
0.0666667 0.370185 0.00550575
0.133333 0.370185 0.0107709
0.2 0.370185 0.0155653
0.266667 0.370185 0.0196794
0.333333 0.370185 0.0229334
0.4 0.370185 0.0251851
0.466667 0.370185 0.0263361
0.533333 0.370185 0.0263361
0.6 0.370185 0.0251851
0.666667 0.370185 0.0229334
0.733333 0.370185 0.0196794
0.8 0.370185 0.0155653
0.866667 0.370185 0.0107709
0.933333 0.370185 0.00550575
1 0.370185 0
0 0.375188 0
0.0666667 0.375188 0.0052421
0.133333 0.375188 0.0102551
0.2 0.375188 0.0148199
0.266667 0.375188 0.018737
0.333333 0.375188 0.0218352
0.4 0.375188 0.0239791
0.466667 0.375188 0.025075
0.533333 0.375188 0.025075
0.6 0.375188 0.0239791
0.666667 0.375188 0.0218352
0.733333 0.375188 0.018737
0.8 0.375188 0.0148199
0.866667 0.375188 0.0102551
0.933333 0.375188 0.0052421
1 0.375188 0
0 0.38019 0
0.0666667 0.38019 0.00499107
0.133333 0.38019 0.009764
0.2 0.38019 0.0141102
0.266667 0.38019 0.0178397
0.333333 0.38019 0.0207896
0.4 0.38019 0.0228308
0.466667 0.38019 0.0238742
0.533333 0.38019 0.0238742
0.6 0.38019 0.0228308
0.666667 0.38019 0.0207896
0.733333 0.38019 0.0178397
0.8 0.38019 0.0141102
0.866667 0.38019 0.009764
0.933333 0.38019 0.00499107
1 0.38019 0
0 0.385193 0
0.0666667 0.385193 0.00475206
0.133333 0.385193 0.00929643
0.2 0.385193 0.0134345
0.266667 0.385193 0.0169854
0.333333 0.385193 0.019794
0.4 0.385193 0.0217375
0.466667 0.385193 0.0227309
0.533333 0.385193 0.0227309
0.6 0.385193 0.0217375
0.666667 0.385193 0.019794
0.733333 0.385193 0.0169854
0.8 0.385193 0.0134345
0.866667 0.385193 0.00929643
0.933333 0.385193 0.00475206
1 0.385193 0
0 0.390195 0
0.0666667 0.390195 0.0045245
0.133333 0.390195 0.00885125
0.2 0.390195 0.0127912
0.266667 0.390195 0.016172
0.333333 0.390195 0.0188461
0.4 0.390195 0.0206965
0.466667 0.390195 0.0216424
0.533333 0.390195 0.0216424
0.6 0.390195 0.0206965
0.666667 0.390195 0.0188461
0.733333 0.390195 0.016172
0.8 0.390195 0.0127912
0.866667 0.390195 0.00885125
0.933333 0.390195 0.0045245
1 0.390195 0
0 0.395198 0
0.0666667 0.395198 0.00430783
0.133333 0.395198 0.00842739
0.2 0.395198 0.0121786
0.266667 0.395198 0.0153976
0.333333 0.395198 0.0179436
0.4 0.395198 0.0197054
0.466667 0.395198 0.020606
0.533333 0.395198 0.020606
0.6 0.395198 0.0197054
0.666667 0.395198 0.0179436
0.733333 0.395198 0.0153976
0.8 0.395198 0.0121786
0.866667 0.395198 0.00842739
0.933333 0.395198 0.00430783
1 0.395198 0
0 0.4002 0
0.0666667 0.4002 0.00410154
0.133333 0.4002 0.00802382
0.2 0.4002 0.0115954
0.266667 0.4002 0.0146603
0.333333 0.4002 0.0170844
0.4 0.4002 0.0187618
0.466667 0.4002 0.0196192
0.533333 0.4002 0.0196192
0.6 0.4002 0.0187618
0.666667 0.4002 0.0170844
0.733333 0.4002 0.0146603
0.8 0.4002 0.0115954
0.866667 0.4002 0.00802382
0.933333 0.4002 0.00410154
1 0.4002 0
0 0.405203 0
0.0666667 0.405203 0.00390513
0.133333 0.405203 0.00763958
0.2 0.405203 0.0110401
0.266667 0.405203 0.0139582
0.333333 0.405203 0.0162662
0.4 0.405203 0.0178633
0.466667 0.405203 0.0186797
0.533333 0.405203 0.0186797
0.6 0.405203 0.0178633
0.666667 0.405203 0.0162662
0.733333 0.405203 0.0139582
0.8 0.405203 0.0110401
0.866667 0.405203 0.00763958
0.933333 0.405203 0.00390513
1 0.405203 0
0 0.410205 0
0.0666667 0.410205 0.00371812
0.133333 0.410205 0.00727374
0.2 0.410205 0.0105115
0.266667 0.410205 0.0132898
0.333333 0.410205 0.0154873
0.4 0.410205 0.0170079
0.466667 0.410205 0.0177852
0.533333 0.410205 0.0177852
0.6 0.410205 0.0170079
0.666667 0.410205 0.0154873
0.733333 0.410205 0.0132898
0.8 0.410205 0.0105115
0.866667 0.410205 0.00727374
0.933333 0.410205 0.00371812
1 0.410205 0
0 0.415208 0
0.0666667 0.415208 0.00354007
0.133333 0.415208 0.00692542
0.2 0.415208 0.0100081
0.266667 0.415208 0.0126534
0.333333 0.415208 0.0147456
0.4 0.415208 0.0161934
0.466667 0.415208 0.0169335
0.533333 0.415208 0.0169335
0.6 0.415208 0.0161934
0.666667 0.415208 0.0147456
0.733333 0.415208 0.0126534
0.8 0.415208 0.0100081
0.866667 0.415208 0.00692542
0.933333 0.415208 0.00354007
1 0.415208 0
0 0.42021 0
0.0666667 0.42021 0.00337055
0.133333 0.42021 0.00659378
0.2 0.42021 0.00952884
0.266667 0.42021 0.0120474
0.333333 0.42021 0.0140395
0.4 0.42021 0.015418
0.466667 0.42021 0.0161226
0.533333 0.42021 0.0161226
0.6 0.42021 0.015418
0.666667 0.42021 0.0140395
0.733333 0.42021 0.0120474
0.8 0.42021 0.00952884
0.866667 0.42021 0.00659378
0.933333 0.42021 0.00337055
1 0.42021 0
0 0.425213 0
0.0666667 0.425213 0.00320914
0.133333 0.425213 0.00627802
0.2 0.425213 0.00907253
0.266667 0.425213 0.0114705
0.333333 0.425213 0.0133672
0.4 0.425213 0.0146797
0.466667 0.425213 0.0153506
0.533333 0.425213 0.0153506
0.6 0.425213 0.0146797
0.666667 0.425213 0.0133672
0.733333 0.425213 0.0114705
0.8 0.425213 0.00907253
0.866667 0.425213 0.00627802
0.933333 0.425213 0.00320914
1 0.425213 0
0 0.430215 0
0.0666667 0.430215 0.00305546
0.133333 0.430215 0.00597739
0.2 0.430215 0.00863807
0.266667 0.430215 0.0109212
0.333333 0.430215 0.0127271
0.4 0.430215 0.0139767
0.466667 0.430215 0.0146155
0.533333 0.430215 0.0146155
0.6 0.430215 0.0139767
0.666667 0.430215 0.0127271
0.733333 0.430215 0.0109212
0.8 0.430215 0.00863807
0.866667 0.430215 0.00597739
0.933333 0.430215 0.00305546
1 0.430215 0
0 0.435218 0
0.0666667 0.435218 0.00290914
0.133333 0.435218 0.00569115
0.2 0.435218 0.00822442
0.266667 0.435218 0.0103982
0.333333 0.435218 0.0121176
0.4 0.435218 0.0133074
0.466667 0.435218 0.0139156
0.533333 0.435218 0.0139156
0.6 0.435218 0.0133074
0.666667 0.435218 0.0121176
0.733333 0.435218 0.0103982
0.8 0.435218 0.00822442
0.866667 0.435218 0.00569115
0.933333 0.435218 0.00290914
1 0.435218 0
0 0.44022 0
0.0666667 0.44022 0.00276983
0.133333 0.44022 0.00541861
0.2 0.44022 0.00783057
0.266667 0.44022 0.0099003
0.333333 0.44022 0.0115373
0.4 0.44022 0.0126701
0.466667 0.44022 0.0132492
0.533333 0.44022 0.0132492
0.6 0.44022 0.0126701
0.666667 0.44022 0.0115373
0.733333 0.44022 0.0099003
0.8 0.44022 0.00783057
0.866667 0.44022 0.00541861
0.933333 0.44022 0.00276983
1 0.44022 0
0 0.445223 0
0.0666667 0.445223 0.00263719
0.133333 0.445223 0.00515913
0.2 0.445223 0.00745559
0.266667 0.445223 0.0094262
0.333333 0.445223 0.0109848
0.4 0.445223 0.0120634
0.466667 0.445223 0.0126147
0.533333 0.445223 0.0126147
0.6 0.445223 0.0120634
0.666667 0.445223 0.0109848
0.733333 0.445223 0.0094262
0.8 0.445223 0.00745559
0.866667 0.445223 0.00515913
0.933333 0.445223 0.00263719
1 0.445223 0
0 0.450225 0
0.0666667 0.450225 0.00251091
0.133333 0.450225 0.00491207
0.2 0.450225 0.00709856
0.266667 0.450225 0.0089748
0.333333 0.450225 0.0104588
0.4 0.450225 0.0114857
0.466667 0.450225 0.0120106
0.533333 0.450225 0.0120106
0.6 0.450225 0.0114857
0.666667 0.450225 0.0104588
0.733333 0.450225 0.0089748
0.8 0.450225 0.00709856
0.866667 0.450225 0.00491207
0.933333 0.450225 0.00251091
1 0.450225 0
0 0.455228 0
0.0666667 0.455228 0.00239066
0.133333 0.455228 0.00467685
0.2 0.455228 0.00675863
0.266667 0.455228 0.00854502
0.333333 0.455228 0.00995796
0.4 0.455228 0.0109357
0.466667 0.455228 0.0114355
0.533333 0.455228 0.0114355
0.6 0.455228 0.0109357
0.666667 0.455228 0.00995796
0.733333 0.455228 0.00854502
0.8 0.455228 0.00675863
0.866667 0.455228 0.00467685
0.933333 0.455228 0.00239066
1 0.455228 0
0 0.46023 0
0.0666667 0.46023 0.00227618
0.133333 0.46023 0.00445288
0.2 0.46023 0.00643497
0.266667 0.46023 0.00813582
0.333333 0.46023 0.0094811
0.4 0.46023 0.010412
0.466667 0.46023 0.0108879
0.533333 0.46023 0.0108879
0.6 0.46023 0.010412
0.666667 0.46023 0.0094811
0.733333 0.46023 0.00813582
0.8 0.46023 0.00643497
0.866667 0.46023 0.00445288
0.933333 0.46023 0.00227618
1 0.46023 0
0 0.465233 0
0.0666667 0.465233 0.00216718
0.133333 0.465233 0.00423965
0.2 0.465233 0.00612682
0.266667 0.465233 0.00774622
0.333333 0.465233 0.00902708
0.4 0.465233 0.0099134
0.466667 0.465233 0.0103665
0.533333 0.465233 0.0103665
0.6 0.465233 0.0099134
0.666667 0.465233 0.00902708
0.733333 0.465233 0.00774622
0.8 0.465233 0.00612682
0.866667 0.465233 0.00423965
0.933333 0.465233 0.00216718
1 0.465233 0
0 0.470235 0
0.0666667 0.470235 0.0020634
0.133333 0.470235 0.00403662
0.2 0.470235 0.00583342
0.266667 0.470235 0.00737528
0.333333 0.470235 0.00859479
0.4 0.470235 0.00943868
0.466667 0.470235 0.00987005
0.533333 0.470235 0.00987005
0.6 0.470235 0.00943868
0.666667 0.470235 0.00859479
0.733333 0.470235 0.00737528
0.8 0.470235 0.00583342
0.866667 0.470235 0.00403662
0.933333 0.470235 0.0020634
1 0.470235 0
0 0.475238 0
0.0666667 0.475238 0.00196459
0.133333 0.475238 0.00384332
0.2 0.475238 0.00555408
0.266667 0.475238 0.00702209
0.333333 0.475238 0.00818321
0.4 0.475238 0.00898668
0.466667 0.475238 0.00939739
0.533333 0.475238 0.00939739
0.6 0.475238 0.00898668
0.666667 0.475238 0.00818321
0.733333 0.475238 0.00702209
0.8 0.475238 0.00555408
0.866667 0.475238 0.00384332
0.933333 0.475238 0.00196459
1 0.475238 0
0 0.48024 0
0.0666667 0.48024 0.00187051
0.133333 0.48024 0.00365927
0.2 0.48024 0.00528811
0.266667 0.48024 0.00668582
0.333333 0.48024 0.00779134
0.4 0.48024 0.00855634
0.466667 0.48024 0.00894738
0.533333 0.48024 0.00894738
0.6 0.48024 0.00855634
0.666667 0.48024 0.00779134
0.733333 0.48024 0.00668582
0.8 0.48024 0.00528811
0.866667 0.48024 0.00365927
0.933333 0.48024 0.00187051
1 0.48024 0
0 0.485243 0
0.0666667 0.485243 0.00178094
0.133333 0.485243 0.00348404
0.2 0.485243 0.00503487
0.266667 0.485243 0.00636566
0.333333 0.485243 0.00741823
0.4 0.485243 0.0081466
0.466667 0.485243 0.00851891
0.533333 0.485243 0.00851891
0.6 0.485243 0.0081466
0.666667 0.485243 0.00741823
0.733333 0.485243 0.00636566
0.8 0.485243 0.00503487
0.866667 0.485243 0.00348404
0.933333 0.485243 0.00178094
1 0.485243 0
0 0.490245 0
0.0666667 0.490245 0.00169565
0.133333 0.490245 0.0033172
0.2 0.490245 0.00479377
0.266667 0.490245 0.00606082
0.333333 0.490245 0.00706299
0.4 0.490245 0.00775648
0.466667 0.490245 0.00811096
0.533333 0.490245 0.00811096
0.6 0.490245 0.00775648
0.666667 0.490245 0.00706299
0.733333 0.490245 0.00606082
0.8 0.490245 0.00479377
0.866667 0.490245 0.0033172
0.933333 0.490245 0.00169565
1 0.490245 0
0 0.495248 0
0.0666667 0.495248 0.00161445
0.133333 0.495248 0.00315835
0.2 0.495248 0.00456421
0.266667 0.495248 0.00577059
0.333333 0.495248 0.00672477
0.4 0.495248 0.00738504
0.466667 0.495248 0.00772255
0.533333 0.495248 0.00772255
0.6 0.495248 0.00738504
0.666667 0.495248 0.00672477
0.733333 0.495248 0.00577059
0.8 0.495248 0.00456421
0.866667 0.495248 0.00315835
0.933333 0.495248 0.00161445
1 0.495248 0
0 0.50025 0
0.0666667 0.50025 0.00153714
0.133333 0.50025 0.0030071
0.2 0.50025 0.00434564
0.266667 0.50025 0.00549425
0.333333 0.50025 0.00640273
0.4 0.50025 0.00703139
0.466667 0.50025 0.00735274
0.533333 0.50025 0.00735274
0.6 0.50025 0.00703139
0.666667 0.50025 0.00640273
0.733333 0.50025 0.00549425
0.8 0.50025 0.00434564
0.866667 0.50025 0.0030071
0.933333 0.50025 0.00153714
1 0.50025 0
0 0.505253 0
0.0666667 0.505253 0.00146353
0.133333 0.505253 0.0028631
0.2 0.505253 0.00413754
0.266667 0.505253 0.00523114
0.333333 0.505253 0.00609612
0.4 0.505253 0.00669468
0.466667 0.505253 0.00700064
0.533333 0.505253 0.00700064
0.6 0.505253 0.00669468
0.666667 0.505253 0.00609612
0.733333 0.505253 0.00523114
0.8 0.505253 0.00413754
0.866667 0.505253 0.0028631
0.933333 0.505253 0.00146353
1 0.505253 0
0 0.510255 0
0.0666667 0.510255 0.00139345
0.133333 0.510255 0.00272599
0.2 0.510255 0.0039394
0.266667 0.510255 0.00498064
0.333333 0.510255 0.0058042
0.4 0.510255 0.00637409
0.466667 0.510255 0.0066654
0.533333 0.510255 0.0066654
0.6 0.510255 0.00637409
0.666667 0.510255 0.0058042
0.733333 0.510255 0.00498064
0.8 0.510255 0.0039394
0.866667 0.510255 0.00272599
0.933333 0.510255 0.00139345
1 0.510255 0
0 0.515258 0
0.0666667 0.515258 0.00132672
0.133333 0.515258 0.00259545
0.2 0.515258 0.00375075
0.266667 0.515258 0.00474213
0.333333 0.515258 0.00552625
0.4 0.515258 0.00606885
0.466667 0.515258 0.00634621
0.533333 0.515258 0.00634621
0.6 0.515258 0.00606885
0.666667 0.515258 0.00552625
0.733333 0.515258 0.00474213
0.8 0.515258 0.00375075
0.866667 0.515258 0.00259545
0.933333 0.515258 0.00132672
1 0.515258 0
0 0.52026 0
0.0666667 0.52026 0.00126319
0.133333 0.52026 0.00247116
0.2 0.52026 0.00357114
0.266667 0.52026 0.00451504
0.333333 0.52026 0.00526161
0.4 0.52026 0.00577823
0.466667 0.52026 0.0060423
0.533333 0.52026 0.0060423
0.6 0.52026 0.00577823
0.666667 0.52026 0.00526161
0.733333 0.52026 0.00451504
0.8 0.52026 0.00357114
0.866667 0.52026 0.00247116
0.933333 0.52026 0.00126319
1 0.52026 0
0 0.525263 0
0.0666667 0.525263 0.0012027
0.133333 0.525263 0.00235283
0.2 0.525263 0.00340013
0.266667 0.525263 0.00429883
0.333333 0.525263 0.00500965
0.4 0.525263 0.00550152
0.466667 0.525263 0.00575295
0.533333 0.525263 0.00575295
0.6 0.525263 0.00550152
0.666667 0.525263 0.00500965
0.733333 0.525263 0.00429883
0.8 0.525263 0.00340013
0.866667 0.525263 0.00235283
0.933333 0.525263 0.0012027
1 0.525263 0
0 0.530265 0
0.0666667 0.530265 0.0011451
0.133333 0.530265 0.00224016
0.2 0.530265 0.00323731
0.266667 0.530265 0.00409297
0.333333 0.530265 0.00476975
0.4 0.530265 0.00523807
0.466667 0.530265 0.00547746
0.533333 0.530265 0.00547746
0.6 0.530265 0.00523807
0.666667 0.530265 0.00476975
0.733333 0.530265 0.00409297
0.8 0.530265 0.00323731
0.866667 0.530265 0.00224016
0.933333 0.530265 0.0011451
1 0.530265 0
0 0.535268 0
0.0666667 0.535268 0.00109027
0.133333 0.535268 0.00213288
0.2 0.535268 0.00308228
0.266667 0.535268 0.00389697
0.333333 0.535268 0.00454134
0.4 0.535268 0.00498723
0.466667 0.535268 0.00521516
0.533333 0.535268 0.00521516
0.6 0.535268 0.00498723
0.666667 0.535268 0.00454134
0.733333 0.535268 0.00389697
0.8 0.535268 0.00308228
0.866667 0.535268 0.00213288
0.933333 0.535268 0.00109027
1 0.535268 0
0 0.54027 0
0.0666667 0.54027 0.00103806
0.133333 0.54027 0.00203074
0.2 0.54027 0.00293468
0.266667 0.54027 0.00371035
0.333333 0.54027 0.00432387
0.4 0.54027 0.00474841
0.466667 0.54027 0.00496542
0.533333 0.54027 0.00496542
0.6 0.54027 0.00474841
0.666667 0.54027 0.00432387
0.733333 0.54027 0.00371035
0.8 0.54027 0.00293468
0.866667 0.54027 0.00203074
0.933333 0.54027 0.00103806
1 0.54027 0
0 0.545273 0
0.0666667 0.545273 0.000988346
0.133333 0.545273 0.0019335
0.2 0.545273 0.00279414
0.266667 0.545273 0.00353267
0.333333 0.545273 0.00411681
0.4 0.545273 0.00452102
0.466667 0.545273 0.00472764
0.533333 0.545273 0.00472764
0.6 0.545273 0.00452102
0.666667 0.545273 0.00411681
0.733333 0.545273 0.00353267
0.8 0.545273 0.00279414
0.866667 0.545273 0.0019335
0.933333 0.545273 0.000988346
1 0.545273 0
0 0.550275 0
0.0666667 0.550275 0.000941017
0.133333 0.550275 0.00184091
0.2 0.550275 0.00266034
0.266667 0.550275 0.0033635
0.333333 0.550275 0.00391967
0.4 0.550275 0.00430452
0.466667 0.550275 0.00450125
0.533333 0.550275 0.00450125
0.6 0.550275 0.00430452
0.666667 0.550275 0.00391967
0.733333 0.550275 0.0033635
0.8 0.550275 0.00266034
0.866667 0.550275 0.00184091
0.933333 0.550275 0.000941017
1 0.550275 0
0 0.555278 0
0.0666667 0.555278 0.000895954
0.133333 0.555278 0.00175275
0.2 0.555278 0.00253294
0.266667 0.555278 0.00320243
0.333333 0.555278 0.00373196
0.4 0.555278 0.00409839
0.466667 0.555278 0.00428569
0.533333 0.555278 0.00428569
0.6 0.555278 0.00409839
0.666667 0.555278 0.00373196
0.733333 0.555278 0.00320243
0.8 0.555278 0.00253294
0.866667 0.555278 0.00175275
0.933333 0.555278 0.000895954
1 0.555278 0
0 0.56028 0
0.0666667 0.56028 0.000853049
0.133333 0.56028 0.00166882
0.2 0.56028 0.00241165
0.266667 0.56028 0.00304908
0.333333 0.56028 0.00355325
0.4 0.56028 0.00390213
0.466667 0.56028 0.00408046
0.533333 0.56028 0.00408046
0.6 0.56028 0.00390213
0.666667 0.56028 0.00355325
0.733333 0.56028 0.00304908
0.8 0.56028 0.00241165
0.866667 0.56028 0.00166882
0.933333 0.56028 0.000853049
1 0.56028 0
0 0.565283 0
0.0666667 0.565283 0.000812199
0.133333 0.565283 0.0015889
0.2 0.565283 0.00229616
0.266667 0.565283 0.00290307
0.333333 0.565283 0.00338309
0.4 0.565283 0.00371526
0.466667 0.565283 0.00388506
0.533333 0.565283 0.00388506
0.6 0.565283 0.00371526
0.666667 0.565283 0.00338309
0.733333 0.565283 0.00290307
0.8 0.565283 0.00229616
0.866667 0.565283 0.0015889
0.933333 0.565283 0.000812199
1 0.565283 0
0 0.570285 0
0.0666667 0.570285 0.000773305
0.133333 0.570285 0.00151281
0.2 0.570285 0.0021862
0.266667 0.570285 0.00276405
0.333333 0.570285 0.00322109
0.4 0.570285 0.00353735
0.466667 0.570285 0.00369901
0.533333 0.570285 0.00369901
0.6 0.570285 0.00353735
0.666667 0.570285 0.00322109
0.733333 0.570285 0.00276405
0.8 0.570285 0.0021862
0.866667 0.570285 0.00151281
0.933333 0.570285 0.000773305
1 0.570285 0
0 0.575288 0
0.0666667 0.575288 0.000736273
0.133333 0.575288 0.00144037
0.2 0.575288 0.00208151
0.266667 0.575288 0.00263168
0.333333 0.575288 0.00306684
0.4 0.575288 0.00336796
0.466667 0.575288 0.00352188
0.533333 0.575288 0.00352188
0.6 0.575288 0.00336796
0.666667 0.575288 0.00306684
0.733333 0.575288 0.00263168
0.8 0.575288 0.00208151
0.866667 0.575288 0.00144037
0.933333 0.575288 0.000736273
1 0.575288 0
0 0.58029 0
0.0666667 0.58029 0.000701015
0.133333 0.58029 0.00137139
0.2 0.58029 0.00198183
0.266667 0.58029 0.00250566
0.333333 0.58029 0.00291997
0.4 0.58029 0.00320667
0.466667 0.58029 0.00335323
0.533333 0.58029 0.00335323
0.6 0.58029 0.00320667
0.666667 0.58029 0.00291997
0.733333 0.58029 0.00250566
0.8 0.58029 0.00198183
0.866667 0.58029 0.00137139
0.933333 0.58029 0.000701015
1 0.58029 0
0 0.585293 0
0.0666667 0.585293 0.000667445
0.133333 0.585293 0.00130572
0.2 0.585293 0.00188693
0.266667 0.585293 0.00238567
0.333333 0.585293 0.00278014
0.4 0.585293 0.00305311
0.466667 0.585293 0.00319265
0.533333 0.585293 0.00319265
0.6 0.585293 0.00305311
0.666667 0.585293 0.00278014
0.733333 0.585293 0.00238567
0.8 0.585293 0.00188693
0.866667 0.585293 0.00130572
0.933333 0.585293 0.000667445
1 0.585293 0
0 0.590295 0
0.0666667 0.590295 0.000635483
0.133333 0.590295 0.00124319
0.2 0.590295 0.00179657
0.266667 0.590295 0.00227143
0.333333 0.590295 0.00264701
0.4 0.590295 0.00290691
0.466667 0.590295 0.00303976
0.533333 0.590295 0.00303976
0.6 0.590295 0.00290691
0.666667 0.590295 0.00264701
0.733333 0.590295 0.00227143
0.8 0.590295 0.00179657
0.866667 0.590295 0.00124319
0.933333 0.590295 0.000635483
1 0.590295 0
0 0.595298 0
0.0666667 0.595298 0.000605052
0.133333 0.595298 0.00118366
0.2 0.595298 0.00171054
0.266667 0.595298 0.00216265
0.333333 0.595298 0.00252025
0.4 0.595298 0.0027677
0.466667 0.595298 0.0028942
0.533333 0.595298 0.0028942
0.6 0.595298 0.0027677
0.666667 0.595298 0.00252025
0.733333 0.595298 0.00216265
0.8 0.595298 0.00171054
0.866667 0.595298 0.00118366
0.933333 0.595298 0.000605052
1 0.595298 0
0 0.6003 0
0.0666667 0.6003 0.000576077
0.133333 0.6003 0.00112698
0.2 0.6003 0.00162862
0.266667 0.6003 0.00205909
0.333333 0.6003 0.00239956
0.4 0.6003 0.00263517
0.466667 0.6003 0.0027556
0.533333 0.6003 0.0027556
0.6 0.6003 0.00263517
0.666667 0.6003 0.00239956
0.733333 0.6003 0.00205909
0.8 0.6003 0.00162862
0.866667 0.6003 0.00112698
0.933333 0.6003 0.000576077
1 0.6003 0
0 0.605303 0
0.0666667 0.605303 0.00054849
0.133333 0.605303 0.00107301
0.2 0.605303 0.00155063
0.266667 0.605303 0.00196049
0.333333 0.605303 0.00228466
0.4 0.605303 0.00250898
0.466667 0.605303 0.00262364
0.533333 0.605303 0.00262364
0.6 0.605303 0.00250898
0.666667 0.605303 0.00228466
0.733333 0.605303 0.00196049
0.8 0.605303 0.00155063
0.866667 0.605303 0.00107301
0.933333 0.605303 0.00054849
1 0.605303 0
0 0.610305 0
0.0666667 0.610305 0.000522225
0.133333 0.610305 0.00102163
0.2 0.610305 0.00147638
0.266667 0.610305 0.0018666
0.333333 0.610305 0.00217525
0.4 0.610305 0.00238883
0.466667 0.610305 0.002498
0.533333 0.610305 0.002498
0.6 0.610305 0.00238883
0.666667 0.610305 0.00217525
0.733333 0.610305 0.0018666
0.8 0.610305 0.00147638
0.866667 0.610305 0.00102163
0.933333 0.610305 0.000522225
1 0.610305 0
0 0.615308 0
0.0666667 0.615308 0.000497217
0.133333 0.615308 0.000972703
0.2 0.615308 0.00140568
0.266667 0.615308 0.00177722
0.333333 0.615308 0.00207108
0.4 0.615308 0.00227443
0.466667 0.615308 0.00237838
0.533333 0.615308 0.00237838
0.6 0.615308 0.00227443
0.666667 0.615308 0.00207108
0.733333 0.615308 0.00177722
0.8 0.615308 0.00140568
0.866667 0.615308 0.000972703
0.933333 0.615308 0.000497217
1 0.615308 0
0 0.62031 0
0.0666667 0.62031 0.000473406
0.133333 0.62031 0.000926123
0.2 0.62031 0.00133836
0.266667 0.62031 0.00169211
0.333333 0.62031 0.0019719
0.4 0.62031 0.00216552
0.466667 0.62031 0.00226449
0.533333 0.62031 0.00226449
0.6 0.62031 0.00216552
0.666667 0.62031 0.0019719
0.733333 0.62031 0.00169211
0.8 0.62031 0.00133836
0.866667 0.62031 0.000926123
0.933333 0.62031 0.000473406
1 0.62031 0
0 0.625313 0
0.0666667 0.625313 0.000450736
0.133333 0.625313 0.000881773
0.2 0.625313 0.00127427
0.266667 0.625313 0.00161108
0.333333 0.625313 0.00187748
0.4 0.625313 0.00206182
0.466667 0.625313 0.00215605
0.533333 0.625313 0.00215605
0.6 0.625313 0.00206182
0.666667 0.625313 0.00187748
0.733333 0.625313 0.00161108
0.8 0.625313 0.00127427
0.866667 0.625313 0.000881773
0.933333 0.625313 0.000450736
1 0.625313 0
0 0.630315 0
0.0666667 0.630315 0.000429152
0.133333 0.630315 0.000839547
0.2 0.630315 0.00121325
0.266667 0.630315 0.00153393
0.333333 0.630315 0.00178757
0.4 0.630315 0.00196308
0.466667 0.630315 0.0020528
0.533333 0.630315 0.0020528
0.6 0.630315 0.00196308
0.666667 0.630315 0.00178757
0.733333 0.630315 0.00153393
0.8 0.630315 0.00121325
0.866667 0.630315 0.000839547
0.933333 0.630315 0.000429152
1 0.630315 0
0 0.635318 0
0.0666667 0.635318 0.000408601
0.133333 0.635318 0.000799344
0.2 0.635318 0.00115515
0.266667 0.635318 0.00146047
0.333333 0.635318 0.00170197
0.4 0.635318 0.00186907
0.466667 0.635318 0.0019545
0.533333 0.635318 0.0019545
0.6 0.635318 0.00186907
0.666667 0.635318 0.00170197
0.733333 0.635318 0.00146047
0.8 0.635318 0.00115515
0.866667 0.635318 0.000799344
0.933333 0.635318 0.000408601
1 0.635318 0
0 0.64032 0
0.0666667 0.64032 0.000389034
0.133333 0.64032 0.000761065
0.2 0.64032 0.00109983
0.266667 0.64032 0.00139054
0.333333 0.64032 0.00162046
0.4 0.64032 0.00177957
0.466667 0.64032 0.0018609
0.533333 0.64032 0.0018609
0.6 0.64032 0.00177957
0.666667 0.64032 0.00162046
0.733333 0.64032 0.00139054
0.8 0.64032 0.00109983
0.866667 0.64032 0.000761065
0.933333 0.64032 0.000389034
1 0.64032 0
0 0.645323 0
0.0666667 0.645323 0.000370404
0.133333 0.645323 0.00072462
0.2 0.645323 0.00104717
0.266667 0.645323 0.00132395
0.333333 0.645323 0.00154286
0.4 0.645323 0.00169435
0.466667 0.645323 0.00177179
0.533333 0.645323 0.00177179
0.6 0.645323 0.00169435
0.666667 0.645323 0.00154286
0.733333 0.645323 0.00132395
0.8 0.645323 0.00104717
0.866667 0.645323 0.00072462
0.933333 0.645323 0.000370404
1 0.645323 0
0 0.650325 0
0.0666667 0.650325 0.000352666
0.133333 0.650325 0.00068992
0.2 0.650325 0.00099702
0.266667 0.650325 0.00126055
0.333333 0.650325 0.00146898
0.4 0.650325 0.00161321
0.466667 0.650325 0.00168694
0.533333 0.650325 0.00168694
0.6 0.650325 0.00161321
0.666667 0.650325 0.00146898
0.733333 0.650325 0.00126055
0.8 0.650325 0.00099702
0.866667 0.650325 0.00068992
0.933333 0.650325 0.000352666
1 0.650325 0
0 0.655328 0
0.0666667 0.655328 0.000335778
0.133333 0.655328 0.000656881
0.2 0.655328 0.000949276
0.266667 0.655328 0.00120018
0.333333 0.655328 0.00139863
0.4 0.655328 0.00153596
0.466667 0.655328 0.00160616
0.533333 0.655328 0.00160616
0.6 0.655328 0.00153596
0.666667 0.655328 0.00139863
0.733333 0.655328 0.00120018
0.8 0.655328 0.000949276
0.866667 0.655328 0.000656881
0.933333 0.655328 0.000335778
1 0.655328 0
0 0.66033 0
0.0666667 0.66033 0.000319699
0.133333 0.66033 0.000625425
0.2 0.66033 0.000903817
0.266667 0.66033 0.00114271
0.333333 0.66033 0.00133166
0.4 0.66033 0.00146241
0.466667 0.66033 0.00152924
0.533333 0.66033 0.00152924
0.6 0.66033 0.00146241
0.666667 0.66033 0.00133166
0.733333 0.66033 0.00114271
0.8 0.66033 0.000903817
0.866667 0.66033 0.000625425
0.933333 0.66033 0.000319699
1 0.66033 0
0 0.665333 0
0.0666667 0.665333 0.000304389
0.133333 0.665333 0.000595475
0.2 0.665333 0.000860536
0.266667 0.665333 0.00108799
0.333333 0.665333 0.00126789
0.4 0.665333 0.00139238
0.466667 0.665333 0.00145601
0.533333 0.665333 0.00145601
0.6 0.665333 0.00139238
0.666667 0.665333 0.00126789
0.733333 0.665333 0.00108799
0.8 0.665333 0.000860536
0.866667 0.665333 0.000595475
0.933333 0.665333 0.000304389
1 0.665333 0
0 0.670335 0
0.0666667 0.670335 0.000289813
0.133333 0.670335 0.000566959
0.2 0.670335 0.000819327
0.266667 0.670335 0.00103589
0.333333 0.670335 0.00120717
0.4 0.670335 0.0013257
0.466667 0.670335 0.00138629
0.533333 0.670335 0.00138629
0.6 0.670335 0.0013257
0.666667 0.670335 0.00120717
0.733333 0.670335 0.00103589
0.8 0.670335 0.000819327
0.866667 0.670335 0.000566959
0.933333 0.670335 0.000289813
1 0.670335 0
0 0.675338 0
0.0666667 0.675338 0.000275934
0.133333 0.675338 0.000539809
0.2 0.675338 0.000780092
0.266667 0.675338 0.000986281
0.333333 0.675338 0.00114936
0.4 0.675338 0.00126221
0.466667 0.675338 0.0013199
0.533333 0.675338 0.0013199
0.6 0.675338 0.00126221
0.666667 0.675338 0.00114936
0.733333 0.675338 0.000986281
0.8 0.675338 0.000780092
0.866667 0.675338 0.000539809
0.933333 0.675338 0.000275934
1 0.675338 0
0 0.68034 0
0.0666667 0.68034 0.000262721
0.133333 0.68034 0.000513959
0.2 0.68034 0.000742735
0.266667 0.68034 0.00093905
0.333333 0.68034 0.00109432
0.4 0.68034 0.00120177
0.466667 0.68034 0.00125669
0.533333 0.68034 0.00125669
0.6 0.68034 0.00120177
0.666667 0.68034 0.00109432
0.733333 0.68034 0.00093905
0.8 0.68034 0.000742735
0.866667 0.68034 0.000513959
0.933333 0.68034 0.000262721
1 0.68034 0
0 0.685343 0
0.0666667 0.685343 0.00025014
0.133333 0.685343 0.000489347
0.2 0.685343 0.000707168
0.266667 0.685343 0.000894082
0.333333 0.685343 0.00104192
0.4 0.685343 0.00114422
0.466667 0.685343 0.00119651
0.533333 0.685343 0.00119651
0.6 0.685343 0.00114422
0.666667 0.685343 0.00104192
0.733333 0.685343 0.000894082
0.8 0.685343 0.000707168
0.866667 0.685343 0.000489347
0.933333 0.685343 0.00025014
1 0.685343 0
0 0.690345 0
0.0666667 0.690345 0.000238161
0.133333 0.690345 0.000465914
0.2 0.690345 0.000673303
0.266667 0.690345 0.000851266
0.333333 0.690345 0.000992025
0.4 0.690345 0.00108943
0.466667 0.690345 0.00113922
0.533333 0.690345 0.00113922
0.6 0.690345 0.00108943
0.666667 0.690345 0.000992025
0.733333 0.690345 0.000851266
0.8 0.690345 0.000673303
0.866667 0.690345 0.000465914
0.933333 0.690345 0.000238161
1 0.690345 0
0 0.695348 0
0.0666667 0.695348 0.000226756
0.133333 0.695348 0.000443602
0.2 0.695348 0.000641061
0.266667 0.695348 0.000810502
0.333333 0.695348 0.00094452
0.4 0.695348 0.00103726
0.466667 0.695348 0.00108466
0.533333 0.695348 0.00108466
0.6 0.695348 0.00103726
0.666667 0.695348 0.00094452
0.733333 0.695348 0.000810502
0.8 0.695348 0.000641061
0.866667 0.695348 0.000443602
0.933333 0.695348 0.000226756
1 0.695348 0
0 0.70035 0
0.0666667 0.70035 0.000215898
0.133333 0.70035 0.000422359
0.2 0.70035 0.000610362
0.266667 0.70035 0.000771689
0.333333 0.70035 0.000899289
0.4 0.70035 0.000987586
0.466667 0.70035 0.00103272
0.533333 0.70035 0.00103272
0.6 0.70035 0.000987586
0.666667 0.70035 0.000899289
0.733333 0.70035 0.000771689
0.8 0.70035 0.000610362
0.866667 0.70035 0.000422359
0.933333 0.70035 0.000215898
1 0.70035 0
0 0.705353 0
0.0666667 0.705353 0.000205559
0.133333 0.705353 0.000402134
0.2 0.705353 0.000581133
0.266667 0.705353 0.000734735
0.333333 0.705353 0.000856225
0.4 0.705353 0.000940293
0.466667 0.705353 0.000983267
0.533333 0.705353 0.000983267
0.6 0.705353 0.000940293
0.666667 0.705353 0.000856225
0.733333 0.705353 0.000734735
0.8 0.705353 0.000581133
0.866667 0.705353 0.000402134
0.933333 0.705353 0.000205559
1 0.705353 0
0 0.710355 0
0.0666667 0.710355 0.000195715
0.133333 0.710355 0.000382877
0.2 0.710355 0.000553304
0.266667 0.710355 0.00069955
0.333333 0.710355 0.000815222
0.4 0.710355 0.000895265
0.466667 0.710355 0.000936181
0.533333 0.710355 0.000936181
0.6 0.710355 0.000895265
0.666667 0.710355 0.000815222
0.733333 0.710355 0.00069955
0.8 0.710355 0.000553304
0.866667 0.710355 0.000382877
0.933333 0.710355 0.000195715
1 0.710355 0
0 0.715358 0
0.0666667 0.715358 0.000186343
0.133333 0.715358 0.000364542
0.2 0.715358 0.000526808
0.266667 0.715358 0.000666051
0.333333 0.715358 0.000776184
0.4 0.715358 0.000852393
0.466667 0.715358 0.00089135
0.533333 0.715358 0.00089135
0.6 0.715358 0.000852393
0.666667 0.715358 0.000776184
0.733333 0.715358 0.000666051
0.8 0.715358 0.000526808
0.866667 0.715358 0.000364542
0.933333 0.715358 0.000186343
1 0.715358 0
0 0.72036 0
0.0666667 0.72036 0.000177419
0.133333 0.72036 0.000347085
0.2 0.72036 0.000501581
0.266667 0.72036 0.000634155
0.333333 0.72036 0.000739014
0.4 0.72036 0.000811575
0.466667 0.72036 0.000848665
0.533333 0.72036 0.000848665
0.6 0.72036 0.000811575
0.666667 0.72036 0.000739014
0.733333 0.72036 0.000634155
0.8 0.72036 0.000501581
0.866667 0.72036 0.000347085
0.933333 0.72036 0.000177419
1 0.72036 0
0 0.725363 0
0.0666667 0.725363 0.000168923
0.133333 0.725363 0.000330464
0.2 0.725363 0.000477561
0.266667 0.725363 0.000603787
0.333333 0.725363 0.000703625
0.4 0.725363 0.00077271
0.466667 0.725363 0.000808025
0.533333 0.725363 0.000808025
0.6 0.725363 0.00077271
0.666667 0.725363 0.000703625
0.733333 0.725363 0.000603787
0.8 0.725363 0.000477561
0.866667 0.725363 0.000330464
0.933333 0.725363 0.000168923
1 0.725363 0
0 0.730365 0
0.0666667 0.730365 0.000160834
0.133333 0.730365 0.000314639
0.2 0.730365 0.000454692
0.266667 0.730365 0.000574873
0.333333 0.730365 0.00066993
0.4 0.730365 0.000735707
0.466667 0.730365 0.000769331
0.533333 0.730365 0.000769331
0.6 0.730365 0.000735707
0.666667 0.730365 0.00066993
0.733333 0.730365 0.000574873
0.8 0.730365 0.000454692
0.866667 0.730365 0.000314639
0.933333 0.730365 0.000160834
1 0.730365 0
0 0.735368 0
0.0666667 0.735368 0.000153132
0.133333 0.735368 0.000299571
0.2 0.735368 0.000432918
0.266667 0.735368 0.000547344
0.333333 0.735368 0.000637849
0.4 0.735368 0.000700476
0.466667 0.735368 0.00073249
0.533333 0.735368 0.00073249
0.6 0.735368 0.000700476
0.666667 0.735368 0.000637849
0.733333 0.735368 0.000547344
0.8 0.735368 0.000432918
0.866667 0.735368 0.000299571
0.933333 0.735368 0.000153132
1 0.735368 0
0 0.74037 0
0.0666667 0.74037 0.000145799
0.133333 0.74037 0.000285226
0.2 0.74037 0.000412187
0.266667 0.74037 0.000521133
0.333333 0.74037 0.000607304
0.4 0.74037 0.000666932
0.466667 0.74037 0.000697413
0.533333 0.74037 0.000697413
0.6 0.74037 0.000666932
0.666667 0.74037 0.000607304
0.733333 0.74037 0.000521133
0.8 0.74037 0.000412187
0.866667 0.74037 0.000285226
0.933333 0.74037 0.000145799
1 0.74037 0
0 0.745373 0
0.0666667 0.745373 0.000138817
0.133333 0.745373 0.000271567
0.2 0.745373 0.000392448
0.266667 0.745373 0.000496178
0.333333 0.745373 0.000578222
0.4 0.745373 0.000634995
0.466667 0.745373 0.000664015
0.533333 0.745373 0.000664015
0.6 0.745373 0.000634995
0.666667 0.745373 0.000578222
0.733333 0.745373 0.000496178
0.8 0.745373 0.000392448
0.866667 0.745373 0.000271567
0.933333 0.745373 0.000138817
1 0.745373 0
0 0.750375 0
0.0666667 0.750375 0.000132169
0.133333 0.750375 0.000258562
0.2 0.750375 0.000373655
0.266667 0.750375 0.000472417
0.333333 0.750375 0.000550532
0.4 0.750375 0.000604587
0.466667 0.750375 0.000632218
0.533333 0.750375 0.000632218
0.6 0.750375 0.000604587
0.666667 0.750375 0.000550532
0.733333 0.750375 0.000472417
0.8 0.750375 0.000373655
0.866667 0.750375 0.000258562
0.933333 0.750375 0.000132169
1 0.750375 0
0 0.755378 0
0.0666667 0.755378 0.00012584
0.133333 0.755378 0.000246181
0.2 0.755378 0.000355762
0.266667 0.755378 0.000449794
0.333333 0.755378 0.000524169
0.4 0.755378 0.000575635
0.466667 0.755378 0.000601942
0.533333 0.755378 0.000601942
0.6 0.755378 0.000575635
0.666667 0.755378 0.000524169
0.733333 0.755378 0.000449794
0.8 0.755378 0.000355762
0.866667 0.755378 0.000246181
0.933333 0.755378 0.00012584
1 0.755378 0
0 0.76038 0
0.0666667 0.76038 0.000119814
0.133333 0.76038 0.000234392
0.2 0.76038 0.000338725
0.266667 0.76038 0.000428255
0.333333 0.76038 0.000499068
0.4 0.76038 0.000548069
0.466667 0.76038 0.000573117
0.533333 0.76038 0.000573117
0.6 0.76038 0.000548069
0.666667 0.76038 0.000499068
0.733333 0.76038 0.000428255
0.8 0.76038 0.000338725
0.866667 0.76038 0.000234392
0.933333 0.76038 0.000119814
1 0.76038 0
0 0.765383 0
0.0666667 0.765383 0.000114076
0.133333 0.765383 0.000223167
0.2 0.765383 0.000322505
0.266667 0.765383 0.000407747
0.333333 0.765383 0.000475169
0.4 0.765383 0.000521823
0.466667 0.765383 0.000545672
0.533333 0.765383 0.000545672
0.6 0.765383 0.000521823
0.666667 0.765383 0.000475169
0.733333 0.765383 0.000407747
0.8 0.765383 0.000322505
0.866667 0.765383 0.000223167
0.933333 0.765383 0.000114076
1 0.765383 0
0 0.770385 0
0.0666667 0.770385 0.000108614
0.133333 0.770385 0.00021248
0.2 0.770385 0.000307061
0.266667 0.770385 0.000388221
0.333333 0.770385 0.000452414
0.4 0.770385 0.000496835
0.466667 0.770385 0.000519541
0.533333 0.770385 0.000519541
0.6 0.770385 0.000496835
0.666667 0.770385 0.000452414
0.733333 0.770385 0.000388221
0.8 0.770385 0.000307061
0.866667 0.770385 0.00021248
0.933333 0.770385 0.000108614
1 0.770385 0
0 0.775388 0
0.0666667 0.775388 0.000103412
0.133333 0.775388 0.000202305
0.2 0.775388 0.000292356
0.266667 0.775388 0.00036963
0.333333 0.775388 0.000430749
0.4 0.775388 0.000473043
0.466667 0.775388 0.000494662
0.533333 0.775388 0.000494662
0.6 0.775388 0.000473043
0.666667 0.775388 0.000430749
0.733333 0.775388 0.00036963
0.8 0.775388 0.000292356
0.866667 0.775388 0.000202305
0.933333 0.775388 0.000103412
1 0.775388 0
0 0.78039 0
0.0666667 0.78039 9.84603e-05
0.133333 0.78039 0.000192617
0.2 0.78039 0.000278356
0.266667 0.78039 0.00035193
0.333333 0.78039 0.000410122
0.4 0.78039 0.00045039
0.466667 0.78039 0.000470974
0.533333 0.78039 0.000470974
0.6 0.78039 0.00045039
0.666667 0.78039 0.000410122
0.733333 0.78039 0.00035193
0.8 0.78039 0.000278356
0.866667 0.78039 0.000192617
0.933333 0.78039 9.84603e-05
1 0.78039 0
0 0.785393 0
0.0666667 0.785393 9.37453e-05
0.133333 0.785393 0.000183393
0.2 0.785393 0.000265027
0.266667 0.785393 0.000335077
0.333333 0.785393 0.000390482
0.4 0.785393 0.000428822
0.466667 0.785393 0.00044842
0.533333 0.785393 0.00044842
0.6 0.785393 0.000428822
0.666667 0.785393 0.000390482
0.733333 0.785393 0.000335077
0.8 0.785393 0.000265027
0.866667 0.785393 0.000183393
0.933333 0.785393 9.37453e-05
1 0.785393 0
0 0.790395 0
0.0666667 0.790395 8.92561e-05
0.133333 0.790395 0.000174611
0.2 0.790395 0.000252335
0.266667 0.790395 0.000319031
0.333333 0.790395 0.000371783
0.4 0.790395 0.000408287
0.466667 0.790395 0.000426946
0.533333 0.790395 0.000426946
0.6 0.790395 0.000408287
0.666667 0.790395 0.000371783
0.733333 0.790395 0.000319031
0.8 0.790395 0.000252335
0.866667 0.790395 0.000174611
0.933333 0.790395 8.92561e-05
1 0.790395 0
0 0.795398 0
0.0666667 0.795398 8.49819e-05
0.133333 0.795398 0.00016625
0.2 0.795398 0.000240251
0.266667 0.795398 0.000303753
0.333333 0.795398 0.000353979
0.4 0.795398 0.000388735
0.466667 0.795398 0.000406501
0.533333 0.795398 0.000406501
0.6 0.795398 0.000388735
0.666667 0.795398 0.000353979
0.733333 0.795398 0.000303753
0.8 0.795398 0.000240251
0.866667 0.795398 0.00016625
0.933333 0.795398 8.49819e-05
1 0.795398 0
0 0.8004 0
0.0666667 0.8004 8.09123e-05
0.133333 0.8004 0.000158288
0.2 0.8004 0.000228746
0.266667 0.8004 0.000289207
0.333333 0.8004 0.000337028
0.4 0.8004 0.00037012
0.466667 0.8004 0.000387035
0.533333 0.8004 0.000387035
0.6 0.8004 0.00037012
0.666667 0.8004 0.000337028
0.733333 0.8004 0.000289207
0.8 0.8004 0.000228746
0.866667 0.8004 0.000158288
0.933333 0.8004 8.09123e-05
1 0.8004 0
0 0.805403 0
0.0666667 0.805403 7.70376e-05
0.133333 0.805403 0.000150708
0.2 0.805403 0.000217792
0.266667 0.805403 0.000275358
0.333333 0.805403 0.000320889
0.4 0.805403 0.000352395
0.466667 0.805403 0.000368501
0.533333 0.805403 0.000368501
0.6 0.805403 0.000352395
0.666667 0.805403 0.000320889
0.733333 0.805403 0.000275358
0.8 0.805403 0.000217792
0.866667 0.805403 0.000150708
0.933333 0.805403 7.70376e-05
1 0.805403 0
0 0.810405 0
0.0666667 0.810405 7.33485e-05
0.133333 0.810405 0.000143491
0.2 0.810405 0.000207363
0.266667 0.810405 0.000262172
0.333333 0.810405 0.000305522
0.4 0.810405 0.00033552
0.466667 0.810405 0.000350854
0.533333 0.810405 0.000350854
0.6 0.810405 0.00033552
0.666667 0.810405 0.000305522
0.733333 0.810405 0.000262172
0.8 0.810405 0.000207363
0.866667 0.810405 0.000143491
0.933333 0.810405 7.33485e-05
1 0.810405 0
0 0.815408 0
0.0666667 0.815408 6.9836e-05
0.133333 0.815408 0.00013662
0.2 0.815408 0.000197433
0.266667 0.815408 0.000249617
0.333333 0.815408 0.000290892
0.4 0.815408 0.000319453
0.466667 0.815408 0.000334053
0.533333 0.815408 0.000334053
0.6 0.815408 0.000319453
0.666667 0.815408 0.000290892
0.733333 0.815408 0.000249617
0.8 0.815408 0.000197433
0.866667 0.815408 0.00013662
0.933333 0.815408 6.9836e-05
1 0.815408 0
0 0.82041 0
0.0666667 0.82041 6.64918e-05
0.133333 0.82041 0.000130078
0.2 0.82041 0.000187978
0.266667 0.82041 0.000237664
0.333333 0.82041 0.000276962
0.4 0.82041 0.000304155
0.466667 0.82041 0.000318056
0.533333 0.82041 0.000318056
0.6 0.82041 0.000304155
0.666667 0.82041 0.000276962
0.733333 0.82041 0.000237664
0.8 0.82041 0.000187978
0.866667 0.82041 0.000130078
0.933333 0.82041 6.64918e-05
1 0.82041 0
0 0.825413 0
0.0666667 0.825413 6.33077e-05
0.133333 0.825413 0.000123848
0.2 0.825413 0.000178977
0.266667 0.825413 0.000226282
0.333333 0.825413 0.000263699
0.4 0.825413 0.00028959
0.466667 0.825413 0.000302825
0.533333 0.825413 0.000302825
0.6 0.825413 0.00028959
0.666667 0.825413 0.000263699
0.733333 0.825413 0.000226282
0.8 0.825413 0.000178977
0.866667 0.825413 0.000123848
0.933333 0.825413 6.33077e-05
1 0.825413 0
0 0.830415 0
0.0666667 0.830415 6.0276e-05
0.133333 0.830415 0.000117918
0.2 0.830415 0.000170406
0.266667 0.830415 0.000215446
0.333333 0.830415 0.000251071
0.4 0.830415 0.000275722
0.466667 0.830415 0.000288324
0.533333 0.830415 0.000288324
0.6 0.830415 0.000275722
0.666667 0.830415 0.000251071
0.733333 0.830415 0.000215446
0.8 0.830415 0.000170406
0.866667 0.830415 0.000117918
0.933333 0.830415 6.0276e-05
1 0.830415 0
0 0.835418 0
0.0666667 0.835418 5.73896e-05
0.133333 0.835418 0.000112271
0.2 0.835418 0.000162246
0.266667 0.835418 0.000205129
0.333333 0.835418 0.000239048
0.4 0.835418 0.000262519
0.466667 0.835418 0.000274516
0.533333 0.835418 0.000274516
0.6 0.835418 0.000262519
0.666667 0.835418 0.000239048
0.733333 0.835418 0.000205129
0.8 0.835418 0.000162246
0.866667 0.835418 0.000112271
0.933333 0.835418 5.73896e-05
1 0.835418 0
0 0.84042 0
0.0666667 0.84042 5.46413e-05
0.133333 0.84042 0.000106895
0.2 0.84042 0.000154476
0.266667 0.84042 0.000195306
0.333333 0.84042 0.0002276
0.4 0.84042 0.000249947
0.466667 0.84042 0.000261371
0.533333 0.84042 0.000261371
0.6 0.84042 0.000249947
0.666667 0.84042 0.0002276
0.733333 0.84042 0.000195306
0.8 0.84042 0.000154476
0.866667 0.84042 0.000106895
0.933333 0.84042 5.46413e-05
1 0.84042 0
0 0.845423 0
0.0666667 0.845423 5.20247e-05
0.133333 0.845423 0.000101776
0.2 0.845423 0.000147079
0.266667 0.845423 0.000185953
0.333333 0.845423 0.000216701
0.4 0.845423 0.000237978
0.466667 0.845423 0.000248854
0.533333 0.845423 0.000248854
0.6 0.845423 0.000237978
0.666667 0.845423 0.000216701
0.733333 0.845423 0.000185953
0.8 0.845423 0.000147079
0.866667 0.845423 0.000101776
0.933333 0.845423 5.20247e-05
1 0.845423 0
0 0.850425 0
0.0666667 0.850425 4.95334e-05
0.133333 0.850425 9.69019e-05
0.2 0.850425 0.000140035
0.266667 0.850425 0.000177049
0.333333 0.850425 0.000206324
0.4 0.850425 0.000226582
0.466667 0.850425 0.000236937
0.533333 0.850425 0.000236937
0.6 0.850425 0.000226582
0.666667 0.850425 0.000206324
0.733333 0.850425 0.000177049
0.8 0.850425 0.000140035
0.866667 0.850425 9.69019e-05
0.933333 0.850425 4.95334e-05
1 0.850425 0
0 0.855428 0
0.0666667 0.855428 4.71614e-05
0.133333 0.855428 9.22616e-05
0.2 0.855428 0.000133329
0.266667 0.855428 0.00016857
0.333333 0.855428 0.000196444
0.4 0.855428 0.000215732
0.466667 0.855428 0.000225591
0.533333 0.855428 0.000225591
0.6 0.855428 0.000215732
0.666667 0.855428 0.000196444
0.733333 0.855428 0.00016857
0.8 0.855428 0.000133329
0.866667 0.855428 9.22616e-05
0.933333 0.855428 4.71614e-05
1 0.855428 0
0 0.86043 0
0.0666667 0.86043 4.49029e-05
0.133333 0.86043 8.78434e-05
0.2 0.86043 0.000126945
0.266667 0.86043 0.000160498
0.333333 0.86043 0.000187037
0.4 0.86043 0.000205401
0.466667 0.86043 0.000214788
0.533333 0.86043 0.000214788
0.6 0.86043 0.000205401
0.666667 0.86043 0.000187037
0.733333 0.86043 0.000160498
0.8 0.86043 0.000126945
0.866667 0.86043 8.78434e-05
0.933333 0.86043 4.49029e-05
1 0.86043 0
0 0.865433 0
0.0666667 0.865433 4.27527e-05
0.133333 0.865433 8.36368e-05
0.2 0.865433 0.000120866
0.266667 0.865433 0.000152812
0.333333 0.865433 0.00017808
0.4 0.865433 0.000195565
0.466667 0.865433 0.000204502
0.533333 0.865433 0.000204502
0.6 0.865433 0.000195565
0.666667 0.865433 0.00017808
0.733333 0.865433 0.000152812
0.8 0.865433 0.000120866
0.866667 0.865433 8.36368e-05
0.933333 0.865433 4.27527e-05
1 0.865433 0
0 0.870435 0
0.0666667 0.870435 4.07053e-05
0.133333 0.870435 7.96317e-05
0.2 0.870435 0.000115078
0.266667 0.870435 0.000145494
0.333333 0.870435 0.000169552
0.4 0.870435 0.0001862
0.466667 0.870435 0.000194709
0.533333 0.870435 0.000194709
0.6 0.870435 0.0001862
0.666667 0.870435 0.000169552
0.733333 0.870435 0.000145494
0.8 0.870435 0.000115078
0.866667 0.870435 7.96317e-05
0.933333 0.870435 4.07053e-05
1 0.870435 0
0 0.875438 0
0.0666667 0.875438 3.87561e-05
0.133333 0.875438 7.58183e-05
0.2 0.875438 0.000109567
0.266667 0.875438 0.000138527
0.333333 0.875438 0.000161433
0.4 0.875438 0.000177283
0.466667 0.875438 0.000185385
0.533333 0.875438 0.000185385
0.6 0.875438 0.000177283
0.666667 0.875438 0.000161433
0.733333 0.875438 0.000138527
0.8 0.875438 0.000109567
0.866667 0.875438 7.58183e-05
0.933333 0.875438 3.87561e-05
1 0.875438 0
0 0.88044 0
0.0666667 0.88044 3.69002e-05
0.133333 0.88044 7.21876e-05
0.2 0.88044 0.00010432
0.266667 0.88044 0.000131893
0.333333 0.88044 0.000153702
0.4 0.88044 0.000168793
0.466667 0.88044 0.000176508
0.533333 0.88044 0.000176508
0.6 0.88044 0.000168793
0.666667 0.88044 0.000153702
0.733333 0.88044 0.000131893
0.8 0.88044 0.00010432
0.866667 0.88044 7.21876e-05
0.933333 0.88044 3.69002e-05
1 0.88044 0
0 0.885443 0
0.0666667 0.885443 3.51331e-05
0.133333 0.885443 6.87307e-05
0.2 0.885443 9.93245e-05
0.266667 0.885443 0.000125577
0.333333 0.885443 0.000146342
0.4 0.885443 0.00016071
0.466667 0.885443 0.000168055
0.533333 0.885443 0.000168055
0.6 0.885443 0.00016071
0.666667 0.885443 0.000146342
0.733333 0.885443 0.000125577
0.8 0.885443 9.93245e-05
0.866667 0.885443 6.87307e-05
0.933333 0.885443 3.51331e-05
1 0.885443 0
0 0.890445 0
0.0666667 0.890445 3.34507e-05
0.133333 0.890445 6.54394e-05
0.2 0.890445 9.45681e-05
0.266667 0.890445 0.000119564
0.333333 0.890445 0.000139334
0.4 0.890445 0.000153014
0.466667 0.890445 0.000160007
0.533333 0.890445 0.000160007
0.6 0.890445 0.000153014
0.666667 0.890445 0.000139334
0.733333 0.890445 0.000119564
0.8 0.890445 9.45681e-05
0.866667 0.890445 6.54394e-05
0.933333 0.890445 3.34507e-05
1 0.890445 0
0 0.895448 0
0.0666667 0.895448 3.18488e-05
0.133333 0.895448 6.23057e-05
0.2 0.895448 9.00395e-05
0.266667 0.895448 0.000113838
0.333333 0.895448 0.000132661
0.4 0.895448 0.000145687
0.466667 0.895448 0.000152345
0.533333 0.895448 0.000152345
0.6 0.895448 0.000145687
0.666667 0.895448 0.000132661
0.733333 0.895448 0.000113838
0.8 0.895448 9.00395e-05
0.866667 0.895448 6.23057e-05
0.933333 0.895448 3.18488e-05
1 0.895448 0
0 0.90045 0
0.0666667 0.90045 3.03237e-05
0.133333 0.90045 5.9322e-05
0.2 0.90045 8.57277e-05
0.266667 0.90045 0.000108387
0.333333 0.90045 0.000126309
0.4 0.90045 0.00013871
0.466667 0.90045 0.00014505
0.533333 0.90045 0.00014505
0.6 0.90045 0.00013871
0.666667 0.90045 0.000126309
0.733333 0.90045 0.000108387
0.8 0.90045 8.57277e-05
0.866667 0.90045 5.9322e-05
0.933333 0.90045 3.03237e-05
1 0.90045 0
0 0.905453 0
0.0666667 0.905453 2.88715e-05
0.133333 0.905453 5.64812e-05
0.2 0.905453 8.16225e-05
0.266667 0.905453 0.000103196
0.333333 0.905453 0.00012026
0.4 0.905453 0.000132068
0.466667 0.905453 0.000138104
0.533333 0.905453 0.000138104
0.6 0.905453 0.000132068
0.666667 0.905453 0.00012026
0.733333 0.905453 0.000103196
0.8 0.905453 8.16225e-05
0.866667 0.905453 5.64812e-05
0.933333 0.905453 2.88715e-05
1 0.905453 0
0 0.910455 0
0.0666667 0.910455 2.7489e-05
0.133333 0.910455 5.37765e-05
0.2 0.910455 7.77138e-05
0.266667 0.910455 9.82546e-05
0.333333 0.910455 0.000114501
0.4 0.910455 0.000125744
0.466667 0.910455 0.00013149
0.533333 0.910455 0.00013149
0.6 0.910455 0.000125744
0.666667 0.910455 0.000114501
0.733333 0.910455 9.82546e-05
0.8 0.910455 7.77138e-05
0.866667 0.910455 5.37765e-05
0.933333 0.910455 2.7489e-05
1 0.910455 0
0 0.915458 0
0.0666667 0.915458 2.61726e-05
0.133333 0.915458 5.12013e-05
0.2 0.915458 7.39923e-05
0.266667 0.915458 9.35494e-05
0.333333 0.915458 0.000109018
0.4 0.915458 0.000119722
0.466667 0.915458 0.000125194
0.533333 0.915458 0.000125194
0.6 0.915458 0.000119722
0.666667 0.915458 0.000109018
0.733333 0.915458 9.35494e-05
0.8 0.915458 7.39923e-05
0.866667 0.915458 5.12013e-05
0.933333 0.915458 2.61726e-05
1 0.915458 0
0 0.92046 0
0.0666667 0.92046 2.49192e-05
0.133333 0.92046 4.87494e-05
0.2 0.92046 7.0449e-05
0.266667 0.92046 8.90696e-05
0.333333 0.92046 0.000103797
0.4 0.92046 0.000113989
0.466667 0.92046 0.000119198
0.533333 0.92046 0.000119198
0.6 0.92046 0.000113989
0.666667 0.92046 0.000103797
0.733333 0.92046 8.90696e-05
0.8 0.92046 7.0449e-05
0.866667 0.92046 4.87494e-05
0.933333 0.92046 2.49192e-05
1 0.92046 0
0 0.925463 0
0.0666667 0.925463 2.37259e-05
0.133333 0.925463 4.64149e-05
0.2 0.925463 6.70754e-05
0.266667 0.925463 8.48043e-05
0.333333 0.925463 9.88269e-05
0.4 0.925463 0.00010853
0.466667 0.925463 0.00011349
0.533333 0.925463 0.00011349
0.6 0.925463 0.00010853
0.666667 0.925463 9.88269e-05
0.733333 0.925463 8.48043e-05
0.8 0.925463 6.70754e-05
0.866667 0.925463 4.64149e-05
0.933333 0.925463 2.37259e-05
1 0.925463 0
0 0.930465 0
0.0666667 0.930465 2.25898e-05
0.133333 0.930465 4.41922e-05
0.2 0.930465 6.38633e-05
0.266667 0.930465 8.07432e-05
0.333333 0.930465 9.40943e-05
0.4 0.930465 0.000103333
0.466667 0.930465 0.000108056
0.533333 0.930465 0.000108056
0.6 0.930465 0.000103333
0.666667 0.930465 9.40943e-05
0.733333 0.930465 8.07432e-05
0.8 0.930465 6.38633e-05
0.866667 0.930465 4.41922e-05
0.933333 0.930465 2.25898e-05
1 0.930465 0
0 0.935468 0
0.0666667 0.935468 2.1508e-05
0.133333 0.935468 4.2076e-05
0.2 0.935468 6.08051e-05
0.266667 0.935468 7.68767e-05
0.333333 0.935468 8.95884e-05
0.4 0.935468 9.83847e-05
0.466667 0.935468 0.000102881
0.533333 0.935468 0.000102881
0.6 0.935468 9.83847e-05
0.666667 0.935468 8.95884e-05
0.733333 0.935468 7.68767e-05
0.8 0.935468 6.08051e-05
0.866667 0.935468 4.2076e-05
0.933333 0.935468 2.1508e-05
1 0.935468 0
0 0.94047 0
0.0666667 0.94047 2.0478e-05
0.133333 0.94047 4.00611e-05
0.2 0.94047 5.78933e-05
0.266667 0.94047 7.31952e-05
0.333333 0.94047 8.52982e-05
0.4 0.94047 9.36733e-05
0.466667 0.94047 9.79544e-05
0.533333 0.94047 9.79544e-05
0.6 0.94047 9.36733e-05
0.666667 0.94047 8.52982e-05
0.733333 0.94047 7.31952e-05
0.8 0.94047 5.78933e-05
0.866667 0.94047 4.00611e-05
0.933333 0.94047 2.0478e-05
1 0.94047 0
0 0.945473 0
0.0666667 0.945473 1.94974e-05
0.133333 0.945473 3.81427e-05
0.2 0.945473 5.51209e-05
0.266667 0.945473 6.96901e-05
0.333333 0.945473 8.12135e-05
0.4 0.945473 8.91875e-05
0.466667 0.945473 9.32636e-05
0.533333 0.945473 9.32636e-05
0.6 0.945473 8.91875e-05
0.666667 0.945473 8.12135e-05
0.733333 0.945473 6.96901e-05
0.8 0.945473 5.51209e-05
0.866667 0.945473 3.81427e-05
0.933333 0.945473 1.94974e-05
1 0.945473 0
0 0.950475 0
0.0666667 0.950475 1.85637e-05
0.133333 0.950475 3.63161e-05
0.2 0.950475 5.24813e-05
0.266667 0.950475 6.63528e-05
0.333333 0.950475 7.73244e-05
0.4 0.950475 8.49166e-05
0.466667 0.950475 8.87974e-05
0.533333 0.950475 8.87974e-05
0.6 0.950475 8.49166e-05
0.666667 0.950475 7.73244e-05
0.733333 0.950475 6.63528e-05
0.8 0.950475 5.24813e-05
0.866667 0.950475 3.63161e-05
0.933333 0.950475 1.85637e-05
1 0.950475 0
0 0.955478 0
0.0666667 0.955478 1.76748e-05
0.133333 0.955478 3.4577e-05
0.2 0.955478 4.99681e-05
0.266667 0.955478 6.31754e-05
0.333333 0.955478 7.36216e-05
0.4 0.955478 8.08501e-05
0.466667 0.955478 8.45452e-05
0.533333 0.955478 8.45452e-05
0.6 0.955478 8.08501e-05
0.666667 0.955478 7.36216e-05
0.733333 0.955478 6.31754e-05
0.8 0.955478 4.99681e-05
0.866667 0.955478 3.4577e-05
0.933333 0.955478 1.76748e-05
1 0.955478 0
0 0.96048 0
0.0666667 0.96048 1.68284e-05
0.133333 0.96048 3.29212e-05
0.2 0.96048 4.75753e-05
0.266667 0.96048 6.01501e-05
0.333333 0.96048 7.0096e-05
0.4 0.96048 7.69784e-05
0.466667 0.96048 8.04965e-05
0.533333 0.96048 8.04965e-05
0.6 0.96048 7.69784e-05
0.666667 0.96048 7.0096e-05
0.733333 0.96048 6.01501e-05
0.8 0.96048 4.75753e-05
0.866667 0.96048 3.29212e-05
0.933333 0.96048 1.68284e-05
1 0.96048 0
0 0.965483 0
0.0666667 0.965483 1.60225e-05
0.133333 0.965483 3.13447e-05
0.2 0.965483 4.5297e-05
0.266667 0.965483 5.72697e-05
0.333333 0.965483 6.67393e-05
0.4 0.965483 7.32921e-05
0.466667 0.965483 7.66418e-05
0.533333 0.965483 7.66418e-05
0.6 0.965483 7.32921e-05
0.666667 0.965483 6.67393e-05
0.733333 0.965483 5.72697e-05
0.8 0.965483 4.5297e-05
0.866667 0.965483 3.13447e-05
0.933333 0.965483 1.60225e-05
1 0.965483 0
0 0.970485 0
0.0666667 0.970485 1.52552e-05
0.133333 0.970485 2.98437e-05
0.2 0.970485 4.31279e-05
0.266667 0.970485 5.45272e-05
0.333333 0.970485 6.35433e-05
0.4 0.970485 6.97824e-05
0.466667 0.970485 7.29716e-05
0.533333 0.970485 7.29716e-05
0.6 0.970485 6.97824e-05
0.666667 0.970485 6.35433e-05
0.733333 0.970485 5.45272e-05
0.8 0.970485 4.31279e-05
0.866667 0.970485 2.98437e-05
0.933333 0.970485 1.52552e-05
1 0.970485 0
0 0.975488 0
0.0666667 0.975488 1.45247e-05
0.133333 0.975488 2.84146e-05
0.2 0.975488 4.10626e-05
0.266667 0.975488 5.1916e-05
0.333333 0.975488 6.05004e-05
0.4 0.975488 6.64407e-05
0.466667 0.975488 6.94772e-05
0.533333 0.975488 6.94772e-05
0.6 0.975488 6.64407e-05
0.666667 0.975488 6.05004e-05
0.733333 0.975488 5.1916e-05
0.8 0.975488 4.10626e-05
0.866667 0.975488 2.84146e-05
0.933333 0.975488 1.45247e-05
1 0.975488 0
0 0.98049 0
0.0666667 0.98049 1.38291e-05
0.133333 0.98049 2.70539e-05
0.2 0.98049 3.90962e-05
0.266667 0.98049 4.94299e-05
0.333333 0.98049 5.76032e-05
0.4 0.98049 6.3259e-05
0.466667 0.98049 6.61501e-05
0.533333 0.98049 6.61501e-05
0.6 0.98049 6.3259e-05
0.666667 0.98049 5.76032e-05
0.733333 0.98049 4.94299e-05
0.8 0.98049 3.90962e-05
0.866667 0.98049 2.70539e-05
0.933333 0.98049 1.38291e-05
1 0.98049 0
0 0.985493 0
0.0666667 0.985493 1.31669e-05
0.133333 0.985493 2.57583e-05
0.2 0.985493 3.7224e-05
0.266667 0.985493 4.70628e-05
0.333333 0.985493 5.48448e-05
0.4 0.985493 6.02297e-05
0.466667 0.985493 6.29823e-05
0.533333 0.985493 6.29823e-05
0.6 0.985493 6.02297e-05
0.666667 0.985493 5.48448e-05
0.733333 0.985493 4.70628e-05
0.8 0.985493 3.7224e-05
0.866667 0.985493 2.57583e-05
0.933333 0.985493 1.31669e-05
1 0.985493 0
0 0.990495 0
0.0666667 0.990495 1.25364e-05
0.133333 0.990495 2.45248e-05
0.2 0.990495 3.54415e-05
0.266667 0.990495 4.48091e-05
0.333333 0.990495 5.22184e-05
0.4 0.990495 5.73455e-05
0.466667 0.990495 5.99663e-05
0.533333 0.990495 5.99663e-05
0.6 0.990495 5.73455e-05
0.666667 0.990495 5.22184e-05
0.733333 0.990495 4.48091e-05
0.8 0.990495 3.54415e-05
0.866667 0.990495 2.45248e-05
0.933333 0.990495 1.25364e-05
1 0.990495 0
0 0.995498 0
0.0666667 0.995498 1.1936e-05
0.133333 0.995498 2.33504e-05
0.2 0.995498 3.37443e-05
0.266667 0.995498 4.26633e-05
0.333333 0.995498 4.97178e-05
0.4 0.995498 5.45994e-05
0.466667 0.995498 5.70947e-05
0.533333 0.995498 5.70947e-05
0.6 0.995498 5.45994e-05
0.666667 0.995498 4.97178e-05
0.733333 0.995498 4.26633e-05
0.8 0.995498 3.37443e-05
0.866667 0.995498 2.33504e-05
0.933333 0.995498 1.1936e-05
1 0.995498 0
