0 0 0
0.142857 0 0.433883
0.285714 0 0.781831
0.428571 0 0.974928
0.571429 0 0.974928
0.714286 0 0.781833
0.857143 0 0.433886
1 0 2.65359e-06
0 0.00250063 0
0.142857 0.00250063 0.423493
0.285714 0.00250063 0.763108
0.428571 0.00250063 0.95158
0.571429 0.00250063 0.951581
0.714286 0.00250063 0.763109
0.857143 0.00250063 0.423495
1 0.00250063 0
0 0.00500125 0
0.142857 0.00500125 0.413351
0.285714 0.00500125 0.744833
0.428571 0.00500125 0.928792
0.571429 0.00500125 0.928793
0.714286 0.00500125 0.744835
0.857143 0.00500125 0.413353
1 0.00500125 0
0 0.00750188 0
0.142857 0.00750188 0.403452
0.285714 0.00750188 0.726996
0.428571 0.00750188 0.906549
0.571429 0.00750188 0.90655
0.714286 0.00750188 0.726997
0.857143 0.00750188 0.403454
1 0.00750188 0
0 0.0100025 0
0.142857 0.0100025 0.39379
0.285714 0.0100025 0.709586
0.428571 0.0100025 0.884839
0.571429 0.0100025 0.88484
0.714286 0.0100025 0.709587
0.857143 0.0100025 0.393792
1 0.0100025 0
0 0.0125031 0
0.142857 0.0125031 0.38436
0.285714 0.0125031 0.692593
0.428571 0.0125031 0.863649
0.571429 0.0125031 0.86365
0.714286 0.0125031 0.692594
0.857143 0.0125031 0.384361
1 0.0125031 0
0 0.0150038 0
0.142857 0.0150038 0.375155
0.285714 0.0150038 0.676007
0.428571 0.0150038 0.842967
0.571429 0.0150038 0.842967
0.714286 0.0150038 0.676008
0.857143 0.0150038 0.375156
1 0.0150038 0
0 0.0175044 0
0.142857 0.0175044 0.366171
0.285714 0.0175044 0.659818
0.428571 0.0175044 0.82278
0.571429 0.0175044 0.82278
0.714286 0.0175044 0.659819
0.857143 0.0175044 0.366172
1 0.0175044 0
0 0.020005 0
0.142857 0.020005 0.357402
0.285714 0.020005 0.644017
0.428571 0.020005 0.803076
0.571429 0.020005 0.803076
0.714286 0.020005 0.644018
0.857143 0.020005 0.357403
1 0.020005 0
0 0.0225056 0
0.142857 0.0225056 0.348843
0.285714 0.0225056 0.628594
0.428571 0.0225056 0.783844
0.571429 0.0225056 0.783844
0.714286 0.0225056 0.628595
0.857143 0.0225056 0.348844
1 0.0225056 0
0 0.0250063 0
0.142857 0.0250063 0.340489
0.285714 0.0250063 0.61354
0.428571 0.0250063 0.765073
0.571429 0.0250063 0.765073
0.714286 0.0250063 0.613541
0.857143 0.0250063 0.34049
1 0.0250063 0
0 0.0275069 0
0.142857 0.0275069 0.332335
0.285714 0.0275069 0.598847
0.428571 0.0275069 0.746751
0.571429 0.0275069 0.746751
0.714286 0.0275069 0.598848
0.857143 0.0275069 0.332336
1 0.0275069 0
0 0.0300075 0
0.142857 0.0300075 0.324376
0.285714 0.0300075 0.584506
0.428571 0.0300075 0.728868
0.571429 0.0300075 0.728868
0.714286 0.0300075 0.584507
0.857143 0.0300075 0.324377
1 0.0300075 0
0 0.0325081 0
0.142857 0.0325081 0.316608
0.285714 0.0325081 0.570509
0.428571 0.0325081 0.711413
0.571429 0.0325081 0.711413
0.714286 0.0325081 0.570509
0.857143 0.0325081 0.316609
1 0.0325081 0
0 0.0350088 0
0.142857 0.0350088 0.309026
0.285714 0.0350088 0.556846
0.428571 0.0350088 0.694376
0.571429 0.0350088 0.694376
0.714286 0.0350088 0.556847
0.857143 0.0350088 0.309027
1 0.0350088 0
0 0.0375094 0
0.142857 0.0375094 0.301626
0.285714 0.0375094 0.543511
0.428571 0.0375094 0.677747
0.571429 0.0375094 0.677747
0.714286 0.0375094 0.543511
0.857143 0.0375094 0.301626
1 0.0375094 0
0 0.04001 0
0.142857 0.04001 0.294402
0.285714 0.04001 0.530495
0.428571 0.04001 0.661517
0.571429 0.04001 0.661517
0.714286 0.04001 0.530495
0.857143 0.04001 0.294403
1 0.04001 0
0 0.0425106 0
0.142857 0.0425106 0.287352
0.285714 0.0425106 0.517791
0.428571 0.0425106 0.645675
0.571429 0.0425106 0.645675
0.714286 0.0425106 0.517791
0.857143 0.0425106 0.287353
1 0.0425106 0
0 0.0450113 0
0.142857 0.0450113 0.280471
0.285714 0.0450113 0.505391
0.428571 0.0450113 0.630212
0.571429 0.0450113 0.630212
0.714286 0.0450113 0.505391
0.857143 0.0450113 0.280471
1 0.0450113 0
0 0.0475119 0
0.142857 0.0475119 0.273754
0.285714 0.0475119 0.493288
0.428571 0.0475119 0.61512
0.571429 0.0475119 0.61512
0.714286 0.0475119 0.493288
0.857143 0.0475119 0.273754
1 0.0475119 0
0 0.0500125 0
0.142857 0.0500125 0.267198
0.285714 0.0500125 0.481475
0.428571 0.0500125 0.600389
0.571429 0.0500125 0.600389
0.714286 0.0500125 0.481475
0.857143 0.0500125 0.267198
1 0.0500125 0
0 0.0525131 0
0.142857 0.0525131 0.260799
0.285714 0.0525131 0.469944
0.428571 0.0525131 0.586011
0.571429 0.0525131 0.586011
0.714286 0.0525131 0.469945
0.857143 0.0525131 0.2608
1 0.0525131 0
0 0.0550138 0
0.142857 0.0550138 0.254554
0.285714 0.0550138 0.45869
0.428571 0.0550138 0.571977
0.571429 0.0550138 0.571977
0.714286 0.0550138 0.45869
0.857143 0.0550138 0.254554
1 0.0550138 0
0 0.0575144 0
0.142857 0.0575144 0.248458
0.285714 0.0575144 0.447705
0.428571 0.0575144 0.55828
0.571429 0.0575144 0.55828
0.714286 0.0575144 0.447706
0.857143 0.0575144 0.248458
1 0.0575144 0
0 0.060015 0
0.142857 0.060015 0.242508
0.285714 0.060015 0.436984
0.428571 0.060015 0.54491
0.571429 0.060015 0.54491
0.714286 0.060015 0.436984
0.857143 0.060015 0.242508
1 0.060015 0
0 0.0625156 0
0.142857 0.0625156 0.2367
0.285714 0.0625156 0.426519
0.428571 0.0625156 0.531861
0.571429 0.0625156 0.531861
0.714286 0.0625156 0.426519
0.857143 0.0625156 0.2367
1 0.0625156 0
0 0.0650163 0
0.142857 0.0650163 0.231032
0.285714 0.0650163 0.416305
0.428571 0.0650163 0.519124
0.571429 0.0650163 0.519124
0.714286 0.0650163 0.416305
0.857143 0.0650163 0.231032
1 0.0650163 0
0 0.0675169 0
0.142857 0.0675169 0.225499
0.285714 0.0675169 0.406335
0.428571 0.0675169 0.506692
0.571429 0.0675169 0.506692
0.714286 0.0675169 0.406335
0.857143 0.0675169 0.225499
1 0.0675169 0
0 0.0700175 0
0.142857 0.0700175 0.220099
0.285714 0.0700175 0.396604
0.428571 0.0700175 0.494558
0.571429 0.0700175 0.494558
0.714286 0.0700175 0.396605
0.857143 0.0700175 0.220099
1 0.0700175 0
0 0.0725181 0
0.142857 0.0725181 0.214828
0.285714 0.0725181 0.387107
0.428571 0.0725181 0.482714
0.571429 0.0725181 0.482714
0.714286 0.0725181 0.387107
0.857143 0.0725181 0.214828
1 0.0725181 0
0 0.0750188 0
0.142857 0.0750188 0.209683
0.285714 0.0750188 0.377836
0.428571 0.0750188 0.471154
0.571429 0.0750188 0.471154
0.714286 0.0750188 0.377836
0.857143 0.0750188 0.209683
1 0.0750188 0
0 0.0775194 0
0.142857 0.0775194 0.204662
0.285714 0.0775194 0.368788
0.428571 0.0775194 0.459871
0.571429 0.0775194 0.459871
0.714286 0.0775194 0.368788
0.857143 0.0775194 0.204662
1 0.0775194 0
0 0.08002 0
0.142857 0.08002 0.199761
0.285714 0.08002 0.359956
0.428571 0.08002 0.448858
0.571429 0.08002 0.448858
0.714286 0.08002 0.359956
0.857143 0.08002 0.199761
1 0.08002 0
0 0.0825206 0
0.142857 0.0825206 0.194977
0.285714 0.0825206 0.351336
0.428571 0.0825206 0.438109
0.571429 0.0825206 0.438109
0.714286 0.0825206 0.351336
0.857143 0.0825206 0.194977
1 0.0825206 0
0 0.0850213 0
0.142857 0.0850213 0.190307
0.285714 0.0850213 0.342922
0.428571 0.0850213 0.427617
0.571429 0.0850213 0.427617
0.714286 0.0850213 0.342922
0.857143 0.0850213 0.190308
1 0.0850213 0
0 0.0875219 0
0.142857 0.0875219 0.18575
0.285714 0.0875219 0.33471
0.428571 0.0875219 0.417376
0.571429 0.0875219 0.417377
0.714286 0.0875219 0.33471
0.857143 0.0875219 0.18575
1 0.0875219 0
0 0.0900225 0
0.142857 0.0900225 0.181302
0.285714 0.0900225 0.326694
0.428571 0.0900225 0.407381
0.571429 0.0900225 0.407381
0.714286 0.0900225 0.326694
0.857143 0.0900225 0.181302
1 0.0900225 0
0 0.0925231 0
0.142857 0.0925231 0.17696
0.285714 0.0925231 0.318871
0.428571 0.0925231 0.397625
0.571429 0.0925231 0.397625
0.714286 0.0925231 0.318871
0.857143 0.0925231 0.17696
1 0.0925231 0
0 0.0950238 0
0.142857 0.0950238 0.172722
0.285714 0.0950238 0.311234
0.428571 0.0950238 0.388103
0.571429 0.0950238 0.388103
0.714286 0.0950238 0.311234
0.857143 0.0950238 0.172722
1 0.0950238 0
0 0.0975244 0
0.142857 0.0975244 0.168586
0.285714 0.0975244 0.303781
0.428571 0.0975244 0.378809
0.571429 0.0975244 0.378809
0.714286 0.0975244 0.303781
0.857143 0.0975244 0.168586
1 0.0975244 0
0 0.100025 0
0.142857 0.100025 0.164548
0.285714 0.100025 0.296506
0.428571 0.100025 0.369737
0.571429 0.100025 0.369737
0.714286 0.100025 0.296506
0.857143 0.100025 0.164549
1 0.100025 0
0 0.102526 0
0.142857 0.102526 0.160608
0.285714 0.102526 0.289405
0.428571 0.102526 0.360883
0.571429 0.102526 0.360883
0.714286 0.102526 0.289405
0.857143 0.102526 0.160608
1 0.102526 0
0 0.105026 0
0.142857 0.105026 0.156762
0.285714 0.105026 0.282475
0.428571 0.105026 0.35224
0.571429 0.105026 0.35224
0.714286 0.105026 0.282475
0.857143 0.105026 0.156762
1 0.105026 0
0 0.107527 0
0.142857 0.107527 0.153008
0.285714 0.107527 0.27571
0.428571 0.107527 0.343805
0.571429 0.107527 0.343805
0.714286 0.107527 0.27571
0.857143 0.107527 0.153008
1 0.107527 0
0 0.110028 0
0.142857 0.110028 0.149343
0.285714 0.110028 0.269107
0.428571 0.110028 0.335571
0.571429 0.110028 0.335571
0.714286 0.110028 0.269107
0.857143 0.110028 0.149343
1 0.110028 0
0 0.112528 0
0.142857 0.112528 0.145767
0.285714 0.112528 0.262663
0.428571 0.112528 0.327535
0.571429 0.112528 0.327535
0.714286 0.112528 0.262663
0.857143 0.112528 0.145767
1 0.112528 0
0 0.115029 0
0.142857 0.115029 0.142276
0.285714 0.115029 0.256373
0.428571 0.115029 0.319691
0.571429 0.115029 0.319691
0.714286 0.115029 0.256373
0.857143 0.115029 0.142276
1 0.115029 0
0 0.117529 0
0.142857 0.117529 0.138869
0.285714 0.117529 0.250233
0.428571 0.117529 0.312036
0.571429 0.117529 0.312036
0.714286 0.117529 0.250233
0.857143 0.117529 0.138869
1 0.117529 0
0 0.12003 0
0.142857 0.12003 0.135543
0.285714 0.12003 0.244241
0.428571 0.12003 0.304563
0.571429 0.12003 0.304563
0.714286 0.12003 0.244241
0.857143 0.12003 0.135543
1 0.12003 0
0 0.122531 0
0.142857 0.122531 0.132297
0.285714 0.122531 0.238391
0.428571 0.122531 0.297269
0.571429 0.122531 0.297269
0.714286 0.122531 0.238391
0.857143 0.122531 0.132297
1 0.122531 0
0 0.125031 0
0.142857 0.125031 0.129129
0.285714 0.125031 0.232683
0.428571 0.125031 0.29015
0.571429 0.125031 0.29015
0.714286 0.125031 0.232683
0.857143 0.125031 0.129129
1 0.125031 0
0 0.127532 0
0.142857 0.127532 0.126037
0.285714 0.127532 0.22711
0.428571 0.127532 0.283202
0.571429 0.127532 0.283202
0.714286 0.127532 0.22711
0.857143 0.127532 0.126037
1 0.127532 0
0 0.130033 0
0.142857 0.130033 0.123018
0.285714 0.130033 0.221671
0.428571 0.130033 0.27642
0.571429 0.130033 0.27642
0.714286 0.130033 0.221671
0.857143 0.130033 0.123018
1 0.130033 0
0 0.132533 0
0.142857 0.132533 0.120072
0.285714 0.132533 0.216363
0.428571 0.132533 0.2698
0.571429 0.132533 0.2698
0.714286 0.132533 0.216363
0.857143 0.132533 0.120072
1 0.132533 0
0 0.135034 0
0.142857 0.135034 0.117197
0.285714 0.135034 0.211181
0.428571 0.135034 0.263339
0.571429 0.135034 0.263339
0.714286 0.135034 0.211181
0.857143 0.135034 0.117197
1 0.135034 0
0 0.137534 0
0.142857 0.137534 0.11439
0.285714 0.137534 0.206124
0.428571 0.137534 0.257033
0.571429 0.137534 0.257033
0.714286 0.137534 0.206124
0.857143 0.137534 0.11439
1 0.137534 0
0 0.140035 0
0.142857 0.140035 0.111651
0.285714 0.140035 0.201188
0.428571 0.140035 0.250877
0.571429 0.140035 0.250877
0.714286 0.140035 0.201188
0.857143 0.140035 0.111651
1 0.140035 0
0 0.142536 0
0.142857 0.142536 0.108977
0.285714 0.142536 0.19637
0.428571 0.142536 0.244869
0.571429 0.142536 0.244869
0.714286 0.142536 0.19637
0.857143 0.142536 0.108977
1 0.142536 0
0 0.145036 0
0.142857 0.145036 0.106367
0.285714 0.145036 0.191667
0.428571 0.145036 0.239005
0.571429 0.145036 0.239005
0.714286 0.145036 0.191667
0.857143 0.145036 0.106367
1 0.145036 0
0 0.147537 0
0.142857 0.147537 0.10382
0.285714 0.147537 0.187077
0.428571 0.147537 0.233281
0.571429 0.147537 0.233281
0.714286 0.147537 0.187077
0.857143 0.147537 0.10382
1 0.147537 0
0 0.150038 0
0.142857 0.150038 0.101334
0.285714 0.150038 0.182597
0.428571 0.150038 0.227695
0.571429 0.150038 0.227695
0.714286 0.150038 0.182597
0.857143 0.150038 0.101334
1 0.150038 0
0 0.152538 0
0.142857 0.152538 0.098907
0.285714 0.152538 0.178224
0.428571 0.152538 0.222242
0.571429 0.152538 0.222242
0.714286 0.152538 0.178224
0.857143 0.152538 0.098907
1 0.152538 0
0 0.155039 0
0.142857 0.155039 0.0965384
0.285714 0.155039 0.173956
0.428571 0.155039 0.21692
0.571429 0.155039 0.21692
0.714286 0.155039 0.173956
0.857143 0.155039 0.0965384
1 0.155039 0
0 0.157539 0
0.142857 0.157539 0.0942265
0.285714 0.157539 0.16979
0.428571 0.157539 0.211725
0.571429 0.157539 0.211725
0.714286 0.157539 0.16979
0.857143 0.157539 0.0942265
1 0.157539 0
0 0.16004 0
0.142857 0.16004 0.09197
0.285714 0.16004 0.165724
0.428571 0.16004 0.206655
0.571429 0.16004 0.206655
0.714286 0.16004 0.165724
0.857143 0.16004 0.09197
1 0.16004 0
0 0.162541 0
0.142857 0.162541 0.0897675
0.285714 0.162541 0.161755
0.428571 0.162541 0.201706
0.571429 0.162541 0.201706
0.714286 0.162541 0.161755
0.857143 0.162541 0.0897675
1 0.162541 0
0 0.165041 0
0.142857 0.165041 0.0876178
0.285714 0.165041 0.157882
0.428571 0.165041 0.196875
0.571429 0.165041 0.196875
0.714286 0.165041 0.157882
0.857143 0.165041 0.0876178
1 0.165041 0
0 0.167542 0
0.142857 0.167542 0.0855195
0.285714 0.167542 0.154101
0.428571 0.167542 0.192161
0.571429 0.167542 0.192161
0.714286 0.167542 0.154101
0.857143 0.167542 0.0855195
1 0.167542 0
0 0.170043 0
0.142857 0.170043 0.0834715
0.285714 0.170043 0.15041
0.428571 0.170043 0.187559
0.571429 0.170043 0.187559
0.714286 0.170043 0.15041
0.857143 0.170043 0.0834715
1 0.170043 0
0 0.172543 0
0.142857 0.172543 0.0814725
0.285714 0.172543 0.146808
0.428571 0.172543 0.183067
0.571429 0.172543 0.183067
0.714286 0.172543 0.146808
0.857143 0.172543 0.0814725
1 0.172543 0
0 0.175044 0
0.142857 0.175044 0.0795214
0.285714 0.175044 0.143293
0.428571 0.175044 0.178683
0.571429 0.175044 0.178683
0.714286 0.175044 0.143293
0.857143 0.175044 0.0795214
1 0.175044 0
0 0.177544 0
0.142857 0.177544 0.0776171
0.285714 0.177544 0.139861
0.428571 0.177544 0.174404
0.571429 0.177544 0.174404
0.714286 0.177544 0.139861
0.857143 0.177544 0.0776171
1 0.177544 0
0 0.180045 0
0.142857 0.180045 0.0757583
0.285714 0.180045 0.136512
0.428571 0.180045 0.170227
0.571429 0.180045 0.170227
0.714286 0.180045 0.136512
0.857143 0.180045 0.0757583
1 0.180045 0
0 0.182546 0
0.142857 0.182546 0.073944
0.285714 0.182546 0.133243
0.428571 0.182546 0.166151
0.571429 0.182546 0.166151
0.714286 0.182546 0.133243
0.857143 0.182546 0.073944
1 0.182546 0
0 0.185046 0
0.142857 0.185046 0.0721732
0.285714 0.185046 0.130052
0.428571 0.185046 0.162172
0.571429 0.185046 0.162172
0.714286 0.185046 0.130052
0.857143 0.185046 0.0721732
1 0.185046 0
0 0.187547 0
0.142857 0.187547 0.0704448
0.285714 0.187547 0.126937
0.428571 0.187547 0.158288
0.571429 0.187547 0.158288
0.714286 0.187547 0.126937
0.857143 0.187547 0.0704448
1 0.187547 0
0 0.190048 0
0.142857 0.190048 0.0687578
0.285714 0.190048 0.123897
0.428571 0.190048 0.154497
0.571429 0.190048 0.154497
0.714286 0.190048 0.123897
0.857143 0.190048 0.0687578
1 0.190048 0
0 0.192548 0
0.142857 0.192548 0.0671112
0.285714 0.192548 0.12093
0.428571 0.192548 0.150798
0.571429 0.192548 0.150798
0.714286 0.192548 0.12093
0.857143 0.192548 0.0671112
1 0.192548 0
0 0.195049 0
0.142857 0.195049 0.0655041
0.285714 0.195049 0.118034
0.428571 0.195049 0.147186
0.571429 0.195049 0.147186
0.714286 0.195049 0.118034
0.857143 0.195049 0.0655041
1 0.195049 0
0 0.197549 0
0.142857 0.197549 0.0639354
0.285714 0.197549 0.115208
0.428571 0.197549 0.143661
0.571429 0.197549 0.143661
0.714286 0.197549 0.115208
0.857143 0.197549 0.0639354
1 0.197549 0
0 0.20005 0
0.142857 0.20005 0.0624043
0.285714 0.20005 0.112449
0.428571 0.20005 0.140221
0.571429 0.20005 0.140221
0.714286 0.20005 0.112449
0.857143 0.20005 0.0624043
1 0.20005 0
0 0.202551 0
0.142857 0.202551 0.0609098
0.285714 0.202551 0.109756
0.428571 0.202551 0.136863
0.571429 0.202551 0.136863
0.714286 0.202551 0.109756
0.857143 0.202551 0.0609098
1 0.202551 0
0 0.205051 0
0.142857 0.205051 0.0594511
0.285714 0.205051 0.107127
0.428571 0.205051 0.133586
0.571429 0.205051 0.133586
0.714286 0.205051 0.107127
0.857143 0.205051 0.0594511
1 0.205051 0
0 0.207552 0
0.142857 0.207552 0.0580274
0.285714 0.207552 0.104562
0.428571 0.207552 0.130386
0.571429 0.207552 0.130386
0.714286 0.207552 0.104562
0.857143 0.207552 0.0580274
1 0.207552 0
0 0.210053 0
0.142857 0.210053 0.0566378
0.285714 0.210053 0.102058
0.428571 0.210053 0.127264
0.571429 0.210053 0.127264
0.714286 0.210053 0.102058
0.857143 0.210053 0.0566378
1 0.210053 0
0 0.212553 0
0.142857 0.212553 0.0552814
0.285714 0.212553 0.0996137
0.428571 0.212553 0.124216
0.571429 0.212553 0.124216
0.714286 0.212553 0.0996137
0.857143 0.212553 0.0552814
1 0.212553 0
0 0.215054 0
0.142857 0.215054 0.0539576
0.285714 0.215054 0.0972282
0.428571 0.215054 0.121242
0.571429 0.215054 0.121242
0.714286 0.215054 0.0972282
0.857143 0.215054 0.0539576
1 0.215054 0
0 0.217554 0
0.142857 0.217554 0.0526654
0.285714 0.217554 0.0948997
0.428571 0.217554 0.118338
0.571429 0.217554 0.118338
0.714286 0.217554 0.0948998
0.857143 0.217554 0.0526654
1 0.217554 0
0 0.220055 0
0.142857 0.220055 0.0514042
0.285714 0.220055 0.0926271
0.428571 0.220055 0.115504
0.571429 0.220055 0.115504
0.714286 0.220055 0.0926271
0.857143 0.220055 0.0514042
1 0.220055 0
0 0.222556 0
0.142857 0.222556 0.0501731
0.285714 0.222556 0.0904089
0.428571 0.222556 0.112738
0.571429 0.222556 0.112738
0.714286 0.222556 0.0904089
0.857143 0.222556 0.0501731
1 0.222556 0
0 0.225056 0
0.142857 0.225056 0.0489716
0.285714 0.225056 0.0882438
0.428571 0.225056 0.110038
0.571429 0.225056 0.110038
0.714286 0.225056 0.0882438
0.857143 0.225056 0.0489716
1 0.225056 0
0 0.227557 0
0.142857 0.227557 0.0477988
0.285714 0.227557 0.0861305
0.428571 0.227557 0.107403
0.571429 0.227557 0.107403
0.714286 0.227557 0.0861305
0.857143 0.227557 0.0477988
1 0.227557 0
0 0.230058 0
0.142857 0.230058 0.0466542
0.285714 0.230058 0.0840679
0.428571 0.230058 0.104831
0.571429 0.230058 0.104831
0.714286 0.230058 0.0840679
0.857143 0.230058 0.0466542
1 0.230058 0
0 0.232558 0
0.142857 0.232558 0.0455369
0.285714 0.232558 0.0820546
0.428571 0.232558 0.10232
0.571429 0.232558 0.10232
0.714286 0.232558 0.0820546
0.857143 0.232558 0.0455369
1 0.232558 0
0 0.235059 0
0.142857 0.235059 0.0444464
0.285714 0.235059 0.0800896
0.428571 0.235059 0.0998701
0.571429 0.235059 0.0998701
0.714286 0.235059 0.0800896
0.857143 0.235059 0.0444464
1 0.235059 0
0 0.237559 0
0.142857 0.237559 0.043382
0.285714 0.237559 0.0781716
0.428571 0.237559 0.0974784
0.571429 0.237559 0.0974784
0.714286 0.237559 0.0781716
0.857143 0.237559 0.043382
1 0.237559 0
0 0.24006 0
0.142857 0.24006 0.0423431
0.285714 0.24006 0.0762996
0.428571 0.24006 0.095144
0.571429 0.24006 0.095144
0.714286 0.24006 0.0762996
0.857143 0.24006 0.0423431
1 0.24006 0
0 0.242561 0
0.142857 0.242561 0.041329
0.285714 0.242561 0.0744724
0.428571 0.242561 0.0928655
0.571429 0.242561 0.0928655
0.714286 0.242561 0.0744724
0.857143 0.242561 0.041329
1 0.242561 0
0 0.245061 0
0.142857 0.245061 0.0403393
0.285714 0.245061 0.0726889
0.428571 0.245061 0.0906416
0.571429 0.245061 0.0906416
0.714286 0.245061 0.0726889
0.857143 0.245061 0.0403393
1 0.245061 0
0 0.247562 0
0.142857 0.247562 0.0393733
0.285714 0.247562 0.0709482
0.428571 0.247562 0.0884709
0.571429 0.247562 0.0884709
0.714286 0.247562 0.0709482
0.857143 0.247562 0.0393733
1 0.247562 0
0 0.250063 0
0.142857 0.250063 0.0384304
0.285714 0.250063 0.0692491
0.428571 0.250063 0.0863522
0.571429 0.250063 0.0863522
0.714286 0.250063 0.0692491
0.857143 0.250063 0.0384304
1 0.250063 0
0 0.252563 0
0.142857 0.252563 0.03751
0.285714 0.252563 0.0675907
0.428571 0.252563 0.0842843
0.571429 0.252563 0.0842843
0.714286 0.252563 0.0675907
0.857143 0.252563 0.03751
1 0.252563 0
0 0.255064 0
0.142857 0.255064 0.0366117
0.285714 0.255064 0.0659721
0.428571 0.255064 0.0822658
0.571429 0.255064 0.0822658
0.714286 0.255064 0.0659721
0.857143 0.255064 0.0366117
1 0.255064 0
0 0.257564 0
0.142857 0.257564 0.035735
0.285714 0.257564 0.0643922
0.428571 0.257564 0.0802957
0.571429 0.257564 0.0802957
0.714286 0.257564 0.0643922
0.857143 0.257564 0.035735
1 0.257564 0
0 0.260065 0
0.142857 0.260065 0.0348792
0.285714 0.260065 0.0628501
0.428571 0.260065 0.0783728
0.571429 0.260065 0.0783728
0.714286 0.260065 0.0628501
0.857143 0.260065 0.0348792
1 0.260065 0
0 0.262566 0
0.142857 0.262566 0.0340439
0.285714 0.262566 0.061345
0.428571 0.262566 0.076496
0.571429 0.262566 0.076496
0.714286 0.262566 0.061345
0.857143 0.262566 0.0340439
1 0.262566 0
0 0.265066 0
0.142857 0.265066 0.0332286
0.285714 0.265066 0.0598759
0.428571 0.265066 0.0746641
0.571429 0.265066 0.0746641
0.714286 0.265066 0.0598759
0.857143 0.265066 0.0332286
1 0.265066 0
0 0.267567 0
0.142857 0.267567 0.0324329
0.285714 0.267567 0.058442
0.428571 0.267567 0.072876
0.571429 0.267567 0.072876
0.714286 0.267567 0.058442
0.857143 0.267567 0.0324329
1 0.267567 0
0 0.270068 0
0.142857 0.270068 0.0316562
0.285714 0.270068 0.0570425
0.428571 0.270068 0.0711308
0.571429 0.270068 0.0711308
0.714286 0.270068 0.0570425
0.857143 0.270068 0.0316562
1 0.270068 0
0 0.272568 0
0.142857 0.272568 0.0308981
0.285714 0.272568 0.0556764
0.428571 0.272568 0.0694274
0.571429 0.272568 0.0694274
0.714286 0.272568 0.0556764
0.857143 0.272568 0.0308981
1 0.272568 0
0 0.275069 0
0.142857 0.275069 0.0301581
0.285714 0.275069 0.0543431
0.428571 0.275069 0.0677647
0.571429 0.275069 0.0677647
0.714286 0.275069 0.0543431
0.857143 0.275069 0.0301581
1 0.275069 0
0 0.277569 0
0.142857 0.277569 0.0294359
0.285714 0.277569 0.0530417
0.428571 0.277569 0.0661419
0.571429 0.277569 0.0661419
0.714286 0.277569 0.0530417
0.857143 0.277569 0.0294359
1 0.277569 0
0 0.28007 0
0.142857 0.28007 0.028731
0.285714 0.28007 0.0517714
0.428571 0.28007 0.0645579
0.571429 0.28007 0.0645579
0.714286 0.28007 0.0517714
0.857143 0.28007 0.028731
1 0.28007 0
0 0.282571 0
0.142857 0.282571 0.0280429
0.285714 0.282571 0.0505316
0.428571 0.282571 0.0630119
0.571429 0.282571 0.0630119
0.714286 0.282571 0.0505316
0.857143 0.282571 0.0280429
1 0.282571 0
0 0.285071 0
0.142857 0.285071 0.0273714
0.285714 0.285071 0.0493215
0.428571 0.285071 0.0615029
0.571429 0.285071 0.0615029
0.714286 0.285071 0.0493215
0.857143 0.285071 0.0273714
1 0.285071 0
0 0.287572 0
0.142857 0.287572 0.0267159
0.285714 0.287572 0.0481404
0.428571 0.287572 0.06003
0.571429 0.287572 0.06003
0.714286 0.287572 0.0481404
0.857143 0.287572 0.0267159
1 0.287572 0
0 0.290073 0
0.142857 0.290073 0.0260761
0.285714 0.290073 0.0469875
0.428571 0.290073 0.0585925
0.571429 0.290073 0.0585925
0.714286 0.290073 0.0469875
0.857143 0.290073 0.0260761
1 0.290073 0
0 0.292573 0
0.142857 0.292573 0.0254516
0.285714 0.292573 0.0458622
0.428571 0.292573 0.0571893
0.571429 0.292573 0.0571893
0.714286 0.292573 0.0458622
0.857143 0.292573 0.0254516
1 0.292573 0
0 0.295074 0
0.142857 0.295074 0.0248421
0.285714 0.295074 0.0447639
0.428571 0.295074 0.0558197
0.571429 0.295074 0.0558197
0.714286 0.295074 0.0447639
0.857143 0.295074 0.0248421
1 0.295074 0
0 0.297574 0
0.142857 0.297574 0.0242472
0.285714 0.297574 0.0436919
0.428571 0.297574 0.054483
0.571429 0.297574 0.054483
0.714286 0.297574 0.0436919
0.857143 0.297574 0.0242472
1 0.297574 0
0 0.300075 0
0.142857 0.300075 0.0236665
0.285714 0.300075 0.0426456
0.428571 0.300075 0.0531782
0.571429 0.300075 0.0531782
0.714286 0.300075 0.0426456
0.857143 0.300075 0.0236665
1 0.300075 0
0 0.302576 0
0.142857 0.302576 0.0230998
0.285714 0.302576 0.0416243
0.428571 0.302576 0.0519047
0.571429 0.302576 0.0519047
0.714286 0.302576 0.0416243
0.857143 0.302576 0.0230998
1 0.302576 0
0 0.305076 0
0.142857 0.305076 0.0225466
0.285714 0.305076 0.0406275
0.428571 0.305076 0.0506617
0.571429 0.305076 0.0506617
0.714286 0.305076 0.0406275
0.857143 0.305076 0.0225466
1 0.305076 0
0 0.307577 0
0.142857 0.307577 0.0220066
0.285714 0.307577 0.0396546
0.428571 0.307577 0.0494485
0.571429 0.307577 0.0494485
0.714286 0.307577 0.0396546
0.857143 0.307577 0.0220066
1 0.307577 0
0 0.310078 0
0.142857 0.310078 0.0214796
0.285714 0.310078 0.0387049
0.428571 0.310078 0.0482643
0.571429 0.310078 0.0482643
0.714286 0.310078 0.0387049
0.857143 0.310078 0.0214796
1 0.310078 0
0 0.312578 0
0.142857 0.312578 0.0209652
0.285714 0.312578 0.037778
0.428571 0.312578 0.0471084
0.571429 0.312578 0.0471084
0.714286 0.312578 0.037778
0.857143 0.312578 0.0209652
1 0.312578 0
0 0.315079 0
0.142857 0.315079 0.0204632
0.285714 0.315079 0.0368733
0.428571 0.315079 0.0459803
0.571429 0.315079 0.0459803
0.714286 0.315079 0.0368733
0.857143 0.315079 0.0204632
1 0.315079 0
0 0.317579 0
0.142857 0.317579 0.0199731
0.285714 0.317579 0.0359903
0.428571 0.317579 0.0448792
0.571429 0.317579 0.0448792
0.714286 0.317579 0.0359903
0.857143 0.317579 0.0199731
1 0.317579 0
0 0.32008 0
0.142857 0.32008 0.0194948
0.285714 0.32008 0.0351284
0.428571 0.32008 0.0438044
0.571429 0.32008 0.0438044
0.714286 0.32008 0.0351284
0.857143 0.32008 0.0194948
1 0.32008 0
0 0.322581 0
0.142857 0.322581 0.0190279
0.285714 0.322581 0.0342872
0.428571 0.322581 0.0427554
0.571429 0.322581 0.0427554
0.714286 0.322581 0.0342872
0.857143 0.322581 0.0190279
1 0.322581 0
0 0.325081 0
0.142857 0.325081 0.0185723
0.285714 0.325081 0.033466
0.428571 0.325081 0.0417315
0.571429 0.325081 0.0417315
0.714286 0.325081 0.033466
0.857143 0.325081 0.0185723
1 0.325081 0
0 0.327582 0
0.142857 0.327582 0.0181275
0.285714 0.327582 0.0326646
0.428571 0.327582 0.0407321
0.571429 0.327582 0.0407321
0.714286 0.327582 0.0326646
0.857143 0.327582 0.0181275
1 0.327582 0
0 0.330083 0
0.142857 0.330083 0.0176934
0.285714 0.330083 0.0318824
0.428571 0.330083 0.0397567
0.571429 0.330083 0.0397567
0.714286 0.330083 0.0318824
0.857143 0.330083 0.0176934
1 0.330083 0
0 0.332583 0
0.142857 0.332583 0.0172697
0.285714 0.332583 0.0311188
0.428571 0.332583 0.0388046
0.571429 0.332583 0.0388046
0.714286 0.332583 0.0311188
0.857143 0.332583 0.0172697
1 0.332583 0
0 0.335084 0
0.142857 0.335084 0.0168561
0.285714 0.335084 0.0303736
0.428571 0.335084 0.0378753
0.571429 0.335084 0.0378753
0.714286 0.335084 0.0303736
0.857143 0.335084 0.0168561
1 0.335084 0
0 0.337584 0
0.142857 0.337584 0.0164524
0.285714 0.337584 0.0296462
0.428571 0.337584 0.0369682
0.571429 0.337584 0.0369682
0.714286 0.337584 0.0296462
0.857143 0.337584 0.0164524
1 0.337584 0
0 0.340085 0
0.142857 0.340085 0.0160584
0.285714 0.340085 0.0289363
0.428571 0.340085 0.0360829
0.571429 0.340085 0.0360829
0.714286 0.340085 0.0289363
0.857143 0.340085 0.0160584
1 0.340085 0
0 0.342586 0
0.142857 0.342586 0.0156739
0.285714 0.342586 0.0282433
0.428571 0.342586 0.0352188
0.571429 0.342586 0.0352188
0.714286 0.342586 0.0282433
0.857143 0.342586 0.0156739
1 0.342586 0
0 0.345086 0
0.142857 0.345086 0.0152985
0.285714 0.345086 0.0275669
0.428571 0.345086 0.0343754
0.571429 0.345086 0.0343754
0.714286 0.345086 0.0275669
0.857143 0.345086 0.0152985
1 0.345086 0
0 0.347587 0
0.142857 0.347587 0.0149321
0.285714 0.347587 0.0269068
0.428571 0.347587 0.0335522
0.571429 0.347587 0.0335522
0.714286 0.347587 0.0269068
0.857143 0.347587 0.0149321
1 0.347587 0
0 0.350088 0
0.142857 0.350088 0.0145745
0.285714 0.350088 0.0262624
0.428571 0.350088 0.0327487
0.571429 0.350088 0.0327487
0.714286 0.350088 0.0262624
0.857143 0.350088 0.0145745
1 0.350088 0
0 0.352588 0
0.142857 0.352588 0.0142255
0.285714 0.352588 0.0256335
0.428571 0.352588 0.0319644
0.571429 0.352588 0.0319644
0.714286 0.352588 0.0256335
0.857143 0.352588 0.0142255
1 0.352588 0
0 0.355089 0
0.142857 0.355089 0.0138848
0.285714 0.355089 0.0250196
0.428571 0.355089 0.0311989
0.571429 0.355089 0.0311989
0.714286 0.355089 0.0250196
0.857143 0.355089 0.0138848
1 0.355089 0
0 0.357589 0
0.142857 0.357589 0.0135523
0.285714 0.357589 0.0244204
0.428571 0.357589 0.0304518
0.571429 0.357589 0.0304518
0.714286 0.357589 0.0244204
0.857143 0.357589 0.0135523
1 0.357589 0
0 0.36009 0
0.142857 0.36009 0.0132278
0.285714 0.36009 0.0238356
0.428571 0.36009 0.0297225
0.571429 0.36009 0.0297225
0.714286 0.36009 0.0238356
0.857143 0.36009 0.0132278
1 0.36009 0
0 0.362591 0
0.142857 0.362591 0.012911
0.285714 0.362591 0.0232648
0.428571 0.362591 0.0290107
0.571429 0.362591 0.0290107
0.714286 0.362591 0.0232648
0.857143 0.362591 0.012911
1 0.362591 0
0 0.365091 0
0.142857 0.365091 0.0126018
0.285714 0.365091 0.0227077
0.428571 0.365091 0.028316
0.571429 0.365091 0.028316
0.714286 0.365091 0.0227077
0.857143 0.365091 0.0126018
1 0.365091 0
0 0.367592 0
0.142857 0.367592 0.0123
0.285714 0.367592 0.0221639
0.428571 0.367592 0.0276379
0.571429 0.367592 0.0276379
0.714286 0.367592 0.0221639
0.857143 0.367592 0.0123
1 0.367592 0
0 0.370093 0
0.142857 0.370093 0.0120055
0.285714 0.370093 0.0216331
0.428571 0.370093 0.026976
0.571429 0.370093 0.026976
0.714286 0.370093 0.0216331
0.857143 0.370093 0.0120055
1 0.370093 0
0 0.372593 0
0.142857 0.372593 0.011718
0.285714 0.372593 0.021115
0.428571 0.372593 0.02633
0.571429 0.372593 0.02633
0.714286 0.372593 0.021115
0.857143 0.372593 0.011718
1 0.372593 0
0 0.375094 0
0.142857 0.375094 0.0114373
0.285714 0.375094 0.0206094
0.428571 0.375094 0.0256995
0.571429 0.375094 0.0256995
0.714286 0.375094 0.0206094
0.857143 0.375094 0.0114373
1 0.375094 0
0 0.377594 0
0.142857 0.377594 0.0111634
0.285714 0.377594 0.0201158
0.428571 0.377594 0.025084
0.571429 0.377594 0.025084
0.714286 0.377594 0.0201158
0.857143 0.377594 0.0111634
1 0.377594 0
0 0.380095 0
0.142857 0.380095 0.0108961
0.285714 0.380095 0.0196341
0.428571 0.380095 0.0244833
0.571429 0.380095 0.0244833
0.714286 0.380095 0.0196341
0.857143 0.380095 0.0108961
1 0.380095 0
0 0.382596 0
0.142857 0.382596 0.0106352
0.285714 0.382596 0.0191639
0.428571 0.382596 0.023897
0.571429 0.382596 0.023897
0.714286 0.382596 0.0191639
0.857143 0.382596 0.0106352
1 0.382596 0
0 0.385096 0
0.142857 0.385096 0.0103805
0.285714 0.385096 0.018705
0.428571 0.385096 0.0233247
0.571429 0.385096 0.0233247
0.714286 0.385096 0.018705
0.857143 0.385096 0.0103805
1 0.385096 0
0 0.387597 0
0.142857 0.387597 0.0101319
0.285714 0.387597 0.018257
0.428571 0.387597 0.0227661
0.571429 0.387597 0.0227661
0.714286 0.387597 0.018257
0.857143 0.387597 0.0101319
1 0.387597 0
0 0.390098 0
0.142857 0.390098 0.00988924
0.285714 0.390098 0.0178198
0.428571 0.390098 0.0222209
0.571429 0.390098 0.0222209
0.714286 0.390098 0.0178198
0.857143 0.390098 0.00988924
1 0.390098 0
0 0.392598 0
0.142857 0.392598 0.00965241
0.285714 0.392598 0.017393
0.428571 0.392598 0.0216888
0.571429 0.392598 0.0216888
0.714286 0.392598 0.017393
0.857143 0.392598 0.00965241
1 0.392598 0
0 0.395099 0
0.142857 0.395099 0.00942126
0.285714 0.395099 0.0169765
0.428571 0.395099 0.0211694
0.571429 0.395099 0.0211694
0.714286 0.395099 0.0169765
0.857143 0.395099 0.00942126
1 0.395099 0
0 0.397599 0
0.142857 0.397599 0.00919564
0.285714 0.397599 0.01657
0.428571 0.397599 0.0206624
0.571429 0.397599 0.0206624
0.714286 0.397599 0.01657
0.857143 0.397599 0.00919564
1 0.397599 0
0 0.4001 0
0.142857 0.4001 0.00897542
0.285714 0.4001 0.0161732
0.428571 0.4001 0.0201676
0.571429 0.4001 0.0201676
0.714286 0.4001 0.0161732
0.857143 0.4001 0.00897542
1 0.4001 0
0 0.402601 0
0.142857 0.402601 0.00876048
0.285714 0.402601 0.0157858
0.428571 0.402601 0.0196846
0.571429 0.402601 0.0196846
0.714286 0.402601 0.0157858
0.857143 0.402601 0.00876048
1 0.402601 0
0 0.405101 0
0.142857 0.405101 0.00855069
0.285714 0.405101 0.0154078
0.428571 0.405101 0.0192132
0.571429 0.405101 0.0192132
0.714286 0.405101 0.0154078
0.857143 0.405101 0.00855069
1 0.405101 0
0 0.407602 0
0.142857 0.407602 0.00834591
0.285714 0.407602 0.0150388
0.428571 0.407602 0.0187531
0.571429 0.407602 0.0187531
0.714286 0.407602 0.0150388
0.857143 0.407602 0.00834591
1 0.407602 0
0 0.410103 0
0.142857 0.410103 0.00814605
0.285714 0.410103 0.0146787
0.428571 0.410103 0.018304
0.571429 0.410103 0.018304
0.714286 0.410103 0.0146787
0.857143 0.410103 0.00814605
1 0.410103 0
0 0.412603 0
0.142857 0.412603 0.00795097
0.285714 0.412603 0.0143271
0.428571 0.412603 0.0178657
0.571429 0.412603 0.0178657
0.714286 0.412603 0.0143271
0.857143 0.412603 0.00795097
1 0.412603 0
0 0.415104 0
0.142857 0.415104 0.00776056
0.285714 0.415104 0.013984
0.428571 0.415104 0.0174378
0.571429 0.415104 0.0174378
0.714286 0.415104 0.013984
0.857143 0.415104 0.00776056
1 0.415104 0
0 0.417604 0
0.142857 0.417604 0.00757471
0.285714 0.417604 0.0136492
0.428571 0.417604 0.0170202
0.571429 0.417604 0.0170202
0.714286 0.417604 0.0136492
0.857143 0.417604 0.00757471
1 0.417604 0
0 0.420105 0
0.142857 0.420105 0.00739331
0.285714 0.420105 0.0133223
0.428571 0.420105 0.0166126
0.571429 0.420105 0.0166126
0.714286 0.420105 0.0133223
0.857143 0.420105 0.00739331
1 0.420105 0
0 0.422606 0
0.142857 0.422606 0.00721626
0.285714 0.422606 0.0130032
0.428571 0.422606 0.0162148
0.571429 0.422606 0.0162148
0.714286 0.422606 0.0130032
0.857143 0.422606 0.00721626
1 0.422606 0
0 0.425106 0
0.142857 0.425106 0.00704344
0.285714 0.425106 0.0126918
0.428571 0.425106 0.0158265
0.571429 0.425106 0.0158265
0.714286 0.425106 0.0126918
0.857143 0.425106 0.00704344
1 0.425106 0
0 0.427607 0
0.142857 0.427607 0.00687477
0.285714 0.427607 0.0123879
0.428571 0.427607 0.0154475
0.571429 0.427607 0.0154475
0.714286 0.427607 0.0123879
0.857143 0.427607 0.00687477
1 0.427607 0
0 0.430108 0
0.142857 0.430108 0.00671013
0.285714 0.430108 0.0120912
0.428571 0.430108 0.0150775
0.571429 0.430108 0.0150775
0.714286 0.430108 0.0120912
0.857143 0.430108 0.00671013
1 0.430108 0
0 0.432608 0
0.142857 0.432608 0.00654944
0.285714 0.432608 0.0118017
0.428571 0.432608 0.0147165
0.571429 0.432608 0.0147165
0.714286 0.432608 0.0118017
0.857143 0.432608 0.00654944
1 0.432608 0
0 0.435109 0
0.142857 0.435109 0.00639259
0.285714 0.435109 0.0115191
0.428571 0.435109 0.014364
0.571429 0.435109 0.014364
0.714286 0.435109 0.0115191
0.857143 0.435109 0.00639259
1 0.435109 0
0 0.437609 0
0.142857 0.437609 0.0062395
0.285714 0.437609 0.0112432
0.428571 0.437609 0.01402
0.571429 0.437609 0.01402
0.714286 0.437609 0.0112432
0.857143 0.437609 0.0062395
1 0.437609 0
0 0.44011 0
0.142857 0.44011 0.00609008
0.285714 0.44011 0.0109739
0.428571 0.44011 0.0136843
0.571429 0.44011 0.0136843
0.714286 0.44011 0.0109739
0.857143 0.44011 0.00609008
1 0.44011 0
0 0.442611 0
0.142857 0.442611 0.00594424
0.285714 0.442611 0.0107111
0.428571 0.442611 0.0133566
0.571429 0.442611 0.0133566
0.714286 0.442611 0.0107111
0.857143 0.442611 0.00594424
1 0.442611 0
0 0.445111 0
0.142857 0.445111 0.00580188
0.285714 0.445111 0.0104546
0.428571 0.445111 0.0130367
0.571429 0.445111 0.0130367
0.714286 0.445111 0.0104546
0.857143 0.445111 0.00580188
1 0.445111 0
0 0.447612 0
0.142857 0.447612 0.00566294
0.285714 0.447612 0.0102043
0.428571 0.447612 0.0127245
0.571429 0.447612 0.0127245
0.714286 0.447612 0.0102043
0.857143 0.447612 0.00566294
1 0.447612 0
0 0.450113 0
0.142857 0.450113 0.00552733
0.285714 0.450113 0.0099599
0.428571 0.450113 0.0124198
0.571429 0.450113 0.0124198
0.714286 0.450113 0.0099599
0.857143 0.450113 0.00552733
1 0.450113 0
0 0.452613 0
0.142857 0.452613 0.00539496
0.285714 0.452613 0.00972138
0.428571 0.452613 0.0121224
0.571429 0.452613 0.0121224
0.714286 0.452613 0.00972138
0.857143 0.452613 0.00539496
1 0.452613 0
0 0.455114 0
0.142857 0.455114 0.00526576
0.285714 0.455114 0.00948857
0.428571 0.455114 0.0118321
0.571429 0.455114 0.0118321
0.714286 0.455114 0.00948857
0.857143 0.455114 0.00526576
1 0.455114 0
0 0.457614 0
0.142857 0.457614 0.00513966
0.285714 0.457614 0.00926134
0.428571 0.457614 0.0115487
0.571429 0.457614 0.0115487
0.714286 0.457614 0.00926134
0.857143 0.457614 0.00513966
1 0.457614 0
0 0.460115 0
0.142857 0.460115 0.00501657
0.285714 0.460115 0.00903955
0.428571 0.460115 0.0112721
0.571429 0.460115 0.0112721
0.714286 0.460115 0.00903955
0.857143 0.460115 0.00501657
1 0.460115 0
0 0.462616 0
0.142857 0.462616 0.00489644
0.285714 0.462616 0.00882307
0.428571 0.462616 0.0110022
0.571429 0.462616 0.0110022
0.714286 0.462616 0.00882307
0.857143 0.462616 0.00489644
1 0.462616 0
0 0.465116 0
0.142857 0.465116 0.00477918
0.285714 0.465116 0.00861178
0.428571 0.465116 0.0107387
0.571429 0.465116 0.0107387
0.714286 0.465116 0.00861178
0.857143 0.465116 0.00477918
1 0.465116 0
0 0.467617 0
0.142857 0.467617 0.00466473
0.285714 0.467617 0.00840555
0.428571 0.467617 0.0104815
0.571429 0.467617 0.0104815
0.714286 0.467617 0.00840555
0.857143 0.467617 0.00466473
1 0.467617 0
0 0.470118 0
0.142857 0.470118 0.00455302
0.285714 0.470118 0.00820425
0.428571 0.470118 0.0102305
0.571429 0.470118 0.0102305
0.714286 0.470118 0.00820425
0.857143 0.470118 0.00455302
1 0.470118 0
0 0.472618 0
0.142857 0.472618 0.00444398
0.285714 0.472618 0.00800778
0.428571 0.472618 0.00998553
0.571429 0.472618 0.00998553
0.714286 0.472618 0.00800778
0.857143 0.472618 0.00444398
1 0.472618 0
0 0.475119 0
0.142857 0.475119 0.00433756
0.285714 0.475119 0.00781601
0.428571 0.475119 0.0097464
0.571429 0.475119 0.0097464
0.714286 0.475119 0.00781601
0.857143 0.475119 0.00433756
1 0.475119 0
0 0.477619 0
0.142857 0.477619 0.00423368
0.285714 0.477619 0.00762883
0.428571 0.477619 0.009513
0.571429 0.477619 0.009513
0.714286 0.477619 0.00762883
0.857143 0.477619 0.00423368
1 0.477619 0
0 0.48012 0
0.142857 0.48012 0.00413229
0.285714 0.48012 0.00744614
0.428571 0.48012 0.00928518
0.571429 0.48012 0.00928518
0.714286 0.48012 0.00744614
0.857143 0.48012 0.00413229
1 0.48012 0
0 0.482621 0
0.142857 0.482621 0.00403333
0.285714 0.482621 0.00726782
0.428571 0.482621 0.00906282
0.571429 0.482621 0.00906282
0.714286 0.482621 0.00726782
0.857143 0.482621 0.00403333
1 0.482621 0
0 0.485121 0
0.142857 0.485121 0.00393674
0.285714 0.485121 0.00709377
0.428571 0.485121 0.00884578
0.571429 0.485121 0.00884578
0.714286 0.485121 0.00709377
0.857143 0.485121 0.00393674
1 0.485121 0
0 0.487622 0
0.142857 0.487622 0.00384247
0.285714 0.487622 0.00692389
0.428571 0.487622 0.00863395
0.571429 0.487622 0.00863395
0.714286 0.487622 0.00692389
0.857143 0.487622 0.00384247
1 0.487622 0
0 0.490123 0
0.142857 0.490123 0.00375045
0.285714 0.490123 0.00675807
0.428571 0.490123 0.00842718
0.571429 0.490123 0.00842718
0.714286 0.490123 0.00675807
0.857143 0.490123 0.00375045
1 0.490123 0
0 0.492623 0
0.142857 0.492623 0.00366063
0.285714 0.492623 0.00659623
0.428571 0.492623 0.00822537
0.571429 0.492623 0.00822537
0.714286 0.492623 0.00659623
0.857143 0.492623 0.00366063
1 0.492623 0
0 0.495124 0
0.142857 0.495124 0.00357297
0.285714 0.495124 0.00643827
0.428571 0.495124 0.00802839
0.571429 0.495124 0.00802839
0.714286 0.495124 0.00643827
0.857143 0.495124 0.00357297
1 0.495124 0
0 0.497624 0
0.142857 0.497624 0.0034874
0.285714 0.497624 0.00628408
0.428571 0.497624 0.00783613
0.571429 0.497624 0.00783613
0.714286 0.497624 0.00628408
0.857143 0.497624 0.0034874
1 0.497624 0
0 0.500125 0
0.142857 0.500125 0.00340389
0.285714 0.500125 0.00613359
0.428571 0.500125 0.00764847
0.571429 0.500125 0.00764847
0.714286 0.500125 0.00613359
0.857143 0.500125 0.00340389
1 0.500125 0
0 0.502626 0
0.142857 0.502626 0.00332237
0.285714 0.502626 0.00598671
0.428571 0.502626 0.0074653
0.571429 0.502626 0.0074653
0.714286 0.502626 0.00598671
0.857143 0.502626 0.00332237
1 0.502626 0
0 0.505126 0
0.142857 0.505126 0.00324281
0.285714 0.505126 0.00584334
0.428571 0.505126 0.00728652
0.571429 0.505126 0.00728652
0.714286 0.505126 0.00584334
0.857143 0.505126 0.00324281
1 0.505126 0
0 0.507627 0
0.142857 0.507627 0.00316515
0.285714 0.507627 0.0057034
0.428571 0.507627 0.00711203
0.571429 0.507627 0.00711203
0.714286 0.507627 0.0057034
0.857143 0.507627 0.00316515
1 0.507627 0
0 0.510128 0
0.142857 0.510128 0.00308935
0.285714 0.510128 0.00556682
0.428571 0.510128 0.00694171
0.571429 0.510128 0.00694171
0.714286 0.510128 0.00556682
0.857143 0.510128 0.00308935
1 0.510128 0
0 0.512628 0
0.142857 0.512628 0.00301537
0.285714 0.512628 0.00543351
0.428571 0.512628 0.00677547
0.571429 0.512628 0.00677547
0.714286 0.512628 0.00543351
0.857143 0.512628 0.00301537
1 0.512628 0
0 0.515129 0
0.142857 0.515129 0.00294316
0.285714 0.515129 0.00530338
0.428571 0.515129 0.00661321
0.571429 0.515129 0.00661321
0.714286 0.515129 0.00530338
0.857143 0.515129 0.00294316
1 0.515129 0
0 0.517629 0
0.142857 0.517629 0.00287267
0.285714 0.517629 0.00517638
0.428571 0.517629 0.00645484
0.571429 0.517629 0.00645484
0.714286 0.517629 0.00517638
0.857143 0.517629 0.00287267
1 0.517629 0
0 0.52013 0
0.142857 0.52013 0.00280388
0.285714 0.52013 0.00505242
0.428571 0.52013 0.00630026
0.571429 0.52013 0.00630026
0.714286 0.52013 0.00505242
0.857143 0.52013 0.00280388
1 0.52013 0
0 0.522631 0
0.142857 0.522631 0.00273673
0.285714 0.522631 0.00493142
0.428571 0.522631 0.00614938
0.571429 0.522631 0.00614938
0.714286 0.522631 0.00493142
0.857143 0.522631 0.00273673
1 0.522631 0
0 0.525131 0
0.142857 0.525131 0.00267119
0.285714 0.525131 0.00481332
0.428571 0.525131 0.00600212
0.571429 0.525131 0.00600212
0.714286 0.525131 0.00481332
0.857143 0.525131 0.00267119
1 0.525131 0
0 0.527632 0
0.142857 0.527632 0.00260722
0.285714 0.527632 0.00469806
0.428571 0.527632 0.00585838
0.571429 0.527632 0.00585838
0.714286 0.527632 0.00469806
0.857143 0.527632 0.00260722
1 0.527632 0
0 0.530133 0
0.142857 0.530133 0.00254479
0.285714 0.530133 0.00458555
0.428571 0.530133 0.00571808
0.571429 0.530133 0.00571808
0.714286 0.530133 0.00458555
0.857143 0.530133 0.00254479
1 0.530133 0
0 0.532633 0
0.142857 0.532633 0.00248384
0.285714 0.532633 0.00447573
0.428571 0.532633 0.00558115
0.571429 0.532633 0.00558115
0.714286 0.532633 0.00447573
0.857143 0.532633 0.00248384
1 0.532633 0
0 0.535134 0
0.142857 0.535134 0.00242436
0.285714 0.535134 0.00436855
0.428571 0.535134 0.00544749
0.571429 0.535134 0.00544749
0.714286 0.535134 0.00436855
0.857143 0.535134 0.00242436
1 0.535134 0
0 0.537634 0
0.142857 0.537634 0.0023663
0.285714 0.537634 0.00426393
0.428571 0.537634 0.00531703
0.571429 0.537634 0.00531703
0.714286 0.537634 0.00426393
0.857143 0.537634 0.0023663
1 0.537634 0
0 0.540135 0
0.142857 0.540135 0.00230964
0.285714 0.540135 0.00416182
0.428571 0.540135 0.0051897
0.571429 0.540135 0.0051897
0.714286 0.540135 0.00416182
0.857143 0.540135 0.00230964
1 0.540135 0
0 0.542636 0
0.142857 0.542636 0.00225432
0.285714 0.542636 0.00406215
0.428571 0.542636 0.00506542
0.571429 0.542636 0.00506542
0.714286 0.542636 0.00406215
0.857143 0.542636 0.00225432
1 0.542636 0
0 0.545136 0
0.142857 0.545136 0.00220034
0.285714 0.545136 0.00396487
0.428571 0.545136 0.00494411
0.571429 0.545136 0.00494411
0.714286 0.545136 0.00396487
0.857143 0.545136 0.00220034
1 0.545136 0
0 0.547637 0
0.142857 0.547637 0.00214764
0.285714 0.547637 0.00386992
0.428571 0.547637 0.00482571
0.571429 0.547637 0.00482571
0.714286 0.547637 0.00386992
0.857143 0.547637 0.00214764
1 0.547637 0
0 0.550138 0
0.142857 0.550138 0.00209621
0.285714 0.550138 0.00377725
0.428571 0.550138 0.00471015
0.571429 0.550138 0.00471015
0.714286 0.550138 0.00377725
0.857143 0.550138 0.00209621
1 0.550138 0
0 0.552638 0
0.142857 0.552638 0.00204601
0.285714 0.552638 0.00368679
0.428571 0.552638 0.00459735
0.571429 0.552638 0.00459735
0.714286 0.552638 0.00368679
0.857143 0.552638 0.00204601
1 0.552638 0
0 0.555139 0
0.142857 0.555139 0.00199702
0.285714 0.555139 0.0035985
0.428571 0.555139 0.00448725
0.571429 0.555139 0.00448725
0.714286 0.555139 0.0035985
0.857143 0.555139 0.00199702
1 0.555139 0
0 0.557639 0
0.142857 0.557639 0.00194919
0.285714 0.557639 0.00351232
0.428571 0.557639 0.00437979
0.571429 0.557639 0.00437979
0.714286 0.557639 0.00351232
0.857143 0.557639 0.00194919
1 0.557639 0
0 0.56014 0
0.142857 0.56014 0.00190251
0.285714 0.56014 0.00342821
0.428571 0.56014 0.00427491
0.571429 0.56014 0.00427491
0.714286 0.56014 0.00342821
0.857143 0.56014 0.00190251
1 0.56014 0
0 0.562641 0
0.142857 0.562641 0.00185695
0.285714 0.562641 0.00334611
0.428571 0.562641 0.00417253
0.571429 0.562641 0.00417253
0.714286 0.562641 0.00334611
0.857143 0.562641 0.00185695
1 0.562641 0
0 0.565141 0
0.142857 0.565141 0.00181248
0.285714 0.565141 0.00326598
0.428571 0.565141 0.00407261
0.571429 0.565141 0.00407261
0.714286 0.565141 0.00326598
0.857143 0.565141 0.00181248
1 0.565141 0
0 0.567642 0
0.142857 0.567642 0.00176908
0.285714 0.567642 0.00318776
0.428571 0.567642 0.00397508
0.571429 0.567642 0.00397508
0.714286 0.567642 0.00318776
0.857143 0.567642 0.00176908
1 0.567642 0
0 0.570143 0
0.142857 0.570143 0.00172671
0.285714 0.570143 0.00311142
0.428571 0.570143 0.00387988
0.571429 0.570143 0.00387988
0.714286 0.570143 0.00311142
0.857143 0.570143 0.00172671
1 0.570143 0
0 0.572643 0
0.142857 0.572643 0.00168536
0.285714 0.572643 0.00303691
0.428571 0.572643 0.00378697
0.571429 0.572643 0.00378697
0.714286 0.572643 0.00303691
0.857143 0.572643 0.00168536
1 0.572643 0
0 0.575144 0
0.142857 0.575144 0.001645
0.285714 0.575144 0.00296418
0.428571 0.575144 0.00369628
0.571429 0.575144 0.00369628
0.714286 0.575144 0.00296418
0.857143 0.575144 0.001645
1 0.575144 0
0 0.577644 0
0.142857 0.577644 0.0016056
0.285714 0.577644 0.0028932
0.428571 0.577644 0.00360776
0.571429 0.577644 0.00360776
0.714286 0.577644 0.0028932
0.857143 0.577644 0.0016056
1 0.577644 0
0 0.580145 0
0.142857 0.580145 0.00156715
0.285714 0.580145 0.00282391
0.428571 0.580145 0.00352136
0.571429 0.580145 0.00352136
0.714286 0.580145 0.00282391
0.857143 0.580145 0.00156715
1 0.580145 0
0 0.582646 0
0.142857 0.582646 0.00152962
0.285714 0.582646 0.00275629
0.428571 0.582646 0.00343703
0.571429 0.582646 0.00343703
0.714286 0.582646 0.00275629
0.857143 0.582646 0.00152962
1 0.582646 0
0 0.585146 0
0.142857 0.585146 0.00149299
0.285714 0.585146 0.00269028
0.428571 0.585146 0.00335472
0.571429 0.585146 0.00335472
0.714286 0.585146 0.00269028
0.857143 0.585146 0.00149299
1 0.585146 0
0 0.587647 0
0.142857 0.587647 0.00145724
0.285714 0.587647 0.00262585
0.428571 0.587647 0.00327438
0.571429 0.587647 0.00327438
0.714286 0.587647 0.00262585
0.857143 0.587647 0.00145724
1 0.587647 0
0 0.590148 0
0.142857 0.590148 0.00142234
0.285714 0.590148 0.00256297
0.428571 0.590148 0.00319597
0.571429 0.590148 0.00319597
0.714286 0.590148 0.00256297
0.857143 0.590148 0.00142234
1 0.590148 0
0 0.592648 0
0.142857 0.592648 0.00138828
0.285714 0.592648 0.00250159
0.428571 0.592648 0.00311943
0.571429 0.592648 0.00311943
0.714286 0.592648 0.00250159
0.857143 0.592648 0.00138828
1 0.592648 0
0 0.595149 0
0.142857 0.595149 0.00135503
0.285714 0.595149 0.00244168
0.428571 0.595149 0.00304473
0.571429 0.595149 0.00304473
0.714286 0.595149 0.00244168
0.857143 0.595149 0.00135503
1 0.595149 0
0 0.597649 0
0.142857 0.597649 0.00132258
0.285714 0.597649 0.00238321
0.428571 0.597649 0.00297181
0.571429 0.597649 0.00297181
0.714286 0.597649 0.00238321
0.857143 0.597649 0.00132258
1 0.597649 0
0 0.60015 0
0.142857 0.60015 0.00129091
0.285714 0.60015 0.00232614
0.428571 0.60015 0.00290065
0.571429 0.60015 0.00290065
0.714286 0.60015 0.00232614
0.857143 0.60015 0.00129091
1 0.60015 0
0 0.602651 0
0.142857 0.602651 0.00125999
0.285714 0.602651 0.00227043
0.428571 0.602651 0.00283118
0.571429 0.602651 0.00283118
0.714286 0.602651 0.00227043
0.857143 0.602651 0.00125999
1 0.602651 0
0 0.605151 0
0.142857 0.605151 0.00122982
0.285714 0.605151 0.00221606
0.428571 0.605151 0.00276338
0.571429 0.605151 0.00276338
0.714286 0.605151 0.00221606
0.857143 0.605151 0.00122982
1 0.605151 0
0 0.607652 0
0.142857 0.607652 0.00120037
0.285714 0.607652 0.00216299
0.428571 0.607652 0.0026972
0.571429 0.607652 0.0026972
0.714286 0.607652 0.00216299
0.857143 0.607652 0.00120037
1 0.607652 0
0 0.610153 0
0.142857 0.610153 0.00117162
0.285714 0.610153 0.00211119
0.428571 0.610153 0.00263261
0.571429 0.610153 0.00263261
0.714286 0.610153 0.00211119
0.857143 0.610153 0.00117162
1 0.610153 0
0 0.612653 0
0.142857 0.612653 0.00114356
0.285714 0.612653 0.00206063
0.428571 0.612653 0.00256957
0.571429 0.612653 0.00256957
0.714286 0.612653 0.00206063
0.857143 0.612653 0.00114356
1 0.612653 0
0 0.615154 0
0.142857 0.615154 0.00111618
0.285714 0.615154 0.00201128
0.428571 0.615154 0.00250803
0.571429 0.615154 0.00250803
0.714286 0.615154 0.00201128
0.857143 0.615154 0.00111618
1 0.615154 0
0 0.617654 0
0.142857 0.617654 0.00108945
0.285714 0.617654 0.00196312
0.428571 0.617654 0.00244797
0.571429 0.617654 0.00244797
0.714286 0.617654 0.00196312
0.857143 0.617654 0.00108945
1 0.617654 0
0 0.620155 0
0.142857 0.620155 0.00106336
0.285714 0.620155 0.00191611
0.428571 0.620155 0.00238934
0.571429 0.620155 0.00238934
0.714286 0.620155 0.00191611
0.857143 0.620155 0.00106336
1 0.620155 0
0 0.622656 0
0.142857 0.622656 0.00103789
0.285714 0.622656 0.00187022
0.428571 0.622656 0.00233212
0.571429 0.622656 0.00233212
0.714286 0.622656 0.00187022
0.857143 0.622656 0.00103789
1 0.622656 0
0 0.625156 0
0.142857 0.625156 0.00101304
0.285714 0.625156 0.00182543
0.428571 0.625156 0.00227628
0.571429 0.625156 0.00227628
0.714286 0.625156 0.00182543
0.857143 0.625156 0.00101304
1 0.625156 0
0 0.627657 0
0.142857 0.627657 0.000988778
0.285714 0.627657 0.00178172
0.428571 0.627657 0.00222176
0.571429 0.627657 0.00222176
0.714286 0.627657 0.00178172
0.857143 0.627657 0.000988778
1 0.627657 0
0 0.630158 0
0.142857 0.630158 0.000965099
0.285714 0.630158 0.00173905
0.428571 0.630158 0.00216856
0.571429 0.630158 0.00216856
0.714286 0.630158 0.00173905
0.857143 0.630158 0.000965099
1 0.630158 0
0 0.632658 0
0.142857 0.632658 0.000941987
0.285714 0.632658 0.0016974
0.428571 0.632658 0.00211662
0.571429 0.632658 0.00211662
0.714286 0.632658 0.0016974
0.857143 0.632658 0.000941987
1 0.632658 0
0 0.635159 0
0.142857 0.635159 0.000919428
0.285714 0.635159 0.00165675
0.428571 0.635159 0.00206594
0.571429 0.635159 0.00206594
0.714286 0.635159 0.00165675
0.857143 0.635159 0.000919428
1 0.635159 0
0 0.637659 0
0.142857 0.637659 0.00089741
0.285714 0.637659 0.00161708
0.428571 0.637659 0.00201646
0.571429 0.637659 0.00201646
0.714286 0.637659 0.00161708
0.857143 0.637659 0.00089741
1 0.637659 0
0 0.64016 0
0.142857 0.64016 0.000875919
0.285714 0.64016 0.00157835
0.428571 0.64016 0.00196817
0.571429 0.64016 0.00196817
0.714286 0.64016 0.00157835
0.857143 0.64016 0.000875919
1 0.64016 0
0 0.642661 0
0.142857 0.642661 0.000854942
0.285714 0.642661 0.00154055
0.428571 0.642661 0.00192104
0.571429 0.642661 0.00192104
0.714286 0.642661 0.00154055
0.857143 0.642661 0.000854942
1 0.642661 0
0 0.645161 0
0.142857 0.645161 0.000834468
0.285714 0.645161 0.00150366
0.428571 0.645161 0.00187503
0.571429 0.645161 0.00187503
0.714286 0.645161 0.00150366
0.857143 0.645161 0.000834468
1 0.645161 0
0 0.647662 0
0.142857 0.647662 0.000814484
0.285714 0.647662 0.00146765
0.428571 0.647662 0.00183013
0.571429 0.647662 0.00183013
0.714286 0.647662 0.00146765
0.857143 0.647662 0.000814484
1 0.647662 0
0 0.650163 0
0.142857 0.650163 0.000794979
0.285714 0.650163 0.0014325
0.428571 0.650163 0.0017863
0.571429 0.650163 0.0017863
0.714286 0.650163 0.0014325
0.857143 0.650163 0.000794979
1 0.650163 0
0 0.652663 0
0.142857 0.652663 0.000775941
0.285714 0.652663 0.0013982
0.428571 0.652663 0.00174352
0.571429 0.652663 0.00174352
0.714286 0.652663 0.0013982
0.857143 0.652663 0.000775941
1 0.652663 0
0 0.655164 0
0.142857 0.655164 0.000757359
0.285714 0.655164 0.00136471
0.428571 0.655164 0.00170177
0.571429 0.655164 0.00170177
0.714286 0.655164 0.00136471
0.857143 0.655164 0.000757359
1 0.655164 0
0 0.657664 0
0.142857 0.657664 0.000739222
0.285714 0.657664 0.00133203
0.428571 0.657664 0.00166102
0.571429 0.657664 0.00166102
0.714286 0.657664 0.00133203
0.857143 0.657664 0.000739222
1 0.657664 0
0 0.660165 0
0.142857 0.660165 0.000721519
0.285714 0.660165 0.00130013
0.428571 0.660165 0.00162124
0.571429 0.660165 0.00162124
0.714286 0.660165 0.00130013
0.857143 0.660165 0.000721519
1 0.660165 0
0 0.662666 0
0.142857 0.662666 0.00070424
0.285714 0.662666 0.001269
0.428571 0.662666 0.00158241
0.571429 0.662666 0.00158241
0.714286 0.662666 0.001269
0.857143 0.662666 0.00070424
1 0.662666 0
0 0.665166 0
0.142857 0.665166 0.000687375
0.285714 0.665166 0.00123861
0.428571 0.665166 0.00154452
0.571429 0.665166 0.00154452
0.714286 0.665166 0.00123861
0.857143 0.665166 0.000687375
1 0.665166 0
0 0.667667 0
0.142857 0.667667 0.000670914
0.285714 0.667667 0.00120895
0.428571 0.667667 0.00150753
0.571429 0.667667 0.00150753
0.714286 0.667667 0.00120895
0.857143 0.667667 0.000670914
1 0.667667 0
0 0.670168 0
0.142857 0.670168 0.000654847
0.285714 0.670168 0.00117999
0.428571 0.670168 0.00147143
0.571429 0.670168 0.00147143
0.714286 0.670168 0.00117999
0.857143 0.670168 0.000654847
1 0.670168 0
0 0.672668 0
0.142857 0.672668 0.000639165
0.285714 0.672668 0.00115174
0.428571 0.672668 0.00143619
0.571429 0.672668 0.00143619
0.714286 0.672668 0.00115174
0.857143 0.672668 0.000639165
1 0.672668 0
0 0.675169 0
0.142857 0.675169 0.000623858
0.285714 0.675169 0.00112415
0.428571 0.675169 0.0014018
0.571429 0.675169 0.0014018
0.714286 0.675169 0.00112415
0.857143 0.675169 0.000623858
1 0.675169 0
0 0.677669 0
0.142857 0.677669 0.000608918
0.285714 0.677669 0.00109723
0.428571 0.677669 0.00136823
0.571429 0.677669 0.00136823
0.714286 0.677669 0.00109723
0.857143 0.677669 0.000608918
1 0.677669 0
0 0.68017 0
0.142857 0.68017 0.000594336
0.285714 0.68017 0.00107096
0.428571 0.68017 0.00133546
0.571429 0.68017 0.00133546
0.714286 0.68017 0.00107096
0.857143 0.68017 0.000594336
1 0.68017 0
0 0.682671 0
0.142857 0.682671 0.000580103
0.285714 0.682671 0.00104531
0.428571 0.682671 0.00130348
0.571429 0.682671 0.00130348
0.714286 0.682671 0.00104531
0.857143 0.682671 0.000580103
1 0.682671 0
0 0.685171 0
0.142857 0.685171 0.00056621
0.285714 0.685171 0.00102028
0.428571 0.685171 0.00127226
0.571429 0.685171 0.00127226
0.714286 0.685171 0.00102028
0.857143 0.685171 0.00056621
1 0.685171 0
0 0.687672 0
0.142857 0.687672 0.000552651
0.285714 0.687672 0.000995843
0.428571 0.687672 0.0012418
0.571429 0.687672 0.0012418
0.714286 0.687672 0.000995843
0.857143 0.687672 0.000552651
1 0.687672 0
0 0.690173 0
0.142857 0.690173 0.000539416
0.285714 0.690173 0.000971994
0.428571 0.690173 0.00121206
0.571429 0.690173 0.00121206
0.714286 0.690173 0.000971994
0.857143 0.690173 0.000539416
1 0.690173 0
0 0.692673 0
0.142857 0.692673 0.000526498
0.285714 0.692673 0.000948717
0.428571 0.692673 0.00118303
0.571429 0.692673 0.00118303
0.714286 0.692673 0.000948717
0.857143 0.692673 0.000526498
1 0.692673 0
0 0.695174 0
0.142857 0.695174 0.00051389
0.285714 0.695174 0.000925997
0.428571 0.695174 0.0011547
0.571429 0.695174 0.0011547
0.714286 0.695174 0.000925997
0.857143 0.695174 0.00051389
1 0.695174 0
0 0.697674 0
0.142857 0.697674 0.000501583
0.285714 0.697674 0.000903822
0.428571 0.697674 0.00112705
0.571429 0.697674 0.00112705
0.714286 0.697674 0.000903822
0.857143 0.697674 0.000501583
1 0.697674 0
0 0.700175 0
0.142857 0.700175 0.000489571
0.285714 0.700175 0.000882177
0.428571 0.700175 0.00110006
0.571429 0.700175 0.00110006
0.714286 0.700175 0.000882177
0.857143 0.700175 0.000489571
1 0.700175 0
0 0.702676 0
0.142857 0.702676 0.000477847
0.285714 0.702676 0.000861051
0.428571 0.702676 0.00107371
0.571429 0.702676 0.00107371
0.714286 0.702676 0.000861051
0.857143 0.702676 0.000477847
1 0.702676 0
0 0.705176 0
0.142857 0.705176 0.000466404
0.285714 0.705176 0.00084043
0.428571 0.705176 0.001048
0.571429 0.705176 0.001048
0.714286 0.705176 0.00084043
0.857143 0.705176 0.000466404
1 0.705176 0
0 0.707677 0
0.142857 0.707677 0.000455234
0.285714 0.707677 0.000820304
0.428571 0.707677 0.0010229
0.571429 0.707677 0.0010229
0.714286 0.707677 0.000820304
0.857143 0.707677 0.000455234
1 0.707677 0
0 0.710178 0
0.142857 0.710178 0.000444332
0.285714 0.710178 0.000800659
0.428571 0.710178 0.000998406
0.571429 0.710178 0.000998406
0.714286 0.710178 0.000800659
0.857143 0.710178 0.000444332
1 0.710178 0
0 0.712678 0
0.142857 0.712678 0.000433692
0.285714 0.712678 0.000781485
0.428571 0.712678 0.000974496
0.571429 0.712678 0.000974496
0.714286 0.712678 0.000781485
0.857143 0.712678 0.000433692
1 0.712678 0
0 0.715179 0
0.142857 0.715179 0.000423306
0.285714 0.715179 0.00076277
0.428571 0.715179 0.000951159
0.571429 0.715179 0.000951159
0.714286 0.715179 0.00076277
0.857143 0.715179 0.000423306
1 0.715179 0
0 0.717679 0
0.142857 0.717679 0.000413168
0.285714 0.717679 0.000744504
0.428571 0.717679 0.000928381
0.571429 0.717679 0.000928381
0.714286 0.717679 0.000744504
0.857143 0.717679 0.000413168
1 0.717679 0
0 0.72018 0
0.142857 0.72018 0.000403274
0.285714 0.72018 0.000726674
0.428571 0.72018 0.000906148
0.571429 0.72018 0.000906148
0.714286 0.72018 0.000726674
0.857143 0.72018 0.000403274
1 0.72018 0
0 0.722681 0
0.142857 0.722681 0.000393616
0.285714 0.722681 0.000709272
0.428571 0.722681 0.000884448
0.571429 0.722681 0.000884448
0.714286 0.722681 0.000709272
0.857143 0.722681 0.000393616
1 0.722681 0
0 0.725181 0
0.142857 0.725181 0.00038419
0.285714 0.725181 0.000692286
0.428571 0.725181 0.000863267
0.571429 0.725181 0.000863267
0.714286 0.725181 0.000692286
0.857143 0.725181 0.00038419
1 0.725181 0
0 0.727682 0
0.142857 0.727682 0.000374989
0.285714 0.727682 0.000675708
0.428571 0.727682 0.000842594
0.571429 0.727682 0.000842594
0.714286 0.727682 0.000675708
0.857143 0.727682 0.000374989
1 0.727682 0
0 0.730183 0
0.142857 0.730183 0.000366009
0.285714 0.730183 0.000659526
0.428571 0.730183 0.000822415
0.571429 0.730183 0.000822415
0.714286 0.730183 0.000659526
0.857143 0.730183 0.000366009
1 0.730183 0
0 0.732683 0
0.142857 0.732683 0.000357244
0.285714 0.732683 0.000643732
0.428571 0.732683 0.00080272
0.571429 0.732683 0.00080272
0.714286 0.732683 0.000643732
0.857143 0.732683 0.000357244
1 0.732683 0
0 0.735184 0
0.142857 0.735184 0.000348689
0.285714 0.735184 0.000628316
0.428571 0.735184 0.000783497
0.571429 0.735184 0.000783497
0.714286 0.735184 0.000628316
0.857143 0.735184 0.000348689
1 0.735184 0
0 0.737684 0
0.142857 0.737684 0.000340338
0.285714 0.737684 0.000613269
0.428571 0.737684 0.000764734
0.571429 0.737684 0.000764734
0.714286 0.737684 0.000613269
0.857143 0.737684 0.000340338
1 0.737684 0
0 0.740185 0
0.142857 0.740185 0.000332188
0.285714 0.740185 0.000598582
0.428571 0.740185 0.00074642
0.571429 0.740185 0.00074642
0.714286 0.740185 0.000598582
0.857143 0.740185 0.000332188
1 0.740185 0
0 0.742686 0
0.142857 0.742686 0.000324233
0.285714 0.742686 0.000584247
0.428571 0.742686 0.000728545
0.571429 0.742686 0.000728545
0.714286 0.742686 0.000584247
0.857143 0.742686 0.000324233
1 0.742686 0
0 0.745186 0
0.142857 0.745186 0.000316468
0.285714 0.745186 0.000570256
0.428571 0.745186 0.000711098
0.571429 0.745186 0.000711098
0.714286 0.745186 0.000570256
0.857143 0.745186 0.000316468
1 0.745186 0
0 0.747687 0
0.142857 0.747687 0.000308889
0.285714 0.747687 0.0005566
0.428571 0.747687 0.000694068
0.571429 0.747687 0.000694068
0.714286 0.747687 0.0005566
0.857143 0.747687 0.000308889
1 0.747687 0
0 0.750188 0
0.142857 0.750188 0.000301492
0.285714 0.750188 0.00054327
0.428571 0.750188 0.000677447
0.571429 0.750188 0.000677447
0.714286 0.750188 0.00054327
0.857143 0.750188 0.000301492
1 0.750188 0
0 0.752688 0
0.142857 0.752688 0.000294272
0.285714 0.752688 0.00053026
0.428571 0.752688 0.000661223
0.571429 0.752688 0.000661223
0.714286 0.752688 0.00053026
0.857143 0.752688 0.000294272
1 0.752688 0
0 0.755189 0
0.142857 0.755189 0.000287225
0.285714 0.755189 0.000517561
0.428571 0.755189 0.000645389
0.571429 0.755189 0.000645389
0.714286 0.755189 0.000517561
0.857143 0.755189 0.000287225
1 0.755189 0
0 0.757689 0
0.142857 0.757689 0.000280346
0.285714 0.757689 0.000505167
0.428571 0.757689 0.000629933
0.571429 0.757689 0.000629933
0.714286 0.757689 0.000505167
0.857143 0.757689 0.000280346
1 0.757689 0
0 0.76019 0
0.142857 0.76019 0.000273633
0.285714 0.76019 0.000493069
0.428571 0.76019 0.000614847
0.571429 0.76019 0.000614847
0.714286 0.76019 0.000493069
0.857143 0.76019 0.000273633
1 0.76019 0
0 0.762691 0
0.142857 0.762691 0.00026708
0.285714 0.762691 0.000481261
0.428571 0.762691 0.000600123
0.571429 0.762691 0.000600123
0.714286 0.762691 0.000481261
0.857143 0.762691 0.00026708
1 0.762691 0
0 0.765191 0
0.142857 0.765191 0.000260684
0.285714 0.765191 0.000469736
0.428571 0.765191 0.000585751
0.571429 0.765191 0.000585751
0.714286 0.765191 0.000469736
0.857143 0.765191 0.000260684
1 0.765191 0
0 0.767692 0
0.142857 0.767692 0.000254441
0.285714 0.767692 0.000458487
0.428571 0.767692 0.000571724
0.571429 0.767692 0.000571724
0.714286 0.767692 0.000458487
0.857143 0.767692 0.000254441
1 0.767692 0
0 0.770193 0
0.142857 0.770193 0.000248348
0.285714 0.770193 0.000447507
0.428571 0.770193 0.000558032
0.571429 0.770193 0.000558032
0.714286 0.770193 0.000447507
0.857143 0.770193 0.000248348
1 0.770193 0
0 0.772693 0
0.142857 0.772693 0.0002424
0.285714 0.772693 0.00043679
0.428571 0.772693 0.000544669
0.571429 0.772693 0.000544669
0.714286 0.772693 0.00043679
0.857143 0.772693 0.0002424
1 0.772693 0
0 0.775194 0
0.142857 0.775194 0.000236595
0.285714 0.775194 0.00042633
0.428571 0.775194 0.000531625
0.571429 0.775194 0.000531625
0.714286 0.775194 0.00042633
0.857143 0.775194 0.000236595
1 0.775194 0
0 0.777694 0
0.142857 0.777694 0.000230929
0.285714 0.777694 0.00041612
0.428571 0.777694 0.000518894
0.571429 0.777694 0.000518894
0.714286 0.777694 0.00041612
0.857143 0.777694 0.000230929
1 0.777694 0
0 0.780195 0
0.142857 0.780195 0.000225399
0.285714 0.780195 0.000406155
0.428571 0.780195 0.000506467
0.571429 0.780195 0.000506467
0.714286 0.780195 0.000406155
0.857143 0.780195 0.000225399
1 0.780195 0
0 0.782696 0
0.142857 0.782696 0.000220001
0.285714 0.782696 0.000396429
0.428571 0.782696 0.000494338
0.571429 0.782696 0.000494338
0.714286 0.782696 0.000396429
0.857143 0.782696 0.000220001
1 0.782696 0
0 0.785196 0
0.142857 0.785196 0.000214733
0.285714 0.785196 0.000386935
0.428571 0.785196 0.0004825
0.571429 0.785196 0.0004825
0.714286 0.785196 0.000386935
0.857143 0.785196 0.000214733
1 0.785196 0
0 0.787697 0
0.142857 0.787697 0.00020959
0.285714 0.787697 0.000377669
0.428571 0.787697 0.000470945
0.571429 0.787697 0.000470945
0.714286 0.787697 0.000377669
0.857143 0.787697 0.00020959
1 0.787697 0
0 0.790198 0
0.142857 0.790198 0.000204571
0.285714 0.790198 0.000368624
0.428571 0.790198 0.000459667
0.571429 0.790198 0.000459667
0.714286 0.790198 0.000368624
0.857143 0.790198 0.000204571
1 0.790198 0
0 0.792698 0
0.142857 0.792698 0.000199672
0.285714 0.792698 0.000359797
0.428571 0.792698 0.000448659
0.571429 0.792698 0.000448659
0.714286 0.792698 0.000359797
0.857143 0.792698 0.000199672
1 0.792698 0
0 0.795199 0
0.142857 0.795199 0.00019489
0.285714 0.795199 0.00035118
0.428571 0.795199 0.000437915
0.571429 0.795199 0.000437915
0.714286 0.795199 0.00035118
0.857143 0.795199 0.00019489
1 0.795199 0
0 0.797699 0
0.142857 0.797699 0.000190223
0.285714 0.797699 0.00034277
0.428571 0.797699 0.000427427
0.571429 0.797699 0.000427427
0.714286 0.797699 0.00034277
0.857143 0.797699 0.000190223
1 0.797699 0
0 0.8002 0
0.142857 0.8002 0.000185668
0.285714 0.8002 0.000334562
0.428571 0.8002 0.000417191
0.571429 0.8002 0.000417191
0.714286 0.8002 0.000334562
0.857143 0.8002 0.000185668
1 0.8002 0
0 0.802701 0
0.142857 0.802701 0.000181221
0.285714 0.802701 0.00032655
0.428571 0.802701 0.000407201
0.571429 0.802701 0.000407201
0.714286 0.802701 0.00032655
0.857143 0.802701 0.000181221
1 0.802701 0
0 0.805201 0
0.142857 0.805201 0.000176881
0.285714 0.805201 0.000318729
0.428571 0.805201 0.000397449
0.571429 0.805201 0.000397449
0.714286 0.805201 0.000318729
0.857143 0.805201 0.000176881
1 0.805201 0
0 0.807702 0
0.142857 0.807702 0.000172646
0.285714 0.807702 0.000311096
0.428571 0.807702 0.000387931
0.571429 0.807702 0.000387931
0.714286 0.807702 0.000311096
0.857143 0.807702 0.000172646
1 0.807702 0
0 0.810203 0
0.142857 0.810203 0.000168511
0.285714 0.810203 0.000303646
0.428571 0.810203 0.000378641
0.571429 0.810203 0.000378641
0.714286 0.810203 0.000303646
0.857143 0.810203 0.000168511
1 0.810203 0
0 0.812703 0
0.142857 0.812703 0.000164476
0.285714 0.812703 0.000296375
0.428571 0.812703 0.000369573
0.571429 0.812703 0.000369573
0.714286 0.812703 0.000296375
0.857143 0.812703 0.000164476
1 0.812703 0
0 0.815204 0
0.142857 0.815204 0.000160537
0.285714 0.815204 0.000289277
0.428571 0.815204 0.000360723
0.571429 0.815204 0.000360723
0.714286 0.815204 0.000289277
0.857143 0.815204 0.000160537
1 0.815204 0
0 0.817704 0
0.142857 0.817704 0.000156692
0.285714 0.817704 0.00028235
0.428571 0.817704 0.000352084
0.571429 0.817704 0.000352084
0.714286 0.817704 0.00028235
0.857143 0.817704 0.000156692
1 0.817704 0
0 0.820205 0
0.142857 0.820205 0.00015294
0.285714 0.820205 0.000275588
0.428571 0.820205 0.000343652
0.571429 0.820205 0.000343652
0.714286 0.820205 0.000275588
0.857143 0.820205 0.00015294
1 0.820205 0
0 0.822706 0
0.142857 0.822706 0.000149277
0.285714 0.822706 0.000268988
0.428571 0.822706 0.000335423
0.571429 0.822706 0.000335423
0.714286 0.822706 0.000268988
0.857143 0.822706 0.000149277
1 0.822706 0
0 0.825206 0
0.142857 0.825206 0.000145702
0.285714 0.825206 0.000262546
0.428571 0.825206 0.00032739
0.571429 0.825206 0.00032739
0.714286 0.825206 0.000262546
0.857143 0.825206 0.000145702
1 0.825206 0
0 0.827707 0
0.142857 0.827707 0.000142213
0.285714 0.827707 0.000256259
0.428571 0.827707 0.00031955
0.571429 0.827707 0.00031955
0.714286 0.827707 0.000256259
0.857143 0.827707 0.000142213
1 0.827707 0
0 0.830208 0
0.142857 0.830208 0.000138807
0.285714 0.830208 0.000250122
0.428571 0.830208 0.000311897
0.571429 0.830208 0.000311897
0.714286 0.830208 0.000250122
0.857143 0.830208 0.000138807
1 0.830208 0
0 0.832708 0
0.142857 0.832708 0.000135483
0.285714 0.832708 0.000244132
0.428571 0.832708 0.000304428
0.571429 0.832708 0.000304428
0.714286 0.832708 0.000244132
0.857143 0.832708 0.000135483
1 0.832708 0
0 0.835209 0
0.142857 0.835209 0.000132239
0.285714 0.835209 0.000238286
0.428571 0.835209 0.000297138
0.571429 0.835209 0.000297138
0.714286 0.835209 0.000238286
0.857143 0.835209 0.000132239
1 0.835209 0
0 0.837709 0
0.142857 0.837709 0.000129072
0.285714 0.837709 0.000232579
0.428571 0.837709 0.000290022
0.571429 0.837709 0.000290022
0.714286 0.837709 0.000232579
0.857143 0.837709 0.000129072
1 0.837709 0
0 0.84021 0
0.142857 0.84021 0.000125981
0.285714 0.84021 0.00022701
0.428571 0.84021 0.000283076
0.571429 0.84021 0.000283076
0.714286 0.84021 0.00022701
0.857143 0.84021 0.000125981
1 0.84021 0
0 0.842711 0
0.142857 0.842711 0.000122964
0.285714 0.842711 0.000221573
0.428571 0.842711 0.000276297
0.571429 0.842711 0.000276297
0.714286 0.842711 0.000221573
0.857143 0.842711 0.000122964
1 0.842711 0
0 0.845211 0
0.142857 0.845211 0.000120019
0.285714 0.845211 0.000216267
0.428571 0.845211 0.000269681
0.571429 0.845211 0.000269681
0.714286 0.845211 0.000216267
0.857143 0.845211 0.000120019
1 0.845211 0
0 0.847712 0
0.142857 0.847712 0.000117145
0.285714 0.847712 0.000211088
0.428571 0.847712 0.000263222
0.571429 0.847712 0.000263222
0.714286 0.847712 0.000211088
0.857143 0.847712 0.000117145
1 0.847712 0
0 0.850213 0
0.142857 0.850213 0.00011434
0.285714 0.850213 0.000206033
0.428571 0.850213 0.000256919
0.571429 0.850213 0.000256919
0.714286 0.850213 0.000206033
0.857143 0.850213 0.00011434
1 0.850213 0
0 0.852713 0
0.142857 0.852713 0.000111601
0.285714 0.852713 0.000201099
0.428571 0.852713 0.000250766
0.571429 0.852713 0.000250766
0.714286 0.852713 0.000201099
0.857143 0.852713 0.000111601
1 0.852713 0
0 0.855214 0
0.142857 0.855214 0.000108929
0.285714 0.855214 0.000196283
0.428571 0.855214 0.000244761
0.571429 0.855214 0.000244761
0.714286 0.855214 0.000196283
0.857143 0.855214 0.000108929
1 0.855214 0
0 0.857714 0
0.142857 0.857714 0.00010632
0.285714 0.857714 0.000191582
0.428571 0.857714 0.000238899
0.571429 0.857714 0.000238899
0.714286 0.857714 0.000191582
0.857143 0.857714 0.00010632
1 0.857714 0
0 0.860215 0
0.142857 0.860215 0.000103774
0.285714 0.860215 0.000186994
0.428571 0.860215 0.000233178
0.571429 0.860215 0.000233178
0.714286 0.860215 0.000186994
0.857143 0.860215 0.000103774
1 0.860215 0
0 0.862716 0
0.142857 0.862716 0.000101289
0.285714 0.862716 0.000182516
0.428571 0.862716 0.000227594
0.571429 0.862716 0.000227594
0.714286 0.862716 0.000182516
0.857143 0.862716 0.000101289
1 0.862716 0
0 0.865216 0
0.142857 0.865216 9.88632e-05
0.285714 0.865216 0.000178145
0.428571 0.865216 0.000222144
0.571429 0.865216 0.000222144
0.714286 0.865216 0.000178145
0.857143 0.865216 9.88632e-05
1 0.865216 0
0 0.867717 0
0.142857 0.867717 9.64956e-05
0.285714 0.867717 0.000173879
0.428571 0.867717 0.000216824
0.571429 0.867717 0.000216824
0.714286 0.867717 0.000173879
0.857143 0.867717 9.64956e-05
1 0.867717 0
0 0.870218 0
0.142857 0.870218 9.41847e-05
0.285714 0.870218 0.000169715
0.428571 0.870218 0.000211631
0.571429 0.870218 0.000211631
0.714286 0.870218 0.000169715
0.857143 0.870218 9.41847e-05
1 0.870218 0
0 0.872718 0
0.142857 0.872718 9.19292e-05
0.285714 0.872718 0.000165651
0.428571 0.872718 0.000206563
0.571429 0.872718 0.000206563
0.714286 0.872718 0.000165651
0.857143 0.872718 9.19292e-05
1 0.872718 0
0 0.875219 0
0.142857 0.875219 8.97277e-05
0.285714 0.875219 0.000161684
0.428571 0.875219 0.000201616
0.571429 0.875219 0.000201616
0.714286 0.875219 0.000161684
0.857143 0.875219 8.97277e-05
1 0.875219 0
0 0.877719 0
0.142857 0.877719 8.75789e-05
0.285714 0.877719 0.000157812
0.428571 0.877719 0.000196788
0.571429 0.877719 0.000196788
0.714286 0.877719 0.000157812
0.857143 0.877719 8.75789e-05
1 0.877719 0
0 0.88022 0
0.142857 0.88022 8.54816e-05
0.285714 0.88022 0.000154032
0.428571 0.88022 0.000192075
0.571429 0.88022 0.000192075
0.714286 0.88022 0.000154032
0.857143 0.88022 8.54816e-05
1 0.88022 0
0 0.882721 0
0.142857 0.882721 8.34345e-05
0.285714 0.882721 0.000150344
0.428571 0.882721 0.000187476
0.571429 0.882721 0.000187476
0.714286 0.882721 0.000150344
0.857143 0.882721 8.34345e-05
1 0.882721 0
0 0.885221 0
0.142857 0.885221 8.14364e-05
0.285714 0.885221 0.000146743
0.428571 0.885221 0.000182986
0.571429 0.885221 0.000182986
0.714286 0.885221 0.000146743
0.857143 0.885221 8.14364e-05
1 0.885221 0
0 0.887722 0
0.142857 0.887722 7.94862e-05
0.285714 0.887722 0.000143229
0.428571 0.887722 0.000178604
0.571429 0.887722 0.000178604
0.714286 0.887722 0.000143229
0.857143 0.887722 7.94862e-05
1 0.887722 0
0 0.890223 0
0.142857 0.890223 7.75826e-05
0.285714 0.890223 0.000139799
0.428571 0.890223 0.000174327
0.571429 0.890223 0.000174327
0.714286 0.890223 0.000139799
0.857143 0.890223 7.75826e-05
1 0.890223 0
0 0.892723 0
0.142857 0.892723 7.57247e-05
0.285714 0.892723 0.000136451
0.428571 0.892723 0.000170152
0.571429 0.892723 0.000170152
0.714286 0.892723 0.000136451
0.857143 0.892723 7.57247e-05
1 0.892723 0
0 0.895224 0
0.142857 0.895224 7.39113e-05
0.285714 0.895224 0.000133183
0.428571 0.895224 0.000166077
0.571429 0.895224 0.000166077
0.714286 0.895224 0.000133183
0.857143 0.895224 7.39113e-05
1 0.895224 0
0 0.897724 0
0.142857 0.897724 7.21412e-05
0.285714 0.897724 0.000129994
0.428571 0.897724 0.0001621
0.571429 0.897724 0.0001621
0.714286 0.897724 0.000129994
0.857143 0.897724 7.21412e-05
1 0.897724 0
0 0.900225 0
0.142857 0.900225 7.04136e-05
0.285714 0.900225 0.000126881
0.428571 0.900225 0.000158218
0.571429 0.900225 0.000158218
0.714286 0.900225 0.000126881
0.857143 0.900225 7.04136e-05
1 0.900225 0
0 0.902726 0
0.142857 0.902726 6.87274e-05
0.285714 0.902726 0.000123842
0.428571 0.902726 0.000154429
0.571429 0.902726 0.000154429
0.714286 0.902726 0.000123842
0.857143 0.902726 6.87274e-05
1 0.902726 0
0 0.905226 0
0.142857 0.905226 6.70815e-05
0.285714 0.905226 0.000120877
0.428571 0.905226 0.000150731
0.571429 0.905226 0.000150731
0.714286 0.905226 0.000120877
0.857143 0.905226 6.70815e-05
1 0.905226 0
0 0.907727 0
0.142857 0.907727 6.5475e-05
0.285714 0.907727 0.000117982
0.428571 0.907727 0.000147121
0.571429 0.907727 0.000147121
0.714286 0.907727 0.000117982
0.857143 0.907727 6.5475e-05
1 0.907727 0
0 0.910228 0
0.142857 0.910228 6.3907e-05
0.285714 0.910228 0.000115156
0.428571 0.910228 0.000143598
0.571429 0.910228 0.000143598
0.714286 0.910228 0.000115156
0.857143 0.910228 6.3907e-05
1 0.910228 0
0 0.912728 0
0.142857 0.912728 6.23766e-05
0.285714 0.912728 0.000112399
0.428571 0.912728 0.000140159
0.571429 0.912728 0.000140159
0.714286 0.912728 0.000112399
0.857143 0.912728 6.23766e-05
1 0.912728 0
0 0.915229 0
0.142857 0.915229 6.08828e-05
0.285714 0.915229 0.000109707
0.428571 0.915229 0.000136802
0.571429 0.915229 0.000136802
0.714286 0.915229 0.000109707
0.857143 0.915229 6.08828e-05
1 0.915229 0
0 0.917729 0
0.142857 0.917729 5.94248e-05
0.285714 0.917729 0.00010708
0.428571 0.917729 0.000133526
0.571429 0.917729 0.000133526
0.714286 0.917729 0.00010708
0.857143 0.917729 5.94248e-05
1 0.917729 0
0 0.92023 0
0.142857 0.92023 5.80017e-05
0.285714 0.92023 0.000104515
0.428571 0.92023 0.000130329
0.571429 0.92023 0.000130329
0.714286 0.92023 0.000104515
0.857143 0.92023 5.80017e-05
1 0.92023 0
0 0.922731 0
0.142857 0.922731 5.66127e-05
0.285714 0.922731 0.000102013
0.428571 0.922731 0.000127208
0.571429 0.922731 0.000127208
0.714286 0.922731 0.000102013
0.857143 0.922731 5.66127e-05
1 0.922731 0
0 0.925231 0
0.142857 0.925231 5.52569e-05
0.285714 0.925231 9.95695e-05
0.428571 0.925231 0.000124161
0.571429 0.925231 0.000124161
0.714286 0.925231 9.95695e-05
0.857143 0.925231 5.52569e-05
1 0.925231 0
0 0.927732 0
0.142857 0.927732 5.39336e-05
0.285714 0.927732 9.71851e-05
0.428571 0.927732 0.000121188
0.571429 0.927732 0.000121188
0.714286 0.927732 9.71851e-05
0.857143 0.927732 5.39336e-05
1 0.927732 0
0 0.930233 0
0.142857 0.930233 5.2642e-05
0.285714 0.930233 9.48577e-05
0.428571 0.930233 0.000118286
0.571429 0.930233 0.000118286
0.714286 0.930233 9.48577e-05
0.857143 0.930233 5.2642e-05
1 0.930233 0
0 0.932733 0
0.142857 0.932733 5.13814e-05
0.285714 0.932733 9.2586e-05
0.428571 0.932733 0.000115453
0.571429 0.932733 0.000115453
0.714286 0.932733 9.2586e-05
0.857143 0.932733 5.13814e-05
1 0.932733 0
0 0.935234 0
0.142857 0.935234 5.01509e-05
0.285714 0.935234 9.03688e-05
0.428571 0.935234 0.000112688
0.571429 0.935234 0.000112688
0.714286 0.935234 9.03688e-05
0.857143 0.935234 5.01509e-05
1 0.935234 0
0 0.937734 0
0.142857 0.937734 4.89499e-05
0.285714 0.937734 8.82047e-05
0.428571 0.937734 0.000109989
0.571429 0.937734 0.000109989
0.714286 0.937734 8.82047e-05
0.857143 0.937734 4.89499e-05
1 0.937734 0
0 0.940235 0
0.142857 0.940235 4.77776e-05
0.285714 0.940235 8.60923e-05
0.428571 0.940235 0.000107355
0.571429 0.940235 0.000107355
0.714286 0.940235 8.60923e-05
0.857143 0.940235 4.77776e-05
1 0.940235 0
0 0.942736 0
0.142857 0.942736 4.66335e-05
0.285714 0.942736 8.40306e-05
0.428571 0.942736 0.000104784
0.571429 0.942736 0.000104784
0.714286 0.942736 8.40306e-05
0.857143 0.942736 4.66335e-05
1 0.942736 0
0 0.945236 0
0.142857 0.945236 4.55167e-05
0.285714 0.945236 8.20183e-05
0.428571 0.945236 0.000102275
0.571429 0.945236 0.000102275
0.714286 0.945236 8.20183e-05
0.857143 0.945236 4.55167e-05
1 0.945236 0
0 0.947737 0
0.142857 0.947737 4.44267e-05
0.285714 0.947737 8.00541e-05
0.428571 0.947737 9.98258e-05
0.571429 0.947737 9.98258e-05
0.714286 0.947737 8.00541e-05
0.857143 0.947737 4.44267e-05
1 0.947737 0
0 0.950238 0
0.142857 0.950238 4.33627e-05
0.285714 0.950238 7.8137e-05
0.428571 0.950238 9.74352e-05
0.571429 0.950238 9.74352e-05
0.714286 0.950238 7.8137e-05
0.857143 0.950238 4.33627e-05
1 0.950238 0
0 0.952738 0
0.142857 0.952738 4.23243e-05
0.285714 0.952738 7.62658e-05
0.428571 0.952738 9.51018e-05
0.571429 0.952738 9.51018e-05
0.714286 0.952738 7.62658e-05
0.857143 0.952738 4.23243e-05
1 0.952738 0
0 0.955239 0
0.142857 0.955239 4.13107e-05
0.285714 0.955239 7.44394e-05
0.428571 0.955239 9.28244e-05
0.571429 0.955239 9.28244e-05
0.714286 0.955239 7.44394e-05
0.857143 0.955239 4.13107e-05
1 0.955239 0
0 0.957739 0
0.142857 0.957739 4.03214e-05
0.285714 0.957739 7.26567e-05
0.428571 0.957739 9.06014e-05
0.571429 0.957739 9.06014e-05
0.714286 0.957739 7.26567e-05
0.857143 0.957739 4.03214e-05
1 0.957739 0
0 0.96024 0
0.142857 0.96024 3.93558e-05
0.285714 0.96024 7.09167e-05
0.428571 0.96024 8.84317e-05
0.571429 0.96024 8.84317e-05
0.714286 0.96024 7.09167e-05
0.857143 0.96024 3.93558e-05
1 0.96024 0
0 0.962741 0
0.142857 0.962741 3.84133e-05
0.285714 0.962741 6.92184e-05
0.428571 0.962741 8.63139e-05
0.571429 0.962741 8.63139e-05
0.714286 0.962741 6.92184e-05
0.857143 0.962741 3.84133e-05
1 0.962741 0
0 0.965241 0
0.142857 0.965241 3.74934e-05
0.285714 0.965241 6.75608e-05
0.428571 0.965241 8.42469e-05
0.571429 0.965241 8.42469e-05
0.714286 0.965241 6.75608e-05
0.857143 0.965241 3.74934e-05
1 0.965241 0
0 0.967742 0
0.142857 0.967742 3.65955e-05
0.285714 0.967742 6.59428e-05
0.428571 0.967742 8.22294e-05
0.571429 0.967742 8.22294e-05
0.714286 0.967742 6.59428e-05
0.857143 0.967742 3.65955e-05
1 0.967742 0
0 0.970243 0
0.142857 0.970243 3.57191e-05
0.285714 0.970243 6.43636e-05
0.428571 0.970243 8.02602e-05
0.571429 0.970243 8.02602e-05
0.714286 0.970243 6.43636e-05
0.857143 0.970243 3.57191e-05
1 0.970243 0
0 0.972743 0
0.142857 0.972743 3.48637e-05
0.285714 0.972743 6.28223e-05
0.428571 0.972743 7.83381e-05
0.571429 0.972743 7.83381e-05
0.714286 0.972743 6.28223e-05
0.857143 0.972743 3.48637e-05
1 0.972743 0
0 0.975244 0
0.142857 0.975244 3.40288e-05
0.285714 0.975244 6.13178e-05
0.428571 0.975244 7.64621e-05
0.571429 0.975244 7.64621e-05
0.714286 0.975244 6.13178e-05
0.857143 0.975244 3.40288e-05
1 0.975244 0
0 0.977744 0
0.142857 0.977744 3.32139e-05
0.285714 0.977744 5.98494e-05
0.428571 0.977744 7.4631e-05
0.571429 0.977744 7.4631e-05
0.714286 0.977744 5.98494e-05
0.857143 0.977744 3.32139e-05
1 0.977744 0
0 0.980245 0
0.142857 0.980245 3.24185e-05
0.285714 0.980245 5.84161e-05
0.428571 0.980245 7.28437e-05
0.571429 0.980245 7.28437e-05
0.714286 0.980245 5.84161e-05
0.857143 0.980245 3.24185e-05
1 0.980245 0
0 0.982746 0
0.142857 0.982746 3.16421e-05
0.285714 0.982746 5.70172e-05
0.428571 0.982746 7.10993e-05
0.571429 0.982746 7.10993e-05
0.714286 0.982746 5.70172e-05
0.857143 0.982746 3.16421e-05
1 0.982746 0
0 0.985246 0
0.142857 0.985246 3.08844e-05
0.285714 0.985246 5.56517e-05
0.428571 0.985246 6.93966e-05
0.571429 0.985246 6.93966e-05
0.714286 0.985246 5.56517e-05
0.857143 0.985246 3.08844e-05
1 0.985246 0
0 0.987747 0
0.142857 0.987747 3.01448e-05
0.285714 0.987747 5.4319e-05
0.428571 0.987747 6.77347e-05
0.571429 0.987747 6.77347e-05
0.714286 0.987747 5.4319e-05
0.857143 0.987747 3.01448e-05
1 0.987747 0
0 0.990248 0
0.142857 0.990248 2.94229e-05
0.285714 0.990248 5.30182e-05
0.428571 0.990248 6.61126e-05
0.571429 0.990248 6.61126e-05
0.714286 0.990248 5.30182e-05
0.857143 0.990248 2.94229e-05
1 0.990248 0
0 0.992748 0
0.142857 0.992748 2.87182e-05
0.285714 0.992748 5.17485e-05
0.428571 0.992748 6.45293e-05
0.571429 0.992748 6.45293e-05
0.714286 0.992748 5.17485e-05
0.857143 0.992748 2.87182e-05
1 0.992748 0
0 0.995249 0
0.142857 0.995249 2.80305e-05
0.285714 0.995249 5.05092e-05
0.428571 0.995249 6.2984e-05
0.571429 0.995249 6.2984e-05
0.714286 0.995249 5.05092e-05
0.857143 0.995249 2.80305e-05
1 0.995249 0
0 0.997749 0
0.142857 0.997749 2.73592e-05
0.285714 0.997749 4.92996e-05
0.428571 0.997749 6.14756e-05
0.571429 0.997749 6.14756e-05
0.714286 0.997749 4.92996e-05
0.857143 0.997749 2.73592e-05
1 0.997749 0
